interval,cpu,numcontainers,baseips,ipsavailable,ipscap,apparentips,ram,ram_s,ram_r,ram_w,ramavailable_s,ramavailable_r,ramavailable_w,disk,diskavailable,cpufailures,ramfailures
1,"[3.8222884090345, 0.0, 0.0, 0.0, 0.0, 0.0]","[1, 0, 0, 0, 0, 0]","[60.101702290525225, 0, 0, 0, 0, 0]","[3968.8982977094747, 8102, 16111, 4029, 8102, 16111]","[4029, 8102, 16111, 4029, 8102, 16111]","[154, 0, 0, 0, 0, 0]","[1.692684516880093, 0.0, 0.0, 0.0, 0.0, 0.0]","[72.7008, 0, 0, 0, 0, 0]","[0.004933333333333334, 0, 0, 0, 0, 0]","[0.0036, 0, 0, 0, 0, 0]","[4222.2992, 17180, 34360, 4295, 17180, 34360]","[371.9950666666667, 360.0, 376.54, 372.0, 360.0, 376.54]","[199.9964, 305.0, 266.75, 200.0, 305.0, 266.75]","[(3, 0.0, 0.0009055555555555556), (0, 0, 0), (0, 0, 0), (0, 0, 0), (0, 0, 0), (0, 0, 0)]","[(4023, 67.1, 10.109094444444445), (16105, 51.900000000000006, 6.1899999999999995), (32212, 58.2, 11.639999999999999), (4026, 67.1, 10.11), (16105, 51.900000000000006, 6.1899999999999995), (32212, 58.2, 11.639999999999999)]","[0, 0, 0, 0, 0, 0]","[0, 0, 0, 0, 0, 0]"
2,"[12.757508066517747, 0.0, 0.0, 0.0, 0.0, 0.0]","[4, 0, 0, 0, 0, 0]","[294.29443655711634, 0, 0, 0, 0, 0]","[3734.7055634428834, 8102, 16111, 4029, 8102, 16111]","[4029, 8102, 16111, 4029, 8102, 16111]","[514, 0, 0, 0, 0, 0]","[3.3517733798991074, 0.0, 0.0, 0.0, 0.0, 0.0]","[143.95866666666666, 0, 0, 0, 0, 0]","[0.006266666666666667, 0, 0, 0, 0, 0]","[0.006666666666666667, 0, 0, 0, 0, 0]","[4151.041333333334, 17180, 34360, 4295, 17180, 34360]","[371.99373333333335, 360.0, 376.54, 372.0, 360.0, 376.54]","[199.99333333333334, 305.0, 266.75, 200.0, 305.0, 266.75]","[(9, 0.00023333333333333333, 0.0010944444444444445), (0, 0, 0), (0, 0, 0), (0, 0, 0), (0, 0, 0), (0, 0, 0)]","[(4017, 67.09976666666667, 10.108905555555555), (16105, 51.900000000000006, 6.1899999999999995), (32212, 58.2, 11.639999999999999), (4026, 67.1, 10.11), (16105, 51.900000000000006, 6.1899999999999995), (32212, 58.2, 11.639999999999999)]","[0, 0, 0, 0, 0, 0]","[0, 0, 0, 0, 0, 0]"
3,"[14.916852817076197, 2.7647494445815846, 0.0, 0.0, 0.0, 0.0]","[5, 1, 0, 0, 0, 0]","[389.14969315631527, 217.96408454484342, 0, 0, 0, 0]","[3639.850306843685, 7884.035915455157, 16111, 4029, 8102, 16111]","[4029, 8102, 16111, 4029, 8102, 16111]","[601, 224, 0, 0, 0, 0]","[2.386399689561505, 0.10172138145129994, 0.0, 0.0, 0.0, 0.0]","[102.49586666666666, 17.47573333333333, 0, 0, 0, 0]","[0.0017333333333333335, 0.00013333333333333337, 0, 0, 0, 0]","[0.006666666666666667, 0.006666666666666666, 0, 0, 0, 0]","[4192.504133333333, 17162.524266666667, 34360, 4295, 17180, 34360]","[371.99826666666667, 359.99986666666666, 376.54, 372.0, 360.0, 376.54]","[199.99333333333334, 304.99333333333334, 266.75, 200.0, 305.0, 266.75]","[(11, 0.0001, 0.00085), (1, 0.0, 0.0023277777777777776), (0, 0, 0), (0, 0, 0), (0, 0, 0), (0, 0, 0)]","[(4015, 67.09989999999999, 10.10915), (16104, 51.900000000000006, 6.187672222222222), (32212, 58.2, 11.639999999999999), (4026, 67.1, 10.11), (16105, 51.900000000000006, 6.1899999999999995), (32212, 58.2, 11.639999999999999)]","[0, 0, 0, 0, 0, 0]","[0, 0, 0, 0, 0, 0]"
4,"[14.296351451973194, 4.406319427301901, 0.0, 0.0, 0.0, 0.0]","[5, 2, 0, 0, 0, 0]","[260.8369990301903, 297.2842993734836, 0, 0, 0, 0]","[3768.1630009698097, 7804.715700626516, 16111, 4029, 8102, 16111]","[4029, 8102, 16111, 4029, 8102, 16111]","[576, 357, 0, 0, 0, 0]","[2.4993185875048503, 0.31330733410942946, 0.0, 0.0, 0.0, 0.0]","[107.34573333333333, 53.826199999999986, 0, 0, 0, 0]","[0.011333333333333332, 0.0002666666666666667, 0, 0, 0, 0]","[0.004666666666666667, 0.0018666666666666666, 0, 0, 0, 0]","[4187.654266666666, 17126.1738, 34360, 4295, 17180, 34360]","[371.9886666666667, 359.9997333333333, 376.54, 372.0, 360.0, 376.54]","[199.99533333333332, 304.9981333333333, 266.75, 200.0, 305.0, 266.75]","[(9, 3.3333333333333335e-05, 0.0017666666666666666), (4, 0.00015, 0.0008444444444444445), (0, 0, 0), (0, 0, 0), (0, 0, 0), (0, 0, 0)]","[(4017, 67.09996666666666, 10.108233333333333), (16101, 51.89985000000001, 6.189155555555555), (32212, 58.2, 11.639999999999999), (4026, 67.1, 10.11), (16105, 51.900000000000006, 6.1899999999999995), (32212, 58.2, 11.639999999999999)]","[0, 0, 0, 0, 0, 0]","[0, 0, 0, 0, 0, 0]"
5,"[20.277984611566147, 9.195260429523575, 0.0, 0.0, 0.0, 0.0]","[6, 4, 0, 0, 0, 0]","[400.47104546957115, 603.9231114894229, 0, 0, 0, 0]","[3628.528954530429, 7498.076888510577, 16111, 4029, 8102, 16111]","[4029, 8102, 16111, 4029, 8102, 16111]","[817, 745, 0, 0, 0, 0]","[10.274115638339156, 1.389545983701979, 0.0, 0.0, 0.0, 0.0]","[441.2732666666667, 238.72400000000002, 0, 0, 0, 0]","[0.03866666666666666, 0.0004000000000000001, 0, 0, 0, 0]","[0.0188, 0.0028000000000000004, 0, 0, 0, 0]","[3853.7267333333334, 16941.276, 34360, 4295, 17180, 34360]","[371.96133333333336, 359.9996, 376.54, 372.0, 360.0, 376.54]","[199.9812, 304.9972, 266.75, 200.0, 305.0, 266.75]","[(11, 0.0, 0.02893888888888889), (8, 0.47125, 0.014161111111111112), (0, 0, 0), (0, 0, 0), (0, 0, 0), (0, 0, 0)]","[(4015, 67.1, 10.08106111111111), (16097, 51.42875000000001, 6.175838888888888), (32212, 58.2, 11.639999999999999), (4026, 67.1, 10.11), (16105, 51.900000000000006, 6.1899999999999995), (32212, 58.2, 11.639999999999999)]","[0, 0, 0, 0, 0, 0]","[0, 0, 0, 0, 0, 0]"
6,"[19.955323901712585, 12.910392495680078, 0.0, 0.0, 0.0, 0.0]","[5, 6, 0, 0, 0, 0]","[413.0092353557186, 597.8988580413796, 0, 0, 0, 0]","[3615.9907646442816, 7504.10114195862, 16111, 4029, 8102, 16111]","[4029, 8102, 16111, 4029, 8102, 16111]","[804, 1046, 0, 0, 0, 0]","[6.773786573535119, 1.9530974000776098, 0.0, 0.0, 0.0, 0.0]","[290.93413333333336, 335.54213333333337, 0, 0, 0, 0]","[0.046266666666666664, 0.002266666666666667, 0, 0, 0, 0]","[0.0252, 0.012133333333333333, 0, 0, 0, 0]","[4004.065866666667, 16844.457866666668, 34360, 4295, 17180, 34360]","[371.95373333333333, 359.9977333333333, 376.54, 372.0, 360.0, 376.54]","[199.9748, 304.98786666666666, 266.75, 200.0, 305.0, 266.75]","[(9, 0.0, 0.003483333333333333), (14, 0.0, 0.0030055555555555556), (0, 0, 0), (0, 0, 0), (0, 0, 0), (0, 0, 0)]","[(4017, 67.1, 10.106516666666666), (16091, 51.900000000000006, 6.186994444444444), (32212, 58.2, 11.639999999999999), (4026, 67.1, 10.11), (16105, 51.900000000000006, 6.1899999999999995), (32212, 58.2, 11.639999999999999)]","[0, 0, 0, 0, 0, 0]","[0, 0, 0, 0, 0, 0]"
7,"[20.327624720774388, 12.577141446556405, 3.1345043758922477, 0.0, 0.0, 0.0]","[5, 6, 2, 0, 0, 0]","[619.2443936871316, 783.6138310364056, 136.91345746119657, 0, 0, 0]","[3409.7556063128686, 7318.386168963594, 15974.086542538804, 4029, 8102, 16111]","[4029, 8102, 16111, 4029, 8102, 16111]","[819, 1019, 505, 0, 0, 0]","[2.0069755529685684, 2.6946670547147846, 0.09053143189755528, 0.0, 0.0, 0.0]","[86.1996, 462.9438, 31.106599999999993, 0, 0, 0]","[0.029200000000000004, 0.020533333333333334, 0.0, 0, 0, 0]","[0.015066666666666664, 0.044, 0.0, 0, 0, 0]","[4208.8004, 16717.0562, 34328.8934, 4295, 17180, 34360]","[371.9708, 359.97946666666667, 376.54, 372.0, 360.0, 376.54]","[199.98493333333334, 304.956, 266.75, 200.0, 305.0, 266.75]","[(11, 0.0, 0.002977777777777778), (14, 0.06643333333333333, 0.0356), (3, 0.0, 9.999999999999999e-05), (0, 0, 0), (0, 0, 0), (0, 0, 0)]","[(4015, 67.1, 10.107022222222222), (16091, 51.83356666666667, 6.1544), (32209, 58.2, 11.639899999999999), (4026, 67.1, 10.11), (16105, 51.900000000000006, 6.1899999999999995), (32212, 58.2, 11.639999999999999)]","[0, 0, 0, 0, 0, 0]","[0, 0, 0, 0, 0, 0]"
8,"[24.125093075204767, 10.898543569489014, 3.196573769474272, 0.0, 0.0, 0.0]","[6, 5, 2, 0, 0, 0]","[381.2457618173184, 480.704466709469, 349.06533493417555, 0, 0, 0]","[3647.7542381826815, 7621.295533290531, 15761.934665065824, 4029, 8102, 16111]","[4029, 8102, 16111, 4029, 8102, 16111]","[972, 883, 515, 0, 0, 0]","[3.140162980209546, 2.285733798991075, 0.2860981761738456, 0.0, 0.0, 0.0]","[134.87, 392.6890666666667, 98.30333333333334, 0, 0, 0]","[0.038, 0.0028, 0.002933333333333333, 0, 0, 0]","[0.015199999999999998, 0.006933333333333334, 0.014666666666666665, 0, 0, 0]","[4160.13, 16787.310933333334, 34261.69666666666, 4295, 17180, 34360]","[371.962, 359.9972, 376.5370666666667, 372.0, 360.0, 376.54]","[199.9848, 304.99306666666666, 266.73533333333336, 200.0, 305.0, 266.75]","[(14, 0.0, 0.0033888888888888883), (11, 0.0, 0.01465), (5, 6.666666666666667e-05, 0.0009000000000000001), (0, 0, 0), (0, 0, 0), (0, 0, 0)]","[(4012, 67.1, 10.10661111111111), (16094, 51.900000000000006, 6.17535), (32207, 58.199933333333334, 11.6391), (4026, 67.1, 10.11), (16105, 51.900000000000006, 6.1899999999999995), (32212, 58.2, 11.639999999999999)]","[0, 0, 0, 0, 0, 0]","[0, 0, 0, 0, 0, 0]"
9,"[17.622238768925293, 9.898790422117996, 6.802805536589908, 0.0, 0.0, 0.0]","[5, 5, 4, 0, 0, 0]","[174.00187763802512, 590.234298376274, 740.2256927013937, 0, 0, 0]","[3854.9981223619748, 7511.765701623726, 15370.774307298607, 4029, 8102, 16111]","[4029, 8102, 16111, 4029, 8102, 16111]","[710, 802, 1096, 0, 0, 0]","[2.900107101280559, 2.018201396973225, 0.46131606519208385, 0.0, 0.0, 0.0]","[124.5596, 346.72700000000003, 158.50820000000002, 0, 0, 0]","[0.019066666666666666, 0.011333333333333334, 0.0008, 0, 0, 0]","[0.00026666666666666673, 0.010133333333333334, 0.0025333333333333336, 0, 0, 0]","[4170.4404, 16833.273, 34201.4918, 4295, 17180, 34360]","[371.9809333333333, 359.9886666666667, 376.5392, 372.0, 360.0, 376.54]","[199.99973333333332, 304.98986666666667, 266.74746666666664, 200.0, 305.0, 266.75]","[(11, 0.0, 0.026722222222222224), (10, 0.0027166666666666663, 0.02074444444444444), (10, 1.666666666666667e-05, 0.0015999999999999999), (0, 0, 0), (0, 0, 0), (0, 0, 0)]","[(4015, 67.1, 10.083277777777777), (16095, 51.89728333333334, 6.169255555555555), (32202, 58.199983333333336, 11.638399999999999), (4026, 67.1, 10.11), (16105, 51.900000000000006, 6.1899999999999995), (32212, 58.2, 11.639999999999999)]","[0, 0, 0, 0, 0, 0]","[0, 0, 0, 0, 0, 0]"
10,"[19.21072226358898, 15.378918785485066, 6.244180994351685, 0.0, 0.0, 0.0]","[7, 7, 4, 0, 0, 0]","[428.1116602278914, 903.3793078306614, 697.3221109772436, 0, 0, 0]","[3600.888339772109, 7198.620692169338, 15413.677889022756, 4029, 8102, 16111]","[4029, 8102, 16111, 4029, 8102, 16111]","[774, 1246, 1006, 0, 0, 0]","[6.25395421032208, 2.468071012805588, 0.5910155219247186, 0.0, 0.0, 0.0]","[268.6073333333333, 424.0146, 203.0729333333333, 0, 0, 0]","[0.009066666666666666, 0.012, 0.0038666666666666663, 0, 0, 0]","[0.0014666666666666667, 0.018399999999999996, 0.016266666666666665, 0, 0, 0]","[4026.3926666666666, 16755.9854, 34156.92706666666, 4295, 17180, 34360]","[371.9909333333333, 359.988, 376.53613333333334, 372.0, 360.0, 376.54]","[199.99853333333334, 304.9816, 266.7337333333333, 200.0, 305.0, 266.75]","[(15, 3.3333333333333335e-05, 0.00665), (14, 8.333333333333334e-05, 0.08365555555555555), (11, 6.666666666666667e-05, 0.0022944444444444444), (0, 0, 0), (0, 0, 0), (0, 0, 0)]","[(4011, 67.09996666666666, 10.103349999999999), (16091, 51.89991666666667, 6.106344444444444), (32201, 58.199933333333334, 11.637705555555554), (4026, 67.1, 10.11), (16105, 51.900000000000006, 6.1899999999999995), (32212, 58.2, 11.639999999999999)]","[0, 0, 0, 0, 0, 0]","[0, 0, 0, 0, 0, 0]"
11,"[15.5373541821792, 17.933843495433226, 6.107628328471231, 0.0, 0.0, 0.0]","[6, 8, 4, 0, 0, 0]","[540.5036162145864, 1175.7902154757305, 904.5076056660653, 0, 0, 0]","[3488.496383785414, 6926.20978452427, 15206.492394333934, 4029, 8102, 16111]","[4029, 8102, 16111, 4029, 8102, 16111]","[626, 1453, 984, 0, 0, 0]","[5.842994179278231, 2.4744264648816454, 0.703929181218471, 0.0, 0.0, 0.0]","[250.95660000000004, 425.1064666666667, 241.87006666666665, 0, 0, 0]","[0.023866666666666668, 0.0092, 0.0018666666666666666, 0, 0, 0]","[0.017333333333333333, 0.0052, 0.004, 0, 0, 0]","[4044.0434, 16754.893533333332, 34118.12993333333, 4295, 17180, 34360]","[371.97613333333334, 359.9908, 376.53813333333335, 372.0, 360.0, 376.54]","[199.98266666666666, 304.9948, 266.746, 200.0, 305.0, 266.75]","[(13, 0.0, 0.008344444444444444), (16, 8.333333333333334e-05, 0.019750000000000004), (10, 0.0006833333333333333, 0.0025), (0, 0, 0), (0, 0, 0), (0, 0, 0)]","[(4013, 67.1, 10.101655555555554), (16089, 51.89991666666667, 6.170249999999999), (32202, 58.19931666666667, 11.6375), (4026, 67.1, 10.11), (16105, 51.900000000000006, 6.1899999999999995), (32212, 58.2, 11.639999999999999)]","[0, 0, 0, 0, 0, 0]","[0, 0, 0, 0, 0, 0]"
12,"[29.287664432861753, 15.712169834608739, 8.0379864688722, 0.0, 0.0, 0.0]","[10, 7, 5, 0, 0, 0]","[722.4963479403075, 958.7517138663958, 484.6232283716083, 0, 0, 0]","[3306.5036520596923, 7143.248286133604, 15626.376771628391, 4029, 8102, 16111]","[4029, 8102, 16111, 4029, 8102, 16111]","[1180, 1273, 1295, 0, 0, 0]","[13.905642219635237, 1.6433403181994564, 0.8290485060147459, 0.0, 0.0, 0.0]","[597.2473333333334, 282.3258666666666, 284.86106666666666, 0, 0, 0]","[0.6093333333333333, 0.009600000000000001, 0.0021333333333333334, 0, 0, 0]","[0.11946666666666667, 0.005333333333333333, 0.0037333333333333333, 0, 0, 0]","[3697.7526666666668, 16897.674133333334, 34075.138933333335, 4295, 17180, 34360]","[371.3906666666667, 359.9904, 376.5378666666667, 372.0, 360.0, 376.54]","[199.88053333333335, 304.99466666666666, 266.74626666666666, 200.0, 305.0, 266.75]","[(21, 0.03961666666666667, 0.0205), (13, 1.666666666666667e-05, 0.014816666666666665), (13, 1.666666666666667e-05, 0.0025555555555555553), (0, 0, 0), (0, 0, 0), (0, 0, 0)]","[(4005, 67.06038333333333, 10.0895), (16092, 51.89998333333334, 6.175183333333333), (32199, 58.199983333333336, 11.637444444444442), (4026, 67.1, 10.11), (16105, 51.900000000000006, 6.1899999999999995), (32212, 58.2, 11.639999999999999)]","[0, 0, 0, 0, 0, 0]","[0, 0, 0, 0, 0, 0]"
13,"[32.73765202283445, 22.772155023451, 5.114518031158836, 0.0, 0.0, 0.0]","[10, 9, 3, 0, 0, 0]","[955.0318660200999, 1100.271315566225, 419.58433610838097, 0, 0, 0]","[3073.9681339799, 7001.728684433775, 15691.41566389162, 4029, 8102, 16111]","[4029, 8102, 16111, 4029, 8102, 16111]","[1319, 1845, 824, 0, 0, 0]","[14.49036398913465, 3.468274350019403, 0.42113736903376014, 0.0, 0.0, 0.0]","[622.3611333333332, 595.8495333333334, 144.7028, 0, 0, 0]","[1.2014666666666667, 1.2313333333333334, 0.008666666666666666, 0, 0, 0]","[0.5694666666666666, 0.4277333333333333, 0.010266666666666665, 0, 0, 0]","[3672.6388666666667, 16584.150466666666, 34215.2972, 4295, 17180, 34360]","[370.79853333333335, 358.76866666666666, 376.53133333333335, 372.0, 360.0, 376.54]","[199.43053333333333, 304.5722666666667, 266.73973333333333, 200.0, 305.0, 266.75]","[(19, 0.0030666666666666663, 0.06547222222222222), (19, 0.011633333333333334, 0.44846111111111114), (7, 0.00065, 0.002605555555555555), (0, 0, 0), (0, 0, 0), (0, 0, 0)]","[(4007, 67.09693333333333, 10.044527777777777), (16086, 51.88836666666667, 5.741538888888888), (32205, 58.19935, 11.637394444444443), (4026, 67.1, 10.11), (16105, 51.900000000000006, 6.1899999999999995), (32212, 58.2, 11.639999999999999)]","[0, 0, 0, 0, 0, 0]","[0, 0, 0, 0, 0, 0]"
14,"[28.91536361379995, 24.179215008639844, 9.31661597666191, 0.0, 0.0, 0.0]","[9, 8, 5, 0, 0, 0]","[746.3534253417754, 830.8408827686213, 681.4489729880738, 0, 0, 0]","[3282.6465746582244, 7271.159117231378, 15429.551027011927, 4029, 8102, 16111]","[4029, 8102, 16111, 4029, 8102, 16111]","[1165, 1959, 1501, 0, 0, 0]","[7.898873108265425, 2.665161428017074, 0.5297256499805977, 0.0, 0.0, 0.0]","[339.2566, 457.8747333333333, 182.01373333333333, 0, 0, 0]","[0.44866666666666666, 0.8477333333333334, 0.025599999999999998, 0, 0, 0]","[0.36719999999999997, 0.27573333333333333, 0.008266666666666663, 0, 0, 0]","[3955.7434, 16722.125266666666, 34177.98626666667, 4295, 17180, 34360]","[371.55133333333333, 359.15226666666666, 376.5144, 372.0, 360.0, 376.54]","[199.6328, 304.72426666666667, 266.74173333333334, 200.0, 305.0, 266.75]","[(17, 0.0002333333333333333, 0.05672777777777778), (18, 3.333333333333334e-05, 0.22875), (10, 0.0, 0.0034888888888888886), (0, 0, 0), (0, 0, 0), (0, 0, 0)]","[(4009, 67.09976666666667, 10.05327222222222), (16087, 51.89996666666667, 5.96125), (32202, 58.2, 11.63651111111111), (4026, 67.1, 10.11), (16105, 51.900000000000006, 6.1899999999999995), (32212, 58.2, 11.639999999999999)]","[0, 0, 0, 0, 0, 0]","[0, 0, 0, 0, 0, 0]"
15,"[29.36212459667411, 22.253764502591952, 12.885606107628329, 0.0, 0.0, 0.0]","[9, 7, 7, 0, 0, 0]","[420.9568462343384, 828.2318362232329, 1079.7704654808367, 0, 0, 0]","[3608.0431537656614, 7273.768163776767, 15031.229534519163, 4029, 8102, 16111]","[4029, 8102, 16111, 4029, 8102, 16111]","[1183, 1803, 2076, 0, 0, 0]","[6.481041521148621, 0.6072762902599922, 3.8871393092743496, 0.0, 0.0, 0.0]","[278.3607333333333, 104.33006666666665, 1335.6210666666666, 0, 0, 0]","[0.5113333333333332, 0.0026666666666666666, 8.284133333333333, 0, 0, 0]","[0.4294666666666666, 0.0002666666666666667, 8.290666666666667, 0, 0, 0]","[4016.6392666666666, 17075.669933333334, 33024.37893333333, 4295, 17180, 34360]","[371.4886666666667, 359.99733333333336, 368.2558666666667, 372.0, 360.0, 376.54]","[199.57053333333334, 304.9997333333333, 258.45933333333335, 200.0, 305.0, 266.75]","[(14, 0.00011666666666666667, 0.05458333333333334), (15, 0.0, 0.001211111111111111), (15, 0.0, 0.0034777777777777776), (0, 0, 0), (0, 0, 0), (0, 0, 0)]","[(4012, 67.09988333333332, 10.055416666666666), (16090, 51.900000000000006, 6.1887888888888885), (32197, 58.2, 11.63652222222222), (4026, 67.1, 10.11), (16105, 51.900000000000006, 6.1899999999999995), (32212, 58.2, 11.639999999999999)]","[0, 0, 0, 0, 0, 0]","[0, 0, 0, 0, 0, 0]"
16,"[21.39488706875155, 26.56134287830165, 12.078703991062008, 0.0, 0.0, 0.0]","[6, 10, 7, 0, 0, 0]","[368.89623892030284, 658.0350622861189, 617.3844826666431, 0, 0, 0]","[3660.103761079697, 7443.964937713881, 15493.615517333357, 4029, 8102, 16111]","[4029, 8102, 16111, 4029, 8102, 16111]","[862, 2152, 1946, 0, 0, 0]","[3.093373690337602, 1.6306123399301513, 3.610575669383004, 0.0, 0.0, 0.0]","[132.8604, 280.1392, 1240.5938, 0, 0, 0]","[0.07506666666666667, 0.008400000000000001, 24.236400000000007, 0, 0, 0]","[0.0808, 0.008400000000000001, 24.292399999999997, 0, 0, 0]","[4162.1396, 16899.8608, 33119.4062, 4295, 17180, 34360]","[371.92493333333334, 359.9916, 352.3036, 372.0, 360.0, 376.54]","[199.9192, 304.9916, 242.4576, 200.0, 305.0, 266.75]","[(11, 0.0, 0.0025666666666666667), (20, 0.4706, 0.013327777777777779), (15, 0.0, 0.0024277777777777774), (0, 0, 0), (0, 0, 0), (0, 0, 0)]","[(4015, 67.1, 10.107433333333333), (16085, 51.42940000000001, 6.176672222222222), (32197, 58.2, 11.637572222222222), (4026, 67.1, 10.11), (16105, 51.900000000000006, 6.1899999999999995), (32212, 58.2, 11.639999999999999)]","[0, 0, 0, 0, 0, 0]","[0, 0, 0, 0, 0, 0]"
17,"[17.44849838669645, 17.39076771167613, 13.549748618955991, 0.0, 0.0, 0.0]","[5, 8, 8, 0, 0, 0]","[529.4140933792737, 543.9900999796755, 1224.8994207359005, 0, 0, 0]","[3499.5859066207263, 7558.0099000203245, 14886.100579264099, 4029, 8102, 16111]","[4029, 8102, 16111, 4029, 8102, 16111]","[703, 1409, 2183, 0, 0, 0]","[2.968276290259992, 1.615567714396585, 1.4999169577027551, 0.0, 0.0, 0.0]","[127.48746666666666, 277.5545333333333, 515.3714666666667, 0, 0, 0]","[0.07079999999999999, 0.5757333333333333, 21.131466666666668, 0, 0, 0]","[0.07253333333333332, 0.4489333333333333, 20.703333333333333, 0, 0, 0]","[4167.5125333333335, 16902.445466666668, 33844.628533333336, 4295, 17180, 34360]","[371.9292, 359.42426666666665, 355.40853333333337, 372.0, 360.0, 376.54]","[199.92746666666667, 304.55106666666666, 246.04666666666668, 200.0, 305.0, 266.75]","[(9, 0.03961666666666667, 0.01528888888888889), (15, 0.0030666666666666663, 0.059477777777777775), (15, 0.0, 0.0312), (0, 0, 0), (0, 0, 0), (0, 0, 0)]","[(4017, 67.06038333333333, 10.09471111111111), (16090, 51.89693333333334, 6.130522222222222), (32197, 58.2, 11.608799999999999), (4026, 67.1, 10.11), (16105, 51.900000000000006, 6.1899999999999995), (32212, 58.2, 11.639999999999999)]","[0, 0, 0, 0, 0, 0]","[0, 0, 0, 0, 0, 0]"
18,"[25.192355423181933, 7.812885707232782, 13.500093104090375, 0.0, 0.0, 0.0]","[8, 5, 8, 0, 0, 0]","[457.02599360946414, 465.09601566617494, 1544.6695766324722, 0, 0, 0]","[3571.974006390536, 7636.903984333825, 14566.330423367528, 4029, 8102, 16111]","[4029, 8102, 16111, 4029, 8102, 16111]","[1015, 633, 2175, 0, 0, 0]","[7.3973147070236696, 1.572916181606519, 1.3273665114474194, 0.0, 0.0, 0.0]","[317.71466666666663, 270.227, 456.0831333333333, 0, 0, 0]","[0.07239999999999999, 0.41453333333333336, 34.6176, 0, 0, 0]","[0.07613333333333333, 0.3501333333333333, 34.142133333333334, 0, 0, 0]","[3977.2853333333333, 16909.773, 33903.91686666667, 4295, 17180, 34360]","[371.9276, 359.58546666666666, 341.92240000000004, 372.0, 360.0, 376.54]","[199.92386666666667, 304.64986666666664, 232.60786666666667, 200.0, 305.0, 266.75]","[(17, 0.0006666666666666666, 0.002688888888888889), (9, 0.06470000000000001, 0.07429444444444445), (13, 0.0, 0.005338888888888889), (0, 0, 0), (0, 0, 0), (0, 0, 0)]","[(4009, 67.09933333333333, 10.10731111111111), (16096, 51.835300000000004, 6.115705555555555), (32199, 58.2, 11.63466111111111), (4026, 67.1, 10.11), (16105, 51.900000000000006, 6.1899999999999995), (32212, 58.2, 11.639999999999999)]","[0, 0, 0, 0, 0, 0]","[0, 0, 0, 0, 0, 0]"
19,"[17.32439811367585, 14.946926684769194, 11.755943144435479, 0.0, 0.0, 0.0]","[6, 8, 7, 0, 0, 0]","[535.3954619450691, 727.4676920169658, 1179.7414334896253, 0, 0, 0]","[3493.604538054931, 7374.532307983034, 14931.258566510374, 4029, 8102, 16111]","[4029, 8102, 16111, 4029, 8102, 16111]","[698, 1211, 1894, 0, 0, 0]","[3.9448366317423362, 2.4640616996507565, 1.2237382615444314, 0.0, 0.0, 0.0]","[169.43073333333334, 423.32579999999996, 420.4764666666666, 0, 0, 0]","[0.0010666666666666667, 1.7022666666666668, 0.5385333333333332, 0, 0, 0]","[0.007733333333333333, 1.6320000000000001, 0.10666666666666666, 0, 0, 0]","[4125.569266666666, 16756.6742, 33939.52353333333, 4295, 17180, 34360]","[371.99893333333335, 358.2977333333333, 376.0014666666667, 372.0, 360.0, 376.54]","[199.99226666666667, 303.368, 266.6433333333333, 200.0, 305.0, 266.75]","[(14, 0.00055, 0.0013111111111111112), (13, 0.00175, 0.05366666666666667), (10, 0.0, 0.0033499999999999997), (0, 0, 0), (0, 0, 0), (0, 0, 0)]","[(4012, 67.09944999999999, 10.108688888888889), (16092, 51.898250000000004, 6.136333333333333), (32202, 58.2, 11.63665), (4026, 67.1, 10.11), (16105, 51.900000000000006, 6.1899999999999995), (32212, 58.2, 11.639999999999999)]","[0, 0, 0, 0, 0, 0]","[0, 0, 0, 0, 0, 0]"
20,"[21.64308761479275, 14.971611947667244, 11.650425175346037, 0.0, 0.0, 0.0]","[7, 7, 7, 0, 0, 0]","[614.8076538086589, 563.953541655958, 1159.9012157926122, 0, 0, 0]","[3414.192346191341, 7538.046458344042, 14951.098784207388, 4029, 8102, 16111]","[4029, 8102, 16111, 4029, 8102, 16111]","[872, 1213, 1877, 0, 0, 0]","[2.6641055490880867, 1.8984994179278232, 1.3559796274738067, 0.0, 0.0, 0.0]","[114.42333333333333, 326.16220000000004, 465.91459999999995, 0, 0, 0]","[0.0018666666666666666, 0.4093333333333333, 1.0573333333333335, 0, 0, 0]","[0.006666666666666666, 0.34879999999999994, 0.31800000000000006, 0, 0, 0]","[4180.576666666667, 16853.8378, 33894.0854, 4295, 17180, 34360]","[371.9981333333333, 359.59066666666666, 375.48266666666666, 372.0, 360.0, 376.54]","[199.99333333333334, 304.6512, 266.432, 200.0, 305.0, 266.75]","[(16, 0.0002833333333333333, 0.0014944444444444445), (9, 0.14396666666666666, 0.08560555555555555), (10, 0.0, 0.006488888888888888), (0, 0, 0), (0, 0, 0), (0, 0, 0)]","[(4010, 67.09971666666667, 10.108505555555555), (16096, 51.75603333333334, 6.104394444444444), (32202, 58.2, 11.63351111111111), (4026, 67.1, 10.11), (16105, 51.900000000000006, 6.1899999999999995), (32212, 58.2, 11.639999999999999)]","[0, 0, 0, 0, 0, 0]","[2, 0, 2, 0, 0, 0]"
21,"[19.26036237279722, 13.885460380153047, 12.953882440568556, 0.0, 0.0, 0.0]","[6, 6, 8, 0, 0, 0]","[375.47418354798515, 765.0280902088249, 975.1382661169698, 0, 0, 0]","[3653.5258164520146, 7336.971909791175, 15135.86173388303, 4029, 8102, 16111]","[4029, 8102, 16111, 4029, 8102, 16111]","[776, 1125, 2087, 0, 0, 0]","[1.5339495537446644, 6.452620876988746, 1.4045525805199846, 0.0, 0.0, 0.0]","[65.88313333333333, 1108.5602666666666, 482.6042666666667, 0, 0, 0]","[0.01, 0.21320000000000003, 0.02746666666666666, 0, 0, 0]","[0.001466666666666667, 1.4882666666666666, 0.05813333333333333, 0, 0, 0]","[4229.116866666666, 16071.439733333333, 33877.39573333333, 4295, 17180, 34360]","[371.99, 359.7868, 376.51253333333335, 372.0, 360.0, 376.54]","[199.99853333333334, 303.5117333333333, 266.69186666666667, 200.0, 305.0, 266.75]","[(12, 0.0, 0.0014944444444444445), (8, 0.0, 0.025661111111111114), (13, 0.0, 0.006133333333333333), (0, 0, 0), (0, 0, 0), (0, 0, 0)]","[(4014, 67.1, 10.108505555555555), (16097, 51.900000000000006, 6.164338888888889), (32199, 58.2, 11.633866666666666), (4026, 67.1, 10.11), (16105, 51.900000000000006, 6.1899999999999995), (32212, 58.2, 11.639999999999999)]","[0, 0, 0, 0, 0, 0]","[2, 0, 2, 0, 0, 0]"
22,"[20.277984611566147, 24.79634658109109, 12.227670535658866, 0.0, 0.0, 0.0]","[6, 8, 6, 0, 0, 0]","[572.8679828396891, 1142.889246282702, 1091.6968239192452, 0, 0, 0]","[3456.132017160311, 6959.1107537172975, 15019.303176080755, 4029, 8102, 16111]","[4029, 8102, 16111, 4029, 8102, 16111]","[817, 2009, 1970, 0, 0, 0]","[1.4016996507566937, 5.750974388824215, 0.18462359332557238, 0.0, 0.0, 0.0]","[60.202999999999996, 988.0174000000001, 63.43666666666667, 0, 0, 0]","[0.0008, 1.4418666666666669, 0.017466666666666665, 0, 0, 0]","[0.0013333333333333335, 2.0502666666666665, 0.0044, 0, 0, 0]","[4234.797, 16191.9826, 34296.56333333333, 4295, 17180, 34360]","[371.9992, 358.55813333333333, 376.52253333333334, 372.0, 360.0, 376.54]","[199.99866666666668, 302.9497333333333, 266.7456, 200.0, 305.0, 266.75]","[(9, 0.0, 0.00041111111111111106), (12, 0.0009, 0.025566666666666668), (12, 0.0, 0.0019388888888888889), (0, 0, 0), (0, 0, 0), (0, 0, 0)]","[(4017, 67.1, 10.109588888888888), (16093, 51.899100000000004, 6.164433333333333), (32200, 58.2, 11.63806111111111), (4026, 67.1, 10.11), (16105, 51.900000000000006, 6.1899999999999995), (32212, 58.2, 11.639999999999999)]","[0, 2, 2, 0, 0, 0]","[2, 0, 2, 0, 0, 0]"
23,"[20.277984611566147, 22.3771908170822, 13.500093104090375, 0.0, 0.0, 0.0]","[7, 7, 7, 0, 0, 0]","[297.79929861008594, 1070.8003576041294, 1160.5313181431916, 0, 0, 0]","[3731.2007013899142, 7031.199642395871, 14950.468681856808, 4029, 8102, 16111]","[4029, 8102, 16111, 4029, 8102, 16111]","[817, 1813, 2175, 0, 0, 0]","[2.357913853317811, 4.330648428405122, 0.33072351571594877, 0.0, 0.0, 0.0]","[101.27239999999999, 744.0053999999999, 113.6366, 0, 0, 0]","[0.0, 0.1836, 8.276, 0, 0, 0]","[0.0005333333333333334, 0.6156, 8.287333333333335, 0, 0, 0]","[4193.7276, 16435.9946, 34246.3634, 4295, 17180, 34360]","[372.0, 359.8164, 368.264, 372.0, 360.0, 376.54]","[199.99946666666668, 304.3844, 258.4626666666667, 200.0, 305.0, 266.75]","[(13, 0.0, 0.0007444444444444445), (11, 8.333333333333333e-05, 0.014661111111111111), (13, 0.0, 0.0018833333333333334), (0, 0, 0), (0, 0, 0), (0, 0, 0)]","[(4013, 67.1, 10.109255555555555), (16094, 51.89991666666667, 6.175338888888889), (32199, 58.2, 11.638116666666665), (4026, 67.1, 10.11), (16105, 51.900000000000006, 6.1899999999999995), (32212, 58.2, 11.639999999999999)]","[0, 2, 2, 0, 0, 0]","[2, 0, 2, 0, 0, 0]"
24,"[15.785554728220403, 22.056282399407554, 10.260070759108682, 0.0, 0.0, 0.0]","[6, 9, 6, 0, 0, 0]","[503.1141899625902, 958.5542992252856, 620.7364376975568, 0, 0, 0]","[3525.88581003741, 7143.445700774714, 15490.263562302443, 4029, 8102, 16111]","[4029, 8102, 16111, 4029, 8102, 16111]","[636, 1787, 1653, 0, 0, 0]","[3.701691889794334, 7.118277066356228, 0.23535642219635233, 0.0, 0.0, 0.0]","[158.98766666666666, 1222.92, 80.86846666666666, 0, 0, 0]","[0.0156, 0.05493333333333332, 24.22360000000001, 0, 0, 0]","[0.007599999999999999, 0.05173333333333334, 24.28293333333333, 0, 0, 0]","[4136.012333333333, 15957.08, 34279.13153333333, 4295, 17180, 34360]","[371.9844, 359.94506666666666, 352.3164, 372.0, 360.0, 376.54]","[199.9924, 304.94826666666665, 242.46706666666668, 200.0, 305.0, 266.75]","[(12, 0.0, 0.001566666666666667), (15, 0.0007, 0.0024555555555555554), (14, 0.0, 0.0002666666666666667), (0, 0, 0), (0, 0, 0), (0, 0, 0)]","[(4014, 67.1, 10.108433333333332), (16090, 51.899300000000004, 6.187544444444444), (32198, 58.2, 11.639733333333332), (4026, 67.1, 10.11), (16105, 51.900000000000006, 6.1899999999999995), (32212, 58.2, 11.639999999999999)]","[0, 0, 0, 0, 0, 0]","[0, 0, 0, 0, 0, 0]"
25,"[23.231571109456443, 13.5151814366823, 10.5517969089442, 0.0, 0.0, 0.0]","[8, 6, 6, 0, 0, 0]","[458.3388551836681, 471.3703279647937, 1003.7014016674387, 0, 0, 0]","[3570.661144816332, 7630.629672035207, 15107.298598332562, 4029, 8102, 16111]","[4029, 8102, 16111, 4029, 8102, 16111]","[936, 1095, 1700, 0, 0, 0]","[4.741303841676368, 6.10281490104773, 1.151641831587117, 0.0, 0.0, 0.0]","[203.639, 1048.4636, 395.7041333333334, 0, 0, 0]","[0.018266666666666667, 0.007466666666666667, 20.5568, 0, 0, 0]","[0.011333333333333334, 0.012266666666666667, 20.624133333333333, 0, 0, 0]","[4091.361, 16131.5364, 33964.29586666667, 4295, 17180, 34360]","[371.98173333333335, 359.9925333333333, 355.9832, 372.0, 360.0, 376.54]","[199.98866666666666, 304.9877333333333, 246.12586666666667, 200.0, 305.0, 266.75]","[(17, 0.0, 0.003033333333333333), (11, 5.000000000000001e-05, 0.014111111111111112), (14, 0.0, 0.0025499999999999997), (0, 0, 0), (0, 0, 0), (0, 0, 0)]","[(4009, 67.1, 10.106966666666667), (16094, 51.899950000000004, 6.175888888888888), (32198, 58.2, 11.63745), (4026, 67.1, 10.11), (16105, 51.900000000000006, 6.1899999999999995), (32212, 58.2, 11.639999999999999)]","[0, 0, 0, 0, 0, 0]","[0, 0, 0, 0, 0, 0]"
26,"[19.533382973442542, 11.034312515428288, 14.275960523865683, 0.0, 0.0, 0.0]","[7, 5, 8, 0, 0, 0]","[460.3818807967296, 673.0763163514614, 1503.329138692584, 0, 0, 0]","[3568.6181192032705, 7428.923683648539, 14607.670861307415, 4029, 8102, 16111]","[4029, 8102, 16111, 4029, 8102, 16111]","[787, 894, 2300, 0, 0, 0]","[3.2225611175785795, 7.2366398913465275, 0.8763463329452853, 0.0, 0.0, 0.0]","[138.409, 1243.2547333333334, 301.11260000000004, 0, 0, 0]","[0.008666666666666666, 0.0048, 0.010133333333333333, 0, 0, 0]","[0.0024000000000000002, 0.0104, 0.022, 0, 0, 0]","[4156.591, 15936.745266666667, 34058.8874, 4295, 17180, 34360]","[371.99133333333333, 359.9952, 376.5298666666667, 372.0, 360.0, 376.54]","[199.9976, 304.9896, 266.728, 200.0, 305.0, 266.75]","[(16, 0.0, 0.002338888888888889), (12, 0.04671666666666667, 0.005366666666666667), (18, 0.0, 0.0030166666666666666), (0, 0, 0), (0, 0, 0), (0, 0, 0)]","[(4010, 67.1, 10.10766111111111), (16093, 51.85328333333334, 6.184633333333333), (32194, 58.2, 11.636983333333331), (4026, 67.1, 10.11), (16105, 51.900000000000006, 6.1899999999999995), (32212, 58.2, 11.639999999999999)]","[0, 0, 0, 0, 0, 0]","[0, 0, 0, 0, 0, 0]"
27,"[20.79920575825267, 15.181436682300667, 14.455961765253553, 0.0, 0.0, 0.0]","[6, 7, 8, 0, 0, 0]","[337.8636964072729, 907.4439086925785, 945.5093247219252, 0, 0, 0]","[3691.136303592727, 7194.556091307421, 15165.490675278075, 4029, 8102, 16111]","[4029, 8102, 16111, 4029, 8102, 16111]","[838, 1230, 2329, 0, 0, 0]","[2.1697167248738847, 7.309396585176563, 1.1854611951882035, 0.0, 0.0, 0.0]","[93.18933333333334, 1255.7543333333335, 407.3244666666667, 0, 0, 0]","[0.00013333333333333337, 0.06173333333333334, 8.268666666666666, 0, 0, 0]","[0.0021333333333333334, 0.028933333333333335, 8.304400000000001, 0, 0, 0]","[4201.810666666666, 15924.245666666666, 33952.675533333335, 4295, 17180, 34360]","[371.99986666666666, 359.93826666666666, 368.27133333333336, 372.0, 360.0, 376.54]","[199.99786666666665, 304.9710666666667, 258.4456, 200.0, 305.0, 266.75]","[(13, 0.0, 0.0010944444444444443), (16, 0.08311666666666666, 0.024155555555555555), (20, 0.0, 0.002905555555555555), (0, 0, 0), (0, 0, 0), (0, 0, 0)]","[(4013, 67.1, 10.108905555555555), (16089, 51.81688333333334, 6.165844444444444), (32192, 58.2, 11.637094444444443), (4026, 67.1, 10.11), (16105, 51.900000000000006, 6.1899999999999995), (32212, 58.2, 11.639999999999999)]","[0, 0, 0, 0, 0, 0]","[0, 0, 0, 0, 0, 0]"
28,"[16.530156366344006, 20.25425820784991, 9.000062069393582, 0.0, 0.0, 0.0]","[4, 9, 5, 0, 0, 0]","[361.83900626057476, 1162.0631387397966, 561.9546220135081, 0, 0, 0]","[3667.160993739425, 6939.936861260203, 15549.045377986491, 4029, 8102, 16111]","[4029, 8102, 16111, 4029, 8102, 16111]","[666, 1641, 1450, 0, 0, 0]","[1.2603181994567327, 9.40135312378735, 0.7002413659293752, 0.0, 0.0, 0.0]","[54.13066666666667, 1615.152466666667, 240.60293333333334, 0, 0, 0]","[0.006533333333333333, 1.5893333333333333, 24.220666666666673, 0, 0, 0]","[0.006533333333333333, 0.0464, 24.285599999999995, 0, 0, 0]","[4240.869333333333, 15564.847533333334, 34119.397066666665, 4295, 17180, 34360]","[371.9934666666667, 358.41066666666666, 352.31933333333336, 372.0, 360.0, 376.54]","[199.99346666666668, 304.9536, 242.4644, 200.0, 305.0, 266.75]","[(7, 0.0, 0.00010555555555555557), (21, 0.5044000000000001, 0.01773888888888889), (13, 0.0, 0.005066666666666667), (0, 0, 0), (0, 0, 0), (0, 0, 0)]","[(4019, 67.1, 10.109894444444445), (16084, 51.39560000000001, 6.17226111111111), (32199, 58.2, 11.634933333333333), (4026, 67.1, 10.11), (16105, 51.900000000000006, 6.1899999999999995), (32212, 58.2, 11.639999999999999)]","[0, 0, 0, 0, 0, 0]","[0, 0, 0, 0, 0, 0]"
29,"[22.75999007197816, 19.439644532214267, 7.485568865992179, 0.0, 0.0, 0.0]","[6, 9, 4, 0, 0, 0]","[531.4264476381023, 1223.2281749502645, 913.9724481665936, 0, 0, 0]","[3497.573552361898, 6878.7718250497355, 15197.027551833406, 4029, 8102, 16111]","[4029, 8102, 16111, 4029, 8102, 16111]","[917, 1575, 1206, 0, 0, 0]","[6.9355079549864165, 11.051071012805588, 0.6832031431897556, 0.0, 0.0, 0.0]","[297.8800666666666, 1898.574, 234.7486, 0, 0, 0]","[0.014133333333333333, 1.5893333333333335, 20.54573333333333, 0, 0, 0]","[0.036000000000000004, 0.05413333333333334, 20.600933333333334, 0, 0, 0]","[3997.1199333333334, 15281.426, 34125.2514, 4295, 17180, 34360]","[371.98586666666665, 358.41066666666666, 355.9942666666667, 372.0, 360.0, 376.54]","[199.964, 304.9458666666667, 246.14906666666667, 200.0, 305.0, 266.75]","[(12, 0.0007999999999999999, 0.0023055555555555555), (22, 0.5200666666666667, 0.01763888888888889), (10, 0.0, 0.004194444444444444), (0, 0, 0), (0, 0, 0), (0, 0, 0)]","[(4014, 67.0992, 10.107694444444444), (16083, 51.37993333333334, 6.172361111111111), (32202, 58.2, 11.635805555555555), (4026, 67.1, 10.11), (16105, 51.900000000000006, 6.1899999999999995), (32212, 58.2, 11.639999999999999)]","[0, 0, 0, 0, 0, 0]","[0, 0, 0, 0, 0, 0]"
30,"[19.40928270042194, 22.5746729202666, 8.950406554527962, 0.0, 0.0, 0.0]","[6, 10, 5, 0, 0, 0]","[460.36308965221644, 991.8143651952244, 360.7137183745418, 0, 0, 0]","[3568.6369103477837, 7110.185634804776, 15750.286281625458, 4029, 8102, 16111]","[4029, 8102, 16111, 4029, 8102, 16111]","[782, 1829, 1442, 0, 0, 0]","[6.751396197128444, 11.888774932091579, 0.5496878152890958, 0.0, 0.0, 0.0]","[289.97246666666666, 2042.491533333333, 188.87273333333331, 0, 0, 0]","[0.0024000000000000007, 0.22, 21.938533333333336, 0, 0, 0]","[0.008799999999999999, 0.007200000000000001, 21.996000000000002, 0, 0, 0]","[4005.0275333333334, 15137.508466666666, 34171.12726666667, 4295, 17180, 34360]","[371.9976, 359.78, 354.6014666666667, 372.0, 360.0, 376.54]","[199.9912, 304.9928, 244.754, 200.0, 305.0, 266.75]","[(13, 0.0005666666666666667, 0.0017833333333333332), (24, 0.11994999999999999, 0.03434444444444445), (11, 0.0, 0.004377777777777777), (0, 0, 0), (0, 0, 0), (0, 0, 0)]","[(4013, 67.09943333333332, 10.108216666666666), (16081, 51.78005, 6.155655555555555), (32201, 58.2, 11.63562222222222), (4026, 67.1, 10.11), (16105, 51.900000000000006, 6.1899999999999995), (32212, 58.2, 11.639999999999999)]","[0, 0, 0, 0, 0, 0]","[0, 0, 0, 0, 0, 0]"
31,"[16.505336311739885, 20.710935571463835, 8.683508162125255, 0.0, 0.0, 0.0]","[5, 9, 5, 0, 0, 0]","[395.1272963533821, 1087.490711341647, 847.2968133017948, 0, 0, 0]","[3633.872703646618, 7014.509288658353, 15263.703186698205, 4029, 8102, 16111]","[4029, 8102, 16111, 4029, 8102, 16111]","[665, 1678, 1399, 0, 0, 0]","[5.226562669771052, 2.2028253783469154, 1.2115325960419092, 0.0, 0.0, 0.0]","[224.4808666666667, 378.44540000000006, 416.2826, 0, 0, 0]","[0.024, 0.00026666666666666673, 0.0404, 0, 0, 0]","[0.015600000000000001, 0.0052, 0.08573333333333333, 0, 0, 0]","[4070.5191333333332, 16801.5546, 33943.7174, 4295, 17180, 34360]","[371.976, 359.9997333333333, 376.49960000000004, 372.0, 360.0, 376.54]","[199.9844, 304.9948, 266.66426666666666, 200.0, 305.0, 266.75]","[(9, 1.666666666666667e-05, 0.025686904761904758), (19, 0.06575, 0.024855555555555558), (10, 0.0, 0.0027277777777777778), (0, 0, 0), (0, 0, 0), (0, 0, 0)]","[(4017, 67.09998333333333, 10.084313095238095), (16086, 51.834250000000004, 6.165144444444444), (32202, 58.2, 11.63727222222222), (4026, 67.1, 10.11), (16105, 51.900000000000006, 6.1899999999999995), (32212, 58.2, 11.639999999999999)]","[0, 0, 0, 0, 0, 0]","[0, 0, 0, 0, 0, 0]"
32,"[20.029784065524943, 18.230066650209825, 9.738687853019675, 0.0, 0.0, 0.0]","[7, 8, 6, 0, 0, 0]","[476.0465897632323, 717.8021646690307, 1271.794686092017, 0, 0, 0]","[3552.953410236768, 7384.19783533097, 14839.205313907984, 4029, 8102, 16111]","[4029, 8102, 16111, 4029, 8102, 16111]","[807, 1477, 1569, 0, 0, 0]","[9.17141948001552, 3.475909584788513, 1.3091858750485064, 0.0, 0.0, 0.0]","[393.9124666666666, 597.1612666666665, 449.83626666666675, 0, 0, 0]","[0.04626666666666667, 0.0022666666666666664, 0.0344, 0, 0, 0]","[0.04226666666666666, 0.007866666666666668, 0.05706666666666667, 0, 0, 0]","[3901.0875333333333, 16582.838733333334, 33910.163733333335, 4295, 17180, 34360]","[371.95373333333333, 359.9977333333333, 376.5056, 372.0, 360.0, 376.54]","[199.95773333333332, 304.99213333333336, 266.6929333333333, 200.0, 305.0, 266.75]","[(12, 0.057083333333333326, 0.03997777777777778), (18, 0.005, 0.004461111111111111), (12, 0.039983333333333336, 0.01824444444444445), (0, 0, 0), (0, 0, 0), (0, 0, 0)]","[(4014, 67.04291666666666, 10.07002222222222), (16087, 51.895, 6.185538888888888), (32200, 58.16001666666667, 11.621755555555554), (4026, 67.1, 10.11), (16105, 51.900000000000006, 6.1899999999999995), (32212, 58.2, 11.639999999999999)]","[0, 0, 0, 0, 0, 0]","[0, 0, 0, 0, 0, 0]"
33,"[16.778356912385206, 13.181930387558626, 15.120104276581218, 0.0, 0.0, 0.0]","[6, 6, 9, 0, 0, 0]","[601.4493236740702, 529.7269279383053, 1169.3105771624168, 0, 0, 0]","[3427.55067632593, 7572.273072061695, 14941.689422837582, 4029, 8102, 16111]","[4029, 8102, 16111, 4029, 8102, 16111]","[676, 1068, 2436, 0, 0, 0]","[6.388249902987969, 2.9647450523864953, 4.682240977881257, 0.0, 0.0, 0.0]","[274.3753333333333, 509.3431999999999, 1608.818, 0, 0, 0]","[0.027466666666666667, 0.051333333333333335, 0.2188, 0, 0, 0]","[0.016399999999999998, 0.05213333333333333, 0.045200000000000004, 0, 0, 0]","[4020.6246666666666, 16670.6568, 32751.182, 4295, 17180, 34360]","[371.97253333333333, 359.94866666666667, 376.32120000000003, 372.0, 360.0, 376.54]","[199.9836, 304.94786666666664, 266.7048, 200.0, 305.0, 266.75]","[(9, 0.03353333333333333, 0.028346825396825398), (10, 0.010566666666666665, 0.062433333333333334), (20, 1.666666666666667e-05, 0.002677777777777778), (0, 0, 0), (0, 0, 0), (0, 0, 0)]","[(4017, 67.06646666666666, 10.081653174603174), (16095, 51.889433333333336, 6.127566666666667), (32192, 58.199983333333336, 11.63732222222222), (4026, 67.1, 10.11), (16105, 51.900000000000006, 6.1899999999999995), (32212, 58.2, 11.639999999999999)]","[0, 0, 0, 0, 0, 0]","[0, 0, 0, 0, 0, 0]"
34,"[29.064283941424673, 8.20784991360158, 14.108373161194216, 0.0, 0.0, 0.0]","[9, 4, 8, 0, 0, 0]","[785.87513869103, 373.10302139526993, 1578.8414672900303, 0, 0, 0]","[3243.12486130897, 7728.89697860473, 14532.15853270997, 4029, 8102, 16111]","[4029, 8102, 16111, 4029, 8102, 16111]","[1171, 665, 2273, 0, 0, 0]","[16.48029181218471, 2.745531625921614, 4.356978075281335, 0.0, 0.0, 0.0]","[707.8285333333333, 471.68233333333325, 1497.0576666666666, 0, 0, 0]","[0.6115999999999999, 0.042666666666666665, 0.011466666666666667, 0, 0, 0]","[0.11693333333333332, 0.03413333333333333, 0.0025333333333333336, 0, 0, 0]","[3587.1714666666667, 16708.317666666666, 32862.94233333333, 4295, 17180, 34360]","[371.3884, 359.95733333333334, 376.52853333333337, 372.0, 360.0, 376.54]","[199.88306666666668, 304.96586666666667, 266.74746666666664, 200.0, 305.0, 266.75]","[(14, 0.049533333333333325, 0.039150000000000004), (6, 0.00026666666666666673, 0.05740000000000001), (17, 0.0, 0.008666666666666666), (0, 0, 0), (0, 0, 0), (0, 0, 0)]","[(4012, 67.05046666666667, 10.07085), (16099, 51.89973333333334, 6.132599999999999), (32195, 58.2, 11.631333333333332), (4026, 67.1, 10.11), (16105, 51.900000000000006, 6.1899999999999995), (32212, 58.2, 11.639999999999999)]","[0, 0, 0, 0, 0, 0]","[0, 0, 0, 0, 0, 0]"
35,"[34.42541573591462, 7.627746235497408, 14.486996462044566, 0.0, 0.0, 0.0]","[10, 4, 8, 0, 0, 0]","[502.6049251550126, 285.47336835223564, 1175.296310607464, 0, 0, 0]","[3526.3950748449874, 7816.526631647765, 14935.703689392536, 4029, 8102, 16111]","[4029, 8102, 16111, 4029, 8102, 16111]","[1387, 618, 2334, 0, 0, 0]","[15.803847885137756, 2.882859914629414, 4.419158711680248, 0.0, 0.0, 0.0]","[678.7752666666667, 495.2753333333333, 1518.4229333333335, 0, 0, 0]","[0.6374666666666666, 0.04226666666666667, 0.02333333333333333, 0, 0, 0]","[0.12066666666666666, 0.03133333333333333, 0.005333333333333333, 0, 0, 0]","[3616.2247333333335, 16684.724666666665, 32841.577066666665, 4295, 17180, 34360]","[371.3625333333333, 359.95773333333335, 376.5166666666667, 372.0, 360.0, 376.54]","[199.87933333333334, 304.96866666666665, 266.74466666666666, 200.0, 305.0, 266.75]","[(17, 0.05546666666666666, 0.035833333333333335), (7, 3.3333333333333335e-05, 0.05882777777777778), (16, 0.0, 0.05038888888888889), (0, 0, 0), (0, 0, 0), (0, 0, 0)]","[(4009, 67.04453333333333, 10.074166666666667), (16098, 51.89996666666667, 6.131172222222221), (32196, 58.2, 11.58961111111111), (4026, 67.1, 10.11), (16105, 51.900000000000006, 6.1899999999999995), (32212, 58.2, 11.639999999999999)]","[0, 0, 0, 0, 0, 0]","[0, 0, 0, 0, 0, 0]"
36,"[18.91288160833954, 14.317452480868923, 13.208366954254858, 0.0, 0.0, 0.0]","[6, 7, 7, 0, 0, 0]","[424.65203417737087, 549.6420140975722, 1257.868877918271, 0, 0, 0]","[3604.3479658226292, 7552.357985902428, 14853.13112208173, 4029, 8102, 16111]","[4029, 8102, 16111, 4029, 8102, 16111]","[762, 1160, 2128, 0, 0, 0]","[4.878663562281723, 1.4869398525417152, 7.46555549088087, 0.0, 0.0, 0.0]","[209.5386, 255.45626666666666, 2565.164866666667, 0, 0, 0]","[0.019999999999999997, 0.09186666666666665, 0.2124, 0, 0, 0]","[0.002266666666666667, 0.06933333333333332, 0.0054666666666666665, 0, 0, 0]","[4085.4614, 16924.543733333332, 31794.835133333334, 4295, 17180, 34360]","[371.98, 359.90813333333335, 376.3276, 372.0, 360.0, 376.54]","[199.99773333333334, 304.93066666666664, 266.7445333333333, 200.0, 305.0, 266.75]","[(10, 8.333333333333333e-05, 0.003816666666666666), (16, 0.0, 0.061177777777777775), (11, 0.0, 0.02253888888888889), (0, 0, 0), (0, 0, 0), (0, 0, 0)]","[(4016, 67.09991666666666, 10.106183333333332), (16089, 51.900000000000006, 6.1288222222222215), (32201, 58.2, 11.61746111111111), (4026, 67.1, 10.11), (16105, 51.900000000000006, 6.1899999999999995), (32212, 58.2, 11.639999999999999)]","[0, 0, 0, 0, 0, 0]","[0, 0, 0, 0, 0, 0]"
37,"[20.749565649044428, 15.44063194273019, 10.415244243063745, 0.0, 0.0, 0.0]","[6, 8, 6, 0, 0, 0]","[494.0553697115854, 922.9028280314269, 877.4199113924802, 0, 0, 0]","[3534.9446302884144, 7179.097171968573, 15233.58008860752, 4029, 8102, 16111]","[4029, 8102, 16111, 4029, 8102, 16111]","[836, 1251, 1678, 0, 0, 0]","[9.110398137369033, 1.425138145129996, 3.9624200620876993, 0.0, 0.0, 0.0]","[391.29159999999996, 244.83873333333332, 1361.4875333333334, 0, 0, 0]","[0.023866666666666668, 0.07533333333333334, 0.034666666666666665, 0, 0, 0]","[0.0038666666666666667, 0.04586666666666667, 0.008533333333333334, 0, 0, 0]","[3903.7084, 16935.161266666666, 32998.51246666667, 4295, 17180, 34360]","[371.97613333333334, 359.92466666666667, 376.50533333333334, 372.0, 360.0, 376.54]","[199.99613333333335, 304.95413333333335, 266.74146666666667, 200.0, 305.0, 266.75]","[(12, 0.0, 0.004816666666666667), (18, 0.0, 0.02902579365079365), (10, 0.0, 0.0032333333333333337), (0, 0, 0), (0, 0, 0), (0, 0, 0)]","[(4014, 67.1, 10.105183333333333), (16087, 51.900000000000006, 6.160974206349206), (32202, 58.2, 11.636766666666665), (4026, 67.1, 10.11), (16105, 51.900000000000006, 6.1899999999999995), (32212, 58.2, 11.639999999999999)]","[0, 0, 0, 0, 0, 0]","[0, 0, 0, 0, 0, 0]"
38,"[19.28518242740134, 17.835102443841027, 6.641425113276643, 0.0, 0.0, 0.0]","[6, 9, 4, 0, 0, 0]","[352.1969412302767, 927.4280492770297, 657.0691680642313, 0, 0, 0]","[3676.803058769723, 7174.5719507229705, 15453.930831935768, 4029, 8102, 16111]","[4029, 8102, 16111, 4029, 8102, 16111]","[777, 1445, 1070, 0, 0, 0]","[6.480835079549865, 2.9632126503686456, 3.740151920838184, 0.0, 0.0, 0.0]","[278.3518666666667, 509.0799333333333, 1285.1162000000002, 0, 0, 0]","[0.03973333333333334, 0.6492000000000001, 0.027333333333333334, 0, 0, 0]","[0.004666666666666667, 0.14693333333333336, 0.009866666666666666, 0, 0, 0]","[4016.648133333333, 16670.920066666666, 33074.8838, 4295, 17180, 34360]","[371.96026666666666, 359.3508, 376.5126666666667, 372.0, 360.0, 376.54]","[199.99533333333332, 304.8530666666667, 266.74013333333335, 200.0, 305.0, 266.75]","[(13, 0.0648, 0.017455555555555554), (19, 1.666666666666667e-05, 0.029888888888888892), (6, 0.0, 0.0021888888888888887), (0, 0, 0), (0, 0, 0), (0, 0, 0)]","[(4013, 67.03519999999999, 10.092544444444444), (16086, 51.89998333333334, 6.16011111111111), (32206, 58.2, 11.63781111111111), (4026, 67.1, 10.11), (16105, 51.900000000000006, 6.1899999999999995), (32212, 58.2, 11.639999999999999)]","[0, 0, 0, 0, 0, 0]","[0, 0, 0, 0, 0, 0]"
39,"[18.63986100769422, 20.390027153789188, 8.124883619887035, 0.0, 0.0, 0.0]","[6, 9, 5, 0, 0, 0]","[502.7847549135331, 669.5396140963204, 540.7615331023516, 0, 0, 0]","[3526.215245086467, 7432.46038590368, 15570.238466897648, 4029, 8102, 16111]","[4029, 8102, 16111, 4029, 8102, 16111]","[751, 1652, 1309, 0, 0, 0]","[4.022131160263872, 13.317748156771442, 2.9843360496701594, 0.0, 0.0, 0.0]","[172.75053333333332, 2287.9891333333335, 1025.4178666666667, 0, 0, 0]","[0.015333333333333332, 0.828, 0.016133333333333333, 0, 0, 0]","[0.0031999999999999997, 0.14040000000000002, 0.008666666666666668, 0, 0, 0]","[4122.249466666667, 14892.010866666667, 33334.58213333333, 4295, 17180, 34360]","[371.98466666666667, 359.172, 376.52386666666666, 372.0, 360.0, 376.54]","[199.9968, 304.8596, 266.74133333333333, 200.0, 305.0, 266.75]","[(10, 0.03351666666666667, 0.005755555555555555), (18, 0.0, 0.029352380952380953), (11, 0.003533333333333333, 0.0022444444444444447), (0, 0, 0), (0, 0, 0), (0, 0, 0)]","[(4016, 67.06648333333332, 10.104244444444443), (16087, 51.900000000000006, 6.1606476190476185), (32201, 58.19646666666667, 11.637755555555554), (4026, 67.1, 10.11), (16105, 51.900000000000006, 6.1899999999999995), (32212, 58.2, 11.639999999999999)]","[0, 0, 0, 0, 0, 0]","[0, 0, 0, 0, 0, 0]"
40,"[16.257135765698685, 16.26758824981486, 12.798708956613494, 0.0, 0.0, 0.0]","[5, 6, 8, 0, 0, 0]","[414.8877888881034, 926.8536634753928, 1113.9109707590262, 0, 0, 0]","[3614.1122111118966, 7175.146336524607, 14997.089029240973, 4029, 8102, 16111]","[4029, 8102, 16111, 4029, 8102, 16111]","[655, 1318, 2062, 0, 0, 0]","[2.8197578579743885, 10.993348855258052, 1.205170547147846, 0.0, 0.0, 0.0]","[121.1086, 1888.6573333333333, 414.09659999999985, 0, 0, 0]","[0.006266666666666667, 0.033466666666666665, 1.0709333333333335, 0, 0, 0]","[0.0036000000000000003, 0.017066666666666667, 0.3257333333333333, 0, 0, 0]","[4173.8914, 15291.342666666667, 33945.9034, 4295, 17180, 34360]","[371.99373333333335, 359.96653333333336, 375.46906666666666, 372.0, 360.0, 376.54]","[199.9964, 304.98293333333334, 266.42426666666665, 200.0, 305.0, 266.75]","[(8, 0.04946666666666666, 0.004116666666666667), (12, 0.0, 0.026394444444444446), (20, 1.666666666666667e-05, 0.00551111111111111), (0, 0, 0), (0, 0, 0), (0, 0, 0)]","[(4018, 67.05053333333333, 10.105883333333333), (16093, 51.900000000000006, 6.163605555555555), (32192, 58.199983333333336, 11.634488888888887), (4026, 67.1, 10.11), (16105, 51.900000000000006, 6.1899999999999995), (32212, 58.2, 11.639999999999999)]","[0, 0, 0, 0, 0, 0]","[0, 0, 0, 0, 0, 0]"
41,"[20.178704393149665, 18.4152061219452, 9.869033579541927, 0.0, 0.0, 0.0]","[6, 7, 6, 0, 0, 0]","[640.6497499785914, 652.4131387604681, 516.2483035577745, 0, 0, 0]","[3388.3502500214086, 7449.586861239532, 15594.751696442225, 4029, 8102, 16111]","[4029, 8102, 16111, 4029, 8102, 16111]","[813, 1492, 1590, 0, 0, 0]","[2.4800031043849433, 10.09689910748933, 1.3163079161816065, 0.0, 0.0, 0.0]","[106.51613333333333, 1734.6472666666668, 452.2834, 0, 0, 0]","[0.0124, 0.04866666666666667, 0.02573333333333333, 0, 0, 0]","[0.012133333333333333, 0.0336, 0.05706666666666666, 0, 0, 0]","[4188.4838666666665, 15445.352733333333, 33907.7166, 4295, 17180, 34360]","[371.9876, 359.9513333333333, 376.5142666666667, 372.0, 360.0, 376.54]","[199.98786666666666, 304.9664, 266.6929333333333, 200.0, 305.0, 266.75]","[(11, 0.05543333333333332, 0.005983333333333333), (14, 0.0, 0.026277777777777775), (15, 1.666666666666667e-05, 0.0051111111111111105), (0, 0, 0), (0, 0, 0), (0, 0, 0)]","[(4015, 67.04456666666665, 10.104016666666666), (16091, 51.900000000000006, 6.163722222222222), (32197, 58.199983333333336, 11.634888888888888), (4026, 67.1, 10.11), (16105, 51.900000000000006, 6.1899999999999995), (32212, 58.2, 11.639999999999999)]","[0, 0, 0, 0, 0, 0]","[0, 0, 0, 0, 0, 0]"
42,"[27.450980392156865, 13.786719328560848, 13.816647011358699, 0.0, 0.0, 0.0]","[9, 4, 7, 0, 0, 0]","[740.8887771312885, 807.3164825529632, 1360.4702619552165, 0, 0, 0]","[3288.1112228687116, 7294.683517447037, 14750.529738044783, 4029, 8102, 16111]","[4029, 8102, 16111, 4029, 8102, 16111]","[1106, 1117, 2226, 0, 0, 0]","[5.35772914241366, 6.356752425300736, 1.2161096235933255, 0.0, 0.0, 0.0]","[230.1144666666667, 1092.0900666666666, 417.85526666666664, 0, 0, 0]","[0.008, 0.0112, 0.062, 0, 0, 0]","[0.0148, 0.010133333333333334, 0.06106666666666666, 0, 0, 0]","[4064.885533333333, 16087.909933333332, 33942.144733333334, 4295, 17180, 34360]","[371.992, 359.9888, 376.478, 372.0, 360.0, 376.54]","[199.9852, 304.98986666666667, 266.68893333333335, 200.0, 305.0, 266.75]","[(19, 3.3333333333333335e-05, 0.003644444444444444), (8, 0.0, 0.0016833333333333331), (16, 0.026199999999999998, 0.014299999999999997), (0, 0, 0), (0, 0, 0), (0, 0, 0)]","[(4007, 67.09996666666666, 10.106355555555554), (16097, 51.900000000000006, 6.188316666666666), (32196, 58.1738, 11.625699999999998), (4026, 67.1, 10.11), (16105, 51.900000000000006, 6.1899999999999995), (32212, 58.2, 11.639999999999999)]","[0, 2, 2, 0, 0, 0]","[2, 2, 0, 0, 0, 0]"
43,"[30.553487217671876, 16.36632930140706, 13.816647011358699, 0.0, 0.0, 0.0]","[12, 5, 7, 0, 0, 0]","[752.0177960868446, 363.5914853206696, 977.9675108969845, 0, 0, 0]","[3276.9822039131554, 7738.40851467933, 15133.032489103016, 4029, 8102, 16111]","[4029, 8102, 16111, 4029, 8102, 16111]","[1231, 1326, 2226, 0, 0, 0]","[8.55490259992239, 6.992530073729142, 1.0670849825378348, 0.0, 0.0, 0.0]","[367.4330666666666, 1201.3166666666666, 366.65040000000005, 0, 0, 0]","[0.014933333333333333, 0.011466666666666665, 0.027599999999999996, 0, 0, 0]","[0.024133333333333333, 0.010133333333333334, 0.05786666666666667, 0, 0, 0]","[3927.5669333333335, 15978.683333333334, 33993.3496, 4295, 17180, 34360]","[371.9850666666667, 359.98853333333335, 376.5124, 372.0, 360.0, 376.54]","[199.97586666666666, 304.98986666666667, 266.69213333333335, 200.0, 305.0, 266.75]","[(24, 3.3333333333333335e-05, 0.008366666666666668), (10, 5e-05, 0.00896111111111111), (16, 0.0002833333333333333, 0.00547222222222222), (0, 0, 0), (0, 0, 0), (0, 0, 0)]","[(4002, 67.09996666666666, 10.101633333333332), (16095, 51.899950000000004, 6.181038888888889), (32196, 58.19971666666667, 11.634527777777777), (4026, 67.1, 10.11), (16105, 51.900000000000006, 6.1899999999999995), (32212, 58.2, 11.639999999999999)]","[0, 2, 2, 0, 0, 0]","[2, 2, 0, 0, 0, 0]"
44,"[32.43981136758501, 18.92125401135522, 15.80286760598349, 0.0, 0.0, 0.0]","[11, 5, 8, 0, 0, 0]","[764.8666330615706, 518.9263853241998, 954.1918999026234, 0, 0, 0]","[3264.1333669384294, 7583.0736146758, 15156.808100097376, 4029, 8102, 16111]","[4029, 8102, 16111, 4029, 8102, 16111]","[1307, 1533, 2546, 0, 0, 0]","[7.772653473030655, 1.0118921226232054, 0.5426940240589834, 0.0, 0.0, 0.0]","[333.83546666666666, 173.8430666666667, 186.46966666666668, 0, 0, 0]","[0.0077333333333333325, 0.0032, 0.046933333333333334, 0, 0, 0]","[0.013600000000000001, 0.007866666666666668, 0.017466666666666665, 0, 0, 0]","[3961.1645333333336, 17006.156933333332, 34173.530333333336, 4295, 17180, 34360]","[371.9922666666667, 359.9968, 376.49306666666666, 372.0, 360.0, 376.54]","[199.9864, 304.99213333333336, 266.7325333333333, 200.0, 305.0, 266.75]","[(22, 0.0487, 0.024988888888888894), (10, 5e-05, 0.0024222222222222223), (20, 0.0, 0.002427777777777778), (0, 0, 0), (0, 0, 0), (0, 0, 0)]","[(4004, 67.0513, 10.085011111111111), (16095, 51.899950000000004, 6.187577777777777), (32192, 58.2, 11.637572222222222), (4026, 67.1, 10.11), (16105, 51.900000000000006, 6.1899999999999995), (32212, 58.2, 11.639999999999999)]","[2, 4, 2, 0, 0, 0]","[2, 4, 2, 0, 0, 0]"
45,"[31.0747083643584, 17.168600345593678, 13.605611073179816, 0.0, 0.0, 0.0]","[11, 4, 7, 0, 0, 0]","[403.8717352520848, 484.2081402145709, 542.5925616417177, 0, 0, 0]","[3625.128264747915, 7617.79185978543, 15568.407438358283, 4029, 8102, 16111]","[4029, 8102, 16111, 4029, 8102, 16111]","[1252, 1391, 2192, 0, 0, 0]","[9.630132712456344, 0.1953007372914241, 0.7146098176173845, 0.0, 0.0, 0.0]","[413.6142, 33.55266666666666, 245.5399333333333, 0, 0, 0]","[0.11173333333333335, 0.002133333333333334, 0.029200000000000004, 0, 0, 0]","[0.21199999999999997, 0.0052, 0.0008000000000000001, 0, 0, 0]","[3881.3858, 17146.447333333334, 34114.46006666667, 4295, 17180, 34360]","[371.88826666666665, 359.99786666666665, 376.5108, 372.0, 360.0, 376.54]","[199.788, 304.9948, 266.7492, 200.0, 305.0, 266.75]","[(21, 0.10214999999999999, 0.06877777777777777), (10, 0.003533333333333333, 0.001566666666666667), (17, 0.0, 0.0047444444444444435), (0, 0, 0), (0, 0, 0), (0, 0, 0)]","[(4005, 66.99785, 10.041222222222222), (16095, 51.896466666666676, 6.188433333333333), (32195, 58.2, 11.635255555555554), (4026, 67.1, 10.11), (16105, 51.900000000000006, 6.1899999999999995), (32212, 58.2, 11.639999999999999)]","[2, 4, 2, 0, 0, 0]","[2, 4, 2, 0, 0, 0]"
46,"[23.752792256142964, 26.943964453221426, 8.813853888647508, 0.0, 0.0, 0.0]","[7, 8, 4, 0, 0, 0]","[327.1721247715971, 954.2515615607175, 640.4389488098068, 0, 0, 0]","[3701.8278752284027, 7147.748438439283, 15470.561051190194, 4029, 8102, 16111]","[4029, 8102, 16111, 4029, 8102, 16111]","[957, 2183, 1420, 0, 0, 0]","[7.871374466433837, 2.691609623593326, 0.24794974776872336, 0.0, 0.0, 0.0]","[338.0755333333333, 462.4185333333334, 85.19553333333334, 0, 0, 0]","[0.11613333333333334, 1.1980000000000002, 0.01906666666666667, 0, 0, 0]","[0.20240000000000005, 0.3905333333333333, 0.0002666666666666667, 0, 0, 0]","[3956.924466666667, 16717.581466666667, 34274.80446666667, 4295, 17180, 34360]","[371.8838666666667, 358.802, 376.52093333333335, 372.0, 360.0, 376.54]","[199.7976, 304.60946666666666, 266.7497333333333, 200.0, 305.0, 266.75]","[(13, 0.0, 0.031144444444444443), (20, 0.01225, 0.4570944444444444), (10, 0.0, 0.0027555555555555554), (0, 0, 0), (0, 0, 0), (0, 0, 0)]","[(4013, 67.1, 10.078855555555554), (16085, 51.887750000000004, 5.732905555555555), (32202, 58.2, 11.637244444444443), (4026, 67.1, 10.11), (16105, 51.900000000000006, 6.1899999999999995), (32212, 58.2, 11.639999999999999)]","[2, 4, 2, 0, 0, 0]","[2, 4, 2, 0, 0, 0]"
47,"[24.79523454951601, 30.20241915576401, 10.483520576003972, 0.0, 0.0, 0.0]","[5, 10, 5, 0, 0, 0]","[403.1491945387018, 1529.1562574533723, 1122.7307908778369, 0, 0, 0]","[3625.850805461298, 6572.843742546627, 14988.269209122163, 4029, 8102, 16111]","[4029, 8102, 16111, 4029, 8102, 16111]","[999, 2447, 1689, 0, 0, 0]","[5.867430345362824, 3.261519596429957, 0.36264377182770663, 0.0, 0.0, 0.0]","[252.0061333333333, 560.3290666666667, 124.6044, 0, 0, 0]","[0.1344, 0.8977333333333334, 0.024666666666666663, 0, 0, 0]","[0.20466666666666672, 0.3234666666666667, 0.007599999999999999, 0, 0, 0]","[4042.9938666666667, 16619.670933333335, 34235.3956, 4295, 17180, 34360]","[371.8656, 359.10226666666665, 376.51533333333333, 372.0, 360.0, 376.54]","[199.79533333333333, 304.67653333333334, 266.7424, 200.0, 305.0, 266.75]","[(8, 0.0, 0.05520357142857143), (19, 0.0012166666666666665, 0.28542222222222224), (12, 0.0, 0.0028944444444444443), (0, 0, 0), (0, 0, 0), (0, 0, 0)]","[(4018, 67.1, 10.054796428571429), (16086, 51.89878333333334, 5.904577777777777), (32200, 58.2, 11.637105555555554), (4026, 67.1, 10.11), (16105, 51.900000000000006, 6.1899999999999995), (32212, 58.2, 11.639999999999999)]","[2, 4, 2, 0, 0, 0]","[2, 4, 2, 0, 0, 0]"
48,"[21.245966741126832, 28.20291286102197, 7.9572962572155665, 0.0, 0.0, 0.0]","[6, 12, 5, 0, 0, 0]","[626.0648792263763, 1292.5998174865142, 648.5162114022017, 0, 0, 0]","[3402.9351207736236, 6809.400182513486, 15462.483788597798, 4029, 8102, 16111]","[4029, 8102, 16111, 4029, 8102, 16111]","[856, 2285, 1282, 0, 0, 0]","[4.681310050446255, 5.273624757469926, 0.3331431897555297, 0.0, 0.0, 0.0]","[201.06226666666666, 906.0087333333333, 114.46799999999999, 0, 0, 0]","[0.13413333333333335, 1.0424, 0.027466666666666667, 0, 0, 0]","[0.20479999999999998, 0.3734666666666666, 0.008266666666666667, 0, 0, 0]","[4093.937733333333, 16273.991266666666, 34245.532, 4295, 17180, 34360]","[371.86586666666665, 358.9576, 376.51253333333335, 372.0, 360.0, 376.54]","[199.7952, 304.6265333333333, 266.74173333333334, 200.0, 305.0, 266.75]","[(13, 0.0048833333333333315, 0.056966666666666665), (23, 0.0007666666666666667, 0.3723666666666667), (12, 0.0, 0.0026722222222222225), (0, 0, 0), (0, 0, 0), (0, 0, 0)]","[(4013, 67.09511666666666, 10.053033333333333), (16082, 51.89923333333334, 5.817633333333333), (32200, 58.2, 11.637327777777777), (4026, 67.1, 10.11), (16105, 51.900000000000006, 6.1899999999999995), (32212, 58.2, 11.639999999999999)]","[0, 0, 0, 0, 0, 0]","[0, 0, 0, 0, 0, 0]"
49,"[29.833705634152395, 19.89632189582819, 9.27316740115449, 0.0, 0.0, 0.0]","[8, 9, 6, 0, 0, 0]","[760.0337702567592, 763.7172652469112, 694.6281096209566, 0, 0, 0]","[3268.9662297432405, 7338.282734753089, 15416.371890379043, 4029, 8102, 16111]","[4029, 8102, 16111, 4029, 8102, 16111]","[1202, 1612, 1494, 0, 0, 0]","[5.862308110205665, 3.1397046953822274, 0.51090648040357, 0.0, 0.0, 0.0]","[251.7861333333333, 539.4012666666667, 175.54746666666665, 0, 0, 0]","[0.1386666666666667, 0.0576, 0.026533333333333336, 0, 0, 0]","[0.21240000000000003, 0.053599999999999995, 0.0074666666666666675, 0, 0, 0]","[4043.2138666666665, 16640.598733333332, 34184.45253333334, 4295, 17180, 34360]","[371.86133333333333, 359.9424, 376.51346666666666, 372.0, 360.0, 376.54]","[199.7876, 304.9464, 266.7425333333333, 200.0, 305.0, 266.75]","[(17, 0.0, 0.05409126984126984), (16, 3.3333333333333335e-05, 0.06350555555555555), (11, 0.0, 0.0037354700854700853), (0, 0, 0), (0, 0, 0), (0, 0, 0)]","[(4009, 67.1, 10.05590873015873), (16089, 51.89996666666667, 6.126494444444444), (32201, 58.2, 11.636264529914529), (4026, 67.1, 10.11), (16105, 51.900000000000006, 6.1899999999999995), (32212, 58.2, 11.639999999999999)]","[0, 0, 0, 0, 0, 0]","[0, 0, 0, 0, 0, 0]"
50,"[32.09233060312733, 12.453715132066156, 11.979392961330767, 0.0, 0.0, 0.0]","[9, 6, 8, 0, 0, 0]","[617.767265258512, 427.2127841524681, 830.0513557898414, 0, 0, 0]","[3411.232734741488, 7674.787215847532, 15280.948644210159, 4029, 8102, 16111]","[4029, 8102, 16111, 4029, 8102, 16111]","[1293, 1009, 1930, 0, 0, 0]","[6.148128831975164, 2.646092355452076, 3.2760277454404343, 0.0, 0.0, 0.0]","[264.0621333333333, 454.59866666666665, 1125.6431333333333, 0, 0, 0]","[0.13546666666666665, 0.011199999999999998, 0.23813333333333336, 0, 0, 0]","[0.2206666666666667, 0.040266666666666666, 1.4945333333333333, 0, 0, 0]","[4030.9378666666667, 16725.401333333335, 33234.35686666667, 4295, 17180, 34360]","[371.8645333333333, 359.9888, 376.3018666666667, 372.0, 360.0, 376.54]","[199.77933333333334, 304.95973333333336, 265.2554666666667, 200.0, 305.0, 266.75]","[(19, 5e-05, 0.05366111111111111), (12, 0.0002833333333333333, 0.004716666666666666), (15, 0.0, 0.027811111111111116), (0, 0, 0), (0, 0, 0), (0, 0, 0)]","[(4007, 67.09994999999999, 10.056338888888888), (16093, 51.89971666666667, 6.185283333333333), (32197, 58.2, 11.612188888888888), (4026, 67.1, 10.11), (16105, 51.900000000000006, 6.1899999999999995), (32212, 58.2, 11.639999999999999)]","[0, 0, 0, 0, 0, 0]","[0, 0, 0, 0, 0, 0]"
51,"[30.330106726234796, 14.243396692174773, 12.538017503568991, 0.0, 0.0, 0.0]","[10, 7, 8, 0, 0, 0]","[735.7242668369122, 536.5370862735592, 1526.4467522330663, 0, 0, 0]","[3293.275733163088, 7565.462913726441, 14584.553247766933, 4029, 8102, 16111]","[4029, 8102, 16111, 4029, 8102, 16111]","[1222, 1154, 2020, 0, 0, 0]","[8.341308498253783, 3.1625944897167244, 2.5797262320527747, 0.0, 0.0, 0.0]","[358.25919999999996, 543.3337333333333, 886.3939333333334, 0, 0, 0]","[0.16959999999999997, 0.15266666666666667, 12.2896, 0, 0, 0]","[0.24559999999999998, 0.26439999999999997, 12.837066666666669, 0, 0, 0]","[3936.7408, 16636.666266666667, 33473.60606666667, 4295, 17180, 34360]","[371.8304, 359.8473333333333, 364.2504, 372.0, 360.0, 376.54]","[199.7544, 304.7356, 253.91293333333334, 200.0, 305.0, 266.75]","[(22, 0.0, 0.038450000000000005), (12, 0.04993333333333333, 0.10437222222222221), (14, 0.0, 0.025455555555555558), (0, 0, 0), (0, 0, 0), (0, 0, 0)]","[(4004, 67.1, 10.07155), (16093, 51.85006666666667, 6.085627777777777), (32198, 58.2, 11.614544444444443), (4026, 67.1, 10.11), (16105, 51.900000000000006, 6.1899999999999995), (32212, 58.2, 11.639999999999999)]","[0, 0, 0, 0, 0, 0]","[0, 0, 0, 0, 0, 0]"
52,"[24.94415487714073, 13.626265119723524, 14.251132766432873, 0.0, 0.0, 0.0]","[10, 7, 9, 0, 0, 0]","[393.15502277045834, 706.4143447850066, 1284.1088940855325, 0, 0, 0]","[3635.8449772295417, 7395.5856552149935, 14826.891105914467, 4029, 8102, 16111]","[4029, 8102, 16111, 4029, 8102, 16111]","[1005, 1104, 2296, 0, 0, 0]","[7.768596041909197, 2.193670547147846, 2.366866899495537, 0.0, 0.0, 0.0]","[333.6612, 376.8726, 813.2554666666666, 0, 0, 0]","[0.18, 0.14986666666666668, 0.20266666666666666, 0, 0, 0]","[0.2657333333333333, 0.25320000000000004, 0.6157333333333334, 0, 0, 0]","[3961.3388, 16803.1274, 33546.74453333333, 4295, 17180, 34360]","[371.82, 359.85013333333336, 376.33733333333333, 372.0, 360.0, 376.54]","[199.73426666666666, 304.7468, 266.1342666666667, 200.0, 305.0, 266.75]","[(22, 0.003116666666666667, 0.07026111111111111), (13, 0.00015000000000000001, 0.08348333333333334), (17, 0.0, 0.016655555555555555), (0, 0, 0), (0, 0, 0), (0, 0, 0)]","[(4004, 67.09688333333332, 10.039738888888888), (16092, 51.89985000000001, 6.106516666666666), (32195, 58.2, 11.623344444444443), (4026, 67.1, 10.11), (16105, 51.900000000000006, 6.1899999999999995), (32212, 58.2, 11.639999999999999)]","[0, 0, 0, 0, 0, 0]","[0, 0, 0, 0, 0, 0]"
53,"[16.654256639364608, 18.859540854110097, 11.544907206256596, 0.0, 0.0, 0.0]","[7, 10, 7, 0, 0, 0]","[308.9359212190695, 687.2814292455997, 1609.5913950310355, 0, 0, 0]","[3720.0640787809307, 7414.7185707544, 14501.408604968965, 4029, 8102, 16111]","[4029, 8102, 16111, 4029, 8102, 16111]","[671, 1528, 1860, 0, 0, 0]","[7.370894838960031, 2.7012716336825764, 0.6248383779588669, 0.0, 0.0, 0.0]","[316.5799333333333, 464.07846666666666, 214.69446666666664, 0, 0, 0]","[0.05653333333333333, 0.15413333333333334, 0.021066666666666668, 0, 0, 0]","[0.05173333333333334, 0.2310666666666667, 0.002, 0, 0, 0]","[3978.4200666666666, 16715.921533333334, 34145.30553333333, 4295, 17180, 34360]","[371.94346666666667, 359.84586666666667, 376.51893333333334, 372.0, 360.0, 376.54]","[199.94826666666665, 304.76893333333334, 266.748, 200.0, 305.0, 266.75]","[(15, 0.001633333333333333, 0.008994444444444444), (20, 6.666666666666667e-05, 0.0892111111111111), (11, 0.0, 0.03091666666666667), (0, 0, 0), (0, 0, 0), (0, 0, 0)]","[(4011, 67.09836666666666, 10.101005555555554), (16085, 51.89993333333334, 6.100788888888888), (32201, 58.2, 11.609083333333333), (4026, 67.1, 10.11), (16105, 51.900000000000006, 6.1899999999999995), (32212, 58.2, 11.639999999999999)]","[0, 0, 0, 0, 0, 0]","[0, 0, 0, 0, 0, 0]"
54,"[13.378009431620749, 15.699827203159714, 15.12631121593942, 0.0, 0.0, 0.0]","[6, 9, 9, 0, 0, 0]","[343.4896055790364, 789.0074663642162, 1149.3724175100524, 0, 0, 0]","[3685.5103944209636, 7312.992533635784, 14961.627582489948, 4029, 8102, 16111]","[4029, 8102, 16111, 4029, 8102, 16111]","[539, 1272, 2437, 0, 0, 0]","[6.1115560729530465, 2.364057043073341, 1.0430498641831587, 0.0, 0.0, 0.0]","[262.49133333333333, 406.145, 358.3919333333333, 0, 0, 0]","[0.06293333333333334, 0.12173333333333333, 0.20093333333333332, 0, 0, 0]","[0.07346666666666667, 0.21053333333333332, 0.06266666666666666, 0, 0, 0]","[4032.5086666666666, 16773.855, 34001.60806666667, 4295, 17180, 34360]","[371.9370666666667, 359.87826666666666, 376.33906666666667, 372.0, 360.0, 376.54]","[199.92653333333334, 304.78946666666667, 266.68733333333336, 200.0, 305.0, 266.75]","[(14, 0.0027500000000000003, 0.016255555555555554), (19, 1.666666666666667e-05, 0.035416666666666666), (18, 0.0, 0.0854222222222222), (0, 0, 0), (0, 0, 0), (0, 0, 0)]","[(4012, 67.09724999999999, 10.093744444444443), (16086, 51.89998333333334, 6.154583333333333), (32194, 58.2, 11.554577777777777), (4026, 67.1, 10.11), (16105, 51.900000000000006, 6.1899999999999995), (32212, 58.2, 11.639999999999999)]","[0, 0, 0, 0, 0, 0]","[0, 0, 0, 0, 0, 0]"
55,"[13.005708612558948, 15.033325104912368, 13.531127800881384, 0.0, 0.0, 0.0]","[5, 9, 8, 0, 0, 0]","[220.08348453590233, 804.9337655657786, 1599.4503961200203, 0, 0, 0]","[3808.9165154640978, 7297.066234434222, 14511.54960387998, 4029, 8102, 16111]","[4029, 8102, 16111, 4029, 8102, 16111]","[524, 1218, 2180, 0, 0, 0]","[7.844967015909972, 2.406781528909584, 1.2810838183934807, 0.0, 0.0, 0.0]","[336.9413333333333, 413.4850666666666, 440.1804, 0, 0, 0]","[0.05466666666666667, 0.019333333333333334, 0.1928, 0, 0, 0]","[0.06453333333333333, 0.027466666666666667, 0.03133333333333334, 0, 0, 0]","[3958.058666666667, 16766.514933333332, 33919.8196, 4295, 17180, 34360]","[371.94533333333334, 359.98066666666665, 376.34720000000004, 372.0, 360.0, 376.54]","[199.93546666666666, 304.97253333333333, 266.71866666666665, 200.0, 305.0, 266.75]","[(11, 0.0002, 0.009005555555555557), (18, 0.00039999999999999996, 0.005338888888888889), (16, 0.03996666666666667, 0.09347777777777778), (0, 0, 0), (0, 0, 0), (0, 0, 0)]","[(4015, 67.09979999999999, 10.100994444444444), (16087, 51.89960000000001, 6.184661111111111), (32196, 58.16003333333334, 11.54652222222222), (4026, 67.1, 10.11), (16105, 51.900000000000006, 6.1899999999999995), (32212, 58.2, 11.639999999999999)]","[0, 0, 0, 0, 0, 0]","[0, 0, 0, 0, 0, 0]"
56,"[13.005708612558948, 19.291532954825968, 16.86425423623611, 0.0, 0.0, 0.0]","[4, 10, 10, 0, 0, 0]","[424.2400052542789, 770.3549153514059, 724.7153794473215, 0, 0, 0]","[3604.759994745721, 7331.645084648594, 15386.284620552678, 4029, 8102, 16111]","[4029, 8102, 16111, 4029, 8102, 16111]","[524, 1563, 2717, 0, 0, 0]","[6.0139216142801715, 3.1071517268141244, 1.3257140085370587, 0.0, 0.0, 0.0]","[258.29793333333333, 533.8086666666666, 455.51533333333333, 0, 0, 0]","[0.004133333333333334, 8.275466666666667, 0.19933333333333333, 0, 0, 0]","[0.0108, 8.2984, 0.032266666666666666, 0, 0, 0]","[4036.7020666666667, 16646.191333333332, 33904.48466666666, 4295, 17180, 34360]","[371.99586666666664, 351.72453333333334, 376.34066666666666, 372.0, 360.0, 376.54]","[199.9892, 296.7016, 266.71773333333334, 200.0, 305.0, 266.75]","[(8, 3.333333333333334e-05, 0.0018888888888888887), (19, 0.00021666666666666668, 0.012199999999999999), (22, 0.0045833333333333325, 0.07635000000000002), (0, 0, 0), (0, 0, 0), (0, 0, 0)]","[(4018, 67.09996666666666, 10.10811111111111), (16086, 51.89978333333334, 6.1777999999999995), (32190, 58.19541666666667, 11.563649999999999), (4026, 67.1, 10.11), (16105, 51.900000000000006, 6.1899999999999995), (32212, 58.2, 11.639999999999999)]","[0, 0, 0, 0, 0, 0]","[0, 0, 0, 0, 0, 0]"
57,"[14.370811615785556, 13.885460380153047, 11.737322326360871, 0.0, 0.0, 0.0]","[5, 7, 7, 0, 0, 0]","[275.07683768193806, 555.81268899169, 1146.8569229356276, 0, 0, 0]","[3753.923162318062, 7546.18731100831, 14964.143077064373, 4029, 8102, 16111]","[4029, 8102, 16111, 4029, 8102, 16111]","[579, 1125, 1891, 0, 0, 0]","[9.448128831975165, 2.0438835855646103, 1.7674538222739617, 0.0, 0.0, 0.0]","[405.79713333333336, 351.1392, 607.2971333333332, 0, 0, 0]","[0.0408, 24.236400000000007, 0.010533333333333334, 0, 0, 0]","[0.04013333333333333, 24.292266666666663, 0.010133333333333333, 0, 0, 0]","[3889.2028666666665, 16828.8608, 33752.70286666667, 4295, 17180, 34360]","[371.9592, 335.7636, 376.5294666666667, 372.0, 360.0, 376.54]","[199.95986666666667, 280.70773333333335, 266.73986666666667, 200.0, 305.0, 266.75]","[(10, 0.03796666666666666, 0.022027777777777778), (14, 5.000000000000001e-05, 0.004555555555555556), (19, 0.003533333333333333, 0.0033833333333333332), (0, 0, 0), (0, 0, 0), (0, 0, 0)]","[(4016, 67.06203333333333, 10.087972222222222), (16091, 51.899950000000004, 6.185444444444444), (32193, 58.19646666666667, 11.636616666666665), (4026, 67.1, 10.11), (16105, 51.900000000000006, 6.1899999999999995), (32212, 58.2, 11.639999999999999)]","[0, 0, 0, 0, 0, 0]","[0, 0, 0, 0, 0, 0]"
58,"[11.913626209977663, 13.107874598864477, 14.195270312209049, 0.0, 0.0, 0.0]","[5, 6, 9, 0, 0, 0]","[172.67913289813916, 578.1692291599986, 833.4608629557083, 0, 0, 0]","[3856.320867101861, 7523.830770840002, 15277.539137044292, 4029, 8102, 16111]","[4029, 8102, 16111, 4029, 8102, 16111]","[480, 1062, 2287, 0, 0, 0]","[6.7015599534342245, 6.793909972836633, 3.368848273185875, 0.0, 0.0, 0.0]","[287.83199999999994, 1167.1937333333335, 1157.5362666666667, 0, 0, 0]","[0.04706666666666666, 20.791066666666666, 0.007200000000000001, 0, 0, 0]","[0.05773333333333333, 22.0996, 0.005333333333333333, 0, 0, 0]","[4007.168, 16012.806266666666, 33202.46373333333, 4295, 17180, 34360]","[371.9529333333333, 339.20893333333333, 376.5328, 372.0, 360.0, 376.54]","[199.94226666666665, 282.9004, 266.74466666666666, 200.0, 305.0, 266.75]","[(9, 0.00031666666666666665, 0.007905555555555555), (13, 3.3333333333333335e-05, 0.05234801587301588), (21, 5e-05, 0.007855555555555555), (0, 0, 0), (0, 0, 0), (0, 0, 0)]","[(4017, 67.09968333333333, 10.102094444444443), (16092, 51.89996666666667, 6.137651984126983), (32191, 58.19995, 11.632144444444442), (4026, 67.1, 10.11), (16105, 51.900000000000006, 6.1899999999999995), (32212, 58.2, 11.639999999999999)]","[0, 0, 0, 0, 0, 0]","[0, 0, 0, 0, 0, 0]"
59,"[7.421196326631918, 12.823994075536904, 12.345602383464714, 0.0, 0.0, 0.0]","[4, 6, 8, 0, 0, 0]","[229.11297797436688, 454.354017087988, 1039.4035490345839, 0, 0, 0]","[3799.887022025633, 7647.645982912012, 15071.596450965417, 4029, 8102, 16111]","[4029, 8102, 16111, 4029, 8102, 16111]","[299, 1039, 1989, 0, 0, 0]","[4.685392316647264, 6.708462165308498, 3.391992045013582, 0.0, 0.0, 0.0]","[201.2376, 1152.5138, 1165.4884666666667, 0, 0, 0]","[0.048, 22.110266666666668, 0.02146666666666667, 0, 0, 0]","[0.034133333333333335, 22.764266666666668, 0.021599999999999998, 0, 0, 0]","[4093.7624, 16027.4862, 33194.51153333333, 4295, 17180, 34360]","[371.952, 337.8897333333333, 376.5185333333334, 372.0, 360.0, 376.54]","[199.96586666666667, 282.2357333333333, 266.7284, 200.0, 305.0, 266.75]","[(8, 6.666666666666667e-05, 0.007772222222222223), (15, 0.4706, 0.10642222222222222), (19, 0.0035499999999999998, 0.003316666666666667), (0, 0, 0), (0, 0, 0), (0, 0, 0)]","[(4018, 67.09993333333333, 10.102227777777777), (16090, 51.42940000000001, 6.083577777777777), (32193, 58.196450000000006, 11.636683333333332), (4026, 67.1, 10.11), (16105, 51.900000000000006, 6.1899999999999995), (32212, 58.2, 11.639999999999999)]","[0, 0, 0, 0, 0, 0]","[0, 0, 0, 0, 0, 0]"
60,"[22.78481012658228, 7.652431498395458, 11.551114145614799, 0.0, 0.0, 0.0]","[8, 4, 7, 0, 0, 0]","[508.8317398997327, 389.2364693215967, 807.8414173654028, 0, 0, 0]","[3520.168260100267, 7712.763530678403, 15303.158582634598, 4029, 8102, 16111]","[4029, 8102, 16111, 4029, 8102, 16111]","[918, 620, 1861, 0, 0, 0]","[5.057659293752426, 5.0597667830811, 1.6430925494761348, 0.0, 0.0, 0.0]","[217.2264666666667, 869.2679333333331, 564.5666, 0, 0, 0]","[0.05666666666666668, 0.19453333333333334, 0.02, 0, 0, 0]","[0.049466666666666666, 0.6232000000000001, 0.0208, 0, 0, 0]","[4077.7735333333335, 16310.732066666667, 33795.4334, 4295, 17180, 34360]","[371.9433333333333, 359.8054666666667, 376.52000000000004, 372.0, 360.0, 376.54]","[199.95053333333334, 304.3768, 266.7292, 200.0, 305.0, 266.75]","[(16, 0.0006166666666666667, 0.007438888888888888), (10, 0.0, 0.03821349206349207), (18, 0.003533333333333333, 0.0017666666666666668), (0, 0, 0), (0, 0, 0), (0, 0, 0)]","[(4010, 67.09938333333332, 10.102561111111111), (16095, 51.900000000000006, 6.1517865079365075), (32194, 58.19646666666667, 11.638233333333332), (4026, 67.1, 10.11), (16105, 51.900000000000006, 6.1899999999999995), (32212, 58.2, 11.639999999999999)]","[0, 0, 0, 0, 0, 0]","[0, 0, 0, 0, 0, 0]"
61,"[20.327624720774388, 9.98518884226117, 9.310409037303707, 0.0, 0.0, 0.0]","[7, 5, 6, 0, 0, 0]","[266.3346897207748, 489.14793417145887, 801.6565688022808, 0, 0, 0]","[3762.665310279225, 7612.8520658285415, 15309.34343119772, 4029, 8102, 16111]","[4029, 8102, 16111, 4029, 8102, 16111]","[819, 809, 1500, 0, 0, 0]","[2.757684128831975, 5.65256111757858, 1.6011327124563453, 0.0, 0.0, 0.0]","[118.44253333333333, 971.1100000000001, 550.1492000000002, 0, 0, 0]","[0.023333333333333334, 0.15546666666666664, 0.019733333333333332, 0, 0, 0]","[0.029199999999999997, 0.6621333333333334, 0.019066666666666666, 0, 0, 0]","[4176.557466666667, 16208.89, 33809.8508, 4295, 17180, 34360]","[371.9766666666667, 359.84453333333335, 376.5202666666667, 372.0, 360.0, 376.54]","[199.9708, 304.3378666666667, 266.7309333333333, 200.0, 305.0, 266.75]","[(14, 0.00335, 0.009444444444444446), (14, 0.10825000000000001, 0.06000555555555557), (14, 1.666666666666667e-05, 0.0024777777777777775), (0, 0, 0), (0, 0, 0), (0, 0, 0)]","[(4012, 67.09665, 10.100555555555555), (16091, 51.79175000000001, 6.129994444444444), (32198, 58.199983333333336, 11.637522222222222), (4026, 67.1, 10.11), (16105, 51.900000000000006, 6.1899999999999995), (32212, 58.2, 11.639999999999999)]","[0, 0, 0, 0, 0, 0]","[0, 0, 0, 0, 0, 0]"
62,"[19.061801935964258, 16.31695877561096, 8.044193408230402, 0.0, 0.0, 0.0]","[7, 8, 5, 0, 0, 0]","[437.6557222636189, 943.9933483806412, 591.6550269854625, 0, 0, 0]","[3591.344277736381, 7158.006651619358, 15519.344973014537, 4029, 8102, 16111]","[4029, 8102, 16111, 4029, 8102, 16111]","[768, 1322, 1296, 0, 0, 0]","[16.692909584788513, 4.404344198680636, 0.3102504850601475, 0.0, 0.0, 0.0]","[716.9604666666667, 756.6663333333333, 106.60206666666667, 0, 0, 0]","[0.060933333333333325, 0.5836, 0.0, 0, 0, 0]","[0.0772, 0.45293333333333324, 0.0, 0, 0, 0]","[3578.0395333333336, 16423.333666666666, 34253.397933333334, 4295, 17180, 34360]","[371.9390666666667, 359.4164, 376.54, 372.0, 360.0, 376.54]","[199.9228, 304.5470666666667, 266.75, 200.0, 305.0, 266.75]","[(14, 0.06346666666666666, 0.03719999999999999), (21, 0.47498333333333337, 0.08260555555555556), (12, 1.666666666666667e-05, 0.0011722222222222225), (0, 0, 0), (0, 0, 0), (0, 0, 0)]","[(4012, 67.03653333333332, 10.072799999999999), (16084, 51.42501666666667, 6.107394444444444), (32200, 58.199983333333336, 11.638827777777777), (4026, 67.1, 10.11), (16105, 51.900000000000006, 6.1899999999999995), (32212, 58.2, 11.639999999999999)]","[0, 0, 0, 0, 0, 0]","[0, 0, 0, 0, 0, 0]"
63,"[29.03946388682055, 14.76178721303382, 7.597293774439824, 0.0, 0.0, 0.0]","[9, 7, 5, 0, 0, 0]","[648.4062168535473, 1050.6217099913633, 734.485794276539, 0, 0, 0]","[3380.5937831464526, 7051.378290008637, 15376.51420572346, 4029, 8102, 16111]","[4029, 8102, 16111, 4029, 8102, 16111]","[1170, 1196, 1224, 0, 0, 0]","[11.674809468374079, 3.073347691113698, 0.17241501746216534, 0.0, 0.0, 0.0]","[501.43306666666666, 528.0011333333333, 59.241800000000005, 0, 0, 0]","[0.04586666666666667, 0.4249333333333334, 0.0008, 0, 0, 0]","[0.04253333333333333, 0.35879999999999995, 0.0033333333333333335, 0, 0, 0]","[3793.5669333333335, 16651.998866666665, 34300.7582, 4295, 17180, 34360]","[371.95413333333335, 359.57506666666666, 376.5392, 372.0, 360.0, 376.54]","[199.95746666666668, 304.6412, 266.74666666666667, 200.0, 305.0, 266.75]","[(18, 0.029699999999999994, 0.02708547008547008), (18, 0.0002333333333333333, 0.0601388888888889), (9, 0.0, 0.0014333333333333331), (0, 0, 0), (0, 0, 0), (0, 0, 0)]","[(4008, 67.07029999999999, 10.082914529914529), (16087, 51.89976666666667, 6.1298611111111105), (32203, 58.2, 11.638566666666666), (4026, 67.1, 10.11), (16105, 51.900000000000006, 6.1899999999999995), (32212, 58.2, 11.639999999999999)]","[0, 0, 0, 0, 0, 0]","[0, 0, 0, 0, 0, 0]"
64,"[26.160337552742618, 21.871142927672178, 5.72900502762088, 0.0, 0.0, 0.0]","[8, 9, 4, 0, 0, 0]","[621.2104797582329, 974.2368041810291, 709.8204682723834, 0, 0, 0]","[3407.789520241767, 7127.76319581897, 15401.179531727617, 4029, 8102, 16111]","[4029, 8102, 16111, 4029, 8102, 16111]","[1054, 1772, 923, 0, 0, 0]","[11.001418703919285, 3.0647396197128445, 0.12002949165696546, 0.0, 0.0, 0.0]","[472.51093333333324, 526.5222666666667, 41.24213333333333, 0, 0, 0]","[0.048133333333333334, 8.692666666666664, 0.0, 0, 0, 0]","[0.04013333333333333, 8.6452, 0.0028, 0, 0, 0]","[3822.489066666667, 16653.477733333333, 34318.75786666667, 4295, 17180, 34360]","[371.95186666666666, 351.30733333333336, 376.54, 372.0, 360.0, 376.54]","[199.95986666666667, 296.3548, 266.7472, 200.0, 305.0, 266.75]","[(17, 0.030350000000000002, 0.04020000000000001), (22, 0.06458333333333334, 0.08010555555555557), (8, 0.0, 0.0009), (0, 0, 0), (0, 0, 0), (0, 0, 0)]","[(4009, 67.06965, 10.069799999999999), (16083, 51.835416666666674, 6.109894444444444), (32204, 58.2, 11.6391), (4026, 67.1, 10.11), (16105, 51.900000000000006, 6.1899999999999995), (32212, 58.2, 11.639999999999999)]","[0, 0, 0, 0, 0, 0]","[0, 0, 0, 0, 0, 0]"
65,"[24.96897493174485, 20.82201925450506, 10.27248463782509, 0.0, 0.0, 0.0]","[8, 8, 6, 0, 0, 0]","[271.15475214948333, 1015.4730578136433, 1201.3656168766981, 0, 0, 0]","[3757.845247850517, 7086.526942186357, 14909.634383123303, 4029, 8102, 16111]","[4029, 8102, 16111, 4029, 8102, 16111]","[1006, 1687, 1655, 0, 0, 0]","[12.493702755141639, 2.4749371362048898, 2.8787918121847107, 0.0, 0.0, 0.0]","[536.6045333333334, 425.1942, 989.1528666666667, 0, 0, 0]","[0.0044, 24.256000000000007, 19.224, 0, 0, 0]","[0.021066666666666668, 24.322266666666664, 0.09826666666666668, 0, 0, 0]","[3758.395466666667, 16754.8058, 33370.84713333334, 4295, 17180, 34360]","[371.9956, 335.74399999999997, 357.31600000000003, 372.0, 360.0, 376.54]","[199.97893333333334, 280.6777333333333, 266.6517333333333, 200.0, 305.0, 266.75]","[(18, 0.10844999999999999, 0.06429444444444445), (19, 0.0017000000000000001, 0.004644444444444444), (10, 0.0003333333333333333, 0.01036111111111111), (0, 0, 0), (0, 0, 0), (0, 0, 0)]","[(4008, 66.99154999999999, 10.045705555555555), (16086, 51.898300000000006, 6.185355555555555), (32202, 58.19966666666667, 11.629638888888888), (4026, 67.1, 10.11), (16105, 51.900000000000006, 6.1899999999999995), (32212, 58.2, 11.639999999999999)]","[0, 0, 0, 0, 0, 0]","[0, 0, 0, 0, 0, 0]"
66,"[25.415735914619013, 27.561096025672672, 12.072497051703806, 0.0, 0.0, 0.0]","[7, 10, 7, 0, 0, 0]","[396.9113617048872, 1239.199878108945, 956.3775315157222, 0, 0, 0]","[3632.088638295113, 6862.800121891055, 15154.622468484278, 4029, 8102, 16111]","[4029, 8102, 16111, 4029, 8102, 16111]","[1024, 2233, 1945, 0, 0, 0]","[10.62811641443539, 6.085133100504462, 2.314859138533178, 0.0, 0.0, 0.0]","[456.4776, 1045.4258666666667, 795.3856, 0, 0, 0]","[0.012133333333333333, 21.76506666666667, 7.756666666666667, 0, 0, 0]","[0.003866666666666667, 21.023199999999996, 0.164, 0, 0, 0]","[3838.5224, 16134.574133333334, 33564.6144, 4295, 17180, 34360]","[371.98786666666666, 338.23493333333334, 368.78333333333336, 372.0, 360.0, 376.54]","[199.99613333333335, 283.9768, 266.586, 200.0, 305.0, 266.75]","[(15, 0.02943333333333333, 0.031111111111111107), (21, 0.015733333333333335, 0.43754444444444446), (13, 0.0, 0.010116666666666666), (0, 0, 0), (0, 0, 0), (0, 0, 0)]","[(4011, 67.07056666666666, 10.078888888888889), (16084, 51.884266666666676, 5.752455555555555), (32199, 58.2, 11.629883333333332), (4026, 67.1, 10.11), (16105, 51.900000000000006, 6.1899999999999995), (32212, 58.2, 11.639999999999999)]","[2, 0, 0, 0, 0, 0]","[0, 2, 2, 0, 0, 0]"
67,"[28.021841648051627, 24.808689212540113, 14.778722611880083, 0.0, 0.0, 0.0]","[8, 8, 8, 0, 0, 0]","[551.9444790852683, 1339.8092576651118, 1494.4296270864058, 0, 0, 0]","[3477.0555209147315, 6762.1907423348885, 14616.570372913595, 4029, 8102, 16111]","[4029, 8102, 16111, 4029, 8102, 16111]","[1129, 2010, 2381, 0, 0, 0]","[12.186542491268916, 5.114175397749321, 2.720231858750485, 0.0, 0.0, 0.0]","[523.4119999999999, 878.6153333333333, 934.6716666666666, 0, 0, 0]","[0.017733333333333337, 22.7664, 15.424000000000001, 0, 0, 0]","[0.010133333333333333, 22.254933333333334, 0.24973333333333336, 0, 0, 0]","[3771.588, 16301.384666666667, 33425.32833333333, 4295, 17180, 34360]","[371.98226666666665, 337.2336, 361.11600000000004, 372.0, 360.0, 376.54]","[199.98986666666667, 282.7450666666667, 266.5002666666667, 200.0, 305.0, 266.75]","[(16, 0.030350000000000002, 0.04702222222222223), (16, 0.004366666666666666, 0.23247777777777778), (13, 0.0006333333333333333, 0.012622222222222222), (0, 0, 0), (0, 0, 0), (0, 0, 0)]","[(4010, 67.06965, 10.062977777777776), (16089, 51.895633333333336, 5.957522222222222), (32199, 58.19936666666667, 11.627377777777777), (4026, 67.1, 10.11), (16105, 51.900000000000006, 6.1899999999999995), (32212, 58.2, 11.639999999999999)]","[2, 0, 0, 0, 0, 0]","[0, 2, 2, 0, 0, 0]"
68,"[25.539836187639615, 26.117008146136754, 13.729749860343865, 0.0, 0.0, 0.0]","[7, 9, 7, 0, 0, 0]","[389.3455028054195, 632.1330209784545, 1449.556586555023, 0, 0, 0]","[3639.6544971945805, 7469.866979021545, 14661.443413444977, 4029, 8102, 16111]","[4029, 8102, 16111, 4029, 8102, 16111]","[1029, 2116, 2212, 0, 0, 0]","[5.942689949553744, 5.64212184710904, 1.6447514551804425, 0.0, 0.0, 0.0]","[255.2385333333333, 969.3165333333332, 565.1366, 0, 0, 0]","[0.036533333333333334, 1.0321333333333331, 6.173733333333333, 0, 0, 0]","[0.019599999999999996, 0.3725333333333333, 0.16626666666666667, 0, 0, 0]","[4039.761466666667, 16210.683466666667, 33794.8634, 4295, 17180, 34360]","[371.96346666666665, 358.9678666666667, 370.36626666666666, 372.0, 360.0, 376.54]","[199.9804, 304.6274666666667, 266.5837333333333, 200.0, 305.0, 266.75]","[(13, 0.0, 0.005755555555555555), (17, 0.0007666666666666668, 0.2913944444444444), (13, 0.0, 0.008983333333333333), (0, 0, 0), (0, 0, 0), (0, 0, 0)]","[(4013, 67.1, 10.104244444444443), (16088, 51.89923333333334, 5.898605555555555), (32199, 58.2, 11.631016666666666), (4026, 67.1, 10.11), (16105, 51.900000000000006, 6.1899999999999995), (32212, 58.2, 11.639999999999999)]","[2, 0, 0, 0, 0, 0]","[2, 2, 2, 0, 0, 0]"
69,"[18.66468106229834, 15.144408787953592, 21.289801998634474, 0.0, 0.0, 0.0]","[6, 6, 11, 0, 0, 0]","[174.3543534022528, 610.4532484748198, 1737.9180334862606, 0, 0, 0]","[3854.645646597747, 7491.54675152518, 14373.081966513739, 4029, 8102, 16111]","[4029, 8102, 16111, 4029, 8102, 16111]","[752, 1227, 3430, 0, 0, 0]","[3.1350811020566547, 0.8036045789677919, 2.12653996895615, 0.0, 0.0, 0.0]","[134.6517333333333, 138.05926666666664, 730.6791333333332, 0, 0, 0]","[0.0368, 0.0030666666666666668, 6.502133333333333, 0, 0, 0]","[0.03053333333333334, 0.0030666666666666668, 0.4285333333333332, 0, 0, 0]","[4160.348266666667, 17041.940733333333, 33629.32086666667, 4295, 17180, 34360]","[371.9632, 359.99693333333335, 370.0378666666667, 372.0, 360.0, 376.54]","[199.96946666666668, 304.99693333333335, 266.32146666666665, 200.0, 305.0, 266.75]","[(10, 0.0, 0.0029944444444444445), (12, 0.007899999999999999, 0.0013611111111111113), (19, 0.00043333333333333337, 0.011699999999999999), (0, 0, 0), (0, 0, 0), (0, 0, 0)]","[(4016, 67.1, 10.107005555555554), (16093, 51.892100000000006, 6.188638888888889), (32193, 58.19956666666667, 11.6283), (4026, 67.1, 10.11), (16105, 51.900000000000006, 6.1899999999999995), (32212, 58.2, 11.639999999999999)]","[2, 0, 0, 0, 0, 0]","[2, 2, 2, 0, 0, 0]"
70,"[18.317200297840657, 20.636879782769686, 18.86288870957731, 0.0, 0.0, 0.0]","[5, 7, 10, 0, 0, 0]","[288.7412778144115, 732.4299793027265, 1243.0776064498477, 0, 0, 0]","[3740.2587221855883, 7369.570020697273, 14867.922393550152, 4029, 8102, 16111]","[4029, 8102, 16111, 4029, 8102, 16111]","[738, 1672, 3039, 0, 0, 0]","[1.6092200232828875, 2.1524714784633296, 1.5748152890958478, 0.0, 0.0, 0.0]","[69.11600000000001, 369.7946, 541.1065333333333, 0, 0, 0]","[0.016, 0.0029333333333333334, 0.043866666666666665, 0, 0, 0]","[0.008133333333333333, 0.013999999999999999, 0.015999999999999997, 0, 0, 0]","[4225.884, 16810.2054, 33818.89346666667, 4295, 17180, 34360]","[371.984, 359.9970666666667, 376.4961333333334, 372.0, 360.0, 376.54]","[199.99186666666665, 304.986, 266.734, 200.0, 305.0, 266.75]","[(9, 0.0, 0.0012222222222222222), (12, 0.0, 0.0016666666666666666), (14, 0.0, 0.007094444444444445), (0, 0, 0), (0, 0, 0), (0, 0, 0)]","[(4017, 67.1, 10.108777777777778), (16093, 51.900000000000006, 6.188333333333333), (32198, 58.2, 11.632905555555554), (4026, 67.1, 10.11), (16105, 51.900000000000006, 6.1899999999999995), (32212, 58.2, 11.639999999999999)]","[2, 2, 0, 0, 0, 0]","[2, 2, 4, 0, 0, 0]"
71,"[18.317200297840657, 18.933596642804247, 14.840792005462106, 0.0, 0.0, 0.0]","[4, 7, 8, 0, 0, 0]","[316.80202760597604, 812.2994632647273, 1245.4791552380548, 0, 0, 0]","[3712.197972394024, 7289.700536735273, 14865.520844761944, 4029, 8102, 16111]","[4029, 8102, 16111, 4029, 8102, 16111]","[738, 1534, 2391, 0, 0, 0]","[2.874696158323632, 2.071094683740784, 1.1920779976717113, 0.0, 0.0, 0.0]","[123.4682, 355.8140666666667, 409.598, 0, 0, 0]","[0.015066666666666666, 0.03973333333333333, 0.0312, 0, 0, 0]","[0.008933333333333333, 0.07093333333333333, 0.019733333333333332, 0, 0, 0]","[4171.5318, 16824.185933333334, 33950.402, 4295, 17180, 34360]","[371.98493333333334, 359.96026666666666, 376.5088, 372.0, 360.0, 376.54]","[199.99106666666665, 304.92906666666664, 266.7302666666667, 200.0, 305.0, 266.75]","[(8, 0.0, 0.0024444444444444444), (12, 0.00013333333333333334, 0.0024000000000000002), (16, 0.0004166666666666667, 0.005577777777777778), (0, 0, 0), (0, 0, 0), (0, 0, 0)]","[(4018, 67.1, 10.107555555555555), (16093, 51.899866666666675, 6.1876), (32196, 58.19958333333334, 11.634422222222222), (4026, 67.1, 10.11), (16105, 51.900000000000006, 6.1899999999999995), (32212, 58.2, 11.639999999999999)]","[2, 2, 0, 0, 0, 0]","[2, 2, 4, 0, 0, 0]"
72,"[12.434847356664184, 13.774376697111823, 12.277326050524486, 0.0, 0.0, 0.0]","[4, 7, 7, 0, 0, 0]","[312.754276078841, 338.47617332436806, 630.6148663918991, 0, 0, 0]","[3716.245723921159, 7763.523826675632, 15480.3851336081, 4029, 8102, 16111]","[4029, 8102, 16111, 4029, 8102, 16111]","[501, 1116, 1978, 0, 0, 0]","[3.515566938300349, 2.7134850601474585, 0.973117384555685, 0.0, 0.0, 0.0]","[150.9936, 466.17673333333335, 334.36313333333334, 0, 0, 0]","[0.019733333333333332, 0.0316, 0.027733333333333332, 0, 0, 0]","[0.004533333333333333, 0.0484, 0.020266666666666665, 0, 0, 0]","[4144.0064, 16713.823266666666, 34025.63686666667, 4295, 17180, 34360]","[371.9802666666667, 359.9684, 376.5122666666667, 372.0, 360.0, 376.54]","[199.99546666666666, 304.9516, 266.72973333333334, 200.0, 305.0, 266.75]","[(10, 0.0, 0.0033277777777777776), (10, 1.666666666666667e-05, 0.0034055555555555553), (14, 0.0, 0.003472222222222222), (0, 0, 0), (0, 0, 0), (0, 0, 0)]","[(4016, 67.1, 10.106672222222223), (16095, 51.89998333333334, 6.186594444444444), (32198, 58.2, 11.636527777777777), (4026, 67.1, 10.11), (16105, 51.900000000000006, 6.1899999999999995), (32212, 58.2, 11.639999999999999)]","[0, 0, 0, 0, 0, 0]","[0, 0, 0, 0, 0, 0]"
73,"[19.905683792504345, 7.788200444334732, 12.283532989882689, 0.0, 0.0, 0.0]","[6, 4, 7, 0, 0, 0]","[591.6198374650637, 275.7049169411647, 1299.7779056117968, 0, 0, 0]","[3437.380162534936, 7826.295083058835, 14811.222094388204, 4029, 8102, 16111]","[4029, 8102, 16111, 4029, 8102, 16111]","[802, 631, 1979, 0, 0, 0]","[3.5908110205665507, 7.026351571594877, 0.6011827706635622, 0.0, 0.0, 0.0]","[154.22533333333334, 1207.1272, 206.5664, 0, 0, 0]","[0.0156, 0.21520000000000003, 0.0156, 0, 0, 0]","[0.012400000000000001, 1.4964, 0.020666666666666667, 0, 0, 0]","[4140.774666666666, 15972.872800000001, 34153.4336, 4295, 17180, 34360]","[371.9844, 359.7848, 376.5244, 372.0, 360.0, 376.54]","[199.9876, 303.5036, 266.72933333333333, 200.0, 305.0, 266.75]","[(13, 0.0, 0.002661111111111111), (7, 1.666666666666667e-05, 0.028855555555555558), (12, 0.0, 0.03128333333333334), (0, 0, 0), (0, 0, 0), (0, 0, 0)]","[(4013, 67.1, 10.107338888888888), (16098, 51.89998333333334, 6.161144444444444), (32200, 58.2, 11.608716666666666), (4026, 67.1, 10.11), (16105, 51.900000000000006, 6.1899999999999995), (32212, 58.2, 11.639999999999999)]","[0, 0, 0, 0, 0, 0]","[0, 0, 0, 0, 0, 0]"
74,"[24.125093075204767, 6.109602567267341, 14.611135249208616, 0.0, 0.0, 0.0]","[8, 3, 8, 0, 0, 0]","[719.9136166723702, 377.45709112634233, 1251.8848875307137, 0, 0, 0]","[3309.08638332763, 7724.542908873657, 14859.115112469286, 4029, 8102, 16111]","[4029, 8102, 16111, 4029, 8102, 16111]","[972, 495, 2354, 0, 0, 0]","[9.032046565774156, 5.222524253007373, 0.4661433837795887, 0.0, 0.0, 0.0]","[387.9264, 897.2296666666667, 160.16686666666666, 0, 0, 0]","[0.5903999999999999, 0.38880000000000003, 0.014799999999999999, 0, 0, 0]","[0.1136, 1.0070666666666666, 0.013333333333333334, 0, 0, 0]","[3907.0736, 16282.770333333334, 34199.83313333333, 4295, 17180, 34360]","[371.4096, 359.6112, 376.52520000000004, 372.0, 360.0, 376.54]","[199.8864, 303.9929333333333, 266.7366666666667, 200.0, 305.0, 266.75]","[(17, 0.0, 0.003944444444444445), (6, 0.0, 0.02471111111111111), (17, 0.0, 0.0024000000000000002), (0, 0, 0), (0, 0, 0), (0, 0, 0)]","[(4009, 67.1, 10.106055555555555), (16099, 51.900000000000006, 6.165288888888888), (32195, 58.2, 11.637599999999999), (4026, 67.1, 10.11), (16105, 51.900000000000006, 6.1899999999999995), (32212, 58.2, 11.639999999999999)]","[0, 0, 0, 0, 0, 0]","[0, 0, 0, 0, 0, 0]"
75,"[26.582278481012654, 7.6154036040483835, 11.315250450003104, 0.0, 0.0, 0.0]","[9, 4, 6, 0, 0, 0]","[493.6298805273527, 277.0958269287893, 1115.6875252118089, 0, 0, 0]","[3535.3701194726473, 7824.904173071211, 14995.312474788192, 4029, 8102, 16111]","[4029, 8102, 16111, 4029, 8102, 16111]","[1071, 617, 1823, 0, 0, 0]","[11.16824990298797, 4.289203337213814, 0.4586437718277066, 0.0, 0.0, 0.0]","[479.67633333333333, 736.8851333333332, 157.58999999999997, 0, 0, 0]","[0.6042666666666665, 0.3853333333333333, 0.004, 0, 0, 0]","[0.11733333333333335, 0.8188000000000001, 0.003333333333333333, 0, 0, 0]","[3815.3236666666667, 16443.114866666667, 34202.41, 4295, 17180, 34360]","[371.39573333333334, 359.61466666666666, 376.536, 372.0, 360.0, 376.54]","[199.88266666666667, 304.1812, 266.74666666666667, 200.0, 305.0, 266.75]","[(17, 0.0, 0.004666666666666666), (9, 0.0, 0.01552777777777778), (12, 0.0, 0.002244444444444444), (0, 0, 0), (0, 0, 0), (0, 0, 0)]","[(4009, 67.1, 10.105333333333332), (16096, 51.900000000000006, 6.174472222222222), (32200, 58.2, 11.637755555555554), (4026, 67.1, 10.11), (16105, 51.900000000000006, 6.1899999999999995), (32212, 58.2, 11.639999999999999)]","[0, 0, 0, 0, 0, 0]","[0, 0, 0, 0, 0, 0]"
76,"[22.98337056341524, 9.059491483584301, 10.09869033579542, 0.0, 0.0, 0.0]","[8, 6, 5, 0, 0, 0]","[596.1742478835184, 420.5891908433428, 514.4208081056188, 0, 0, 0]","[3432.8257521164815, 7681.410809156657, 15596.579191894381, 4029, 8102, 16111]","[4029, 8102, 16111, 4029, 8102, 16111]","[926, 734, 1627, 0, 0, 0]","[11.854905704307333, 1.7241684128831976, 0.9837976329064804, 0.0, 0.0, 0.0]","[509.16819999999996, 296.2121333333333, 338.0328666666666, 0, 0, 0]","[0.5469333333333333, 0.7748, 0.008133333333333333, 0, 0, 0]","[0.11106666666666666, 0.6313333333333333, 0.005733333333333334, 0, 0, 0]","[3785.8318, 16883.787866666666, 34021.96713333333, 4295, 17180, 34360]","[371.45306666666664, 359.2252, 376.5318666666667, 372.0, 360.0, 376.54]","[199.88893333333334, 304.3686666666667, 266.74426666666665, 200.0, 305.0, 266.75]","[(14, 0.0, 0.006538888888888889), (13, 0.0030666666666666663, 0.061983333333333335), (9, 0.0, 0.008077777777777777), (0, 0, 0), (0, 0, 0), (0, 0, 0)]","[(4012, 67.1, 10.10346111111111), (16092, 51.89693333333334, 6.1280166666666664), (32203, 58.2, 11.63192222222222), (4026, 67.1, 10.11), (16105, 51.900000000000006, 6.1899999999999995), (32212, 58.2, 11.639999999999999)]","[0, 0, 0, 0, 0, 0]","[0, 0, 0, 0, 0, 0]"
77,"[25.564656242243732, 11.009627252530239, 5.791074421202905, 0.0, 0.0, 0.0]","[8, 7, 3, 0, 0, 0]","[578.0106646817316, 391.82746141075114, 476.21117367295017, 0, 0, 0]","[3450.9893353182683, 7710.172538589249, 15634.78882632705, 4029, 8102, 16111]","[4029, 8102, 16111, 4029, 8102, 16111]","[1030, 892, 933, 0, 0, 0]","[4.946795498641833, 1.4470310438494371, 0.6242033372138145, 0.0, 0.0, 0.0]","[212.46486666666672, 248.5999333333333, 214.47626666666667, 0, 0, 0]","[0.018266666666666667, 0.6186666666666668, 0.0005333333333333334, 0, 0, 0]","[0.014799999999999999, 0.5393333333333333, 0.0, 0, 0, 0]","[4082.5351333333333, 16931.400066666665, 34145.523733333335, 4295, 17180, 34360]","[371.98173333333335, 359.3813333333333, 376.53946666666667, 372.0, 360.0, 376.54]","[199.9852, 304.46066666666667, 266.75, 200.0, 305.0, 266.75]","[(15, 0.0, 0.006422222222222222), (16, 0.0002333333333333333, 0.05378333333333334), (5, 0.0, 0.04731111111111111), (0, 0, 0), (0, 0, 0), (0, 0, 0)]","[(4011, 67.1, 10.103577777777778), (16089, 51.89976666666667, 6.136216666666666), (32207, 58.2, 11.592688888888887), (4026, 67.1, 10.11), (16105, 51.900000000000006, 6.1899999999999995), (32212, 58.2, 11.639999999999999)]","[0, 0, 0, 0, 0, 0]","[0, 0, 0, 0, 0, 0]"
78,"[25.31645569620253, 11.58973093063441, 7.113152504500031, 0.0, 0.0, 0.0]","[9, 7, 4, 0, 0, 0]","[615.4986212930962, 709.0572129221566, 929.4303854479117, 0, 0, 0]","[3413.501378706904, 7392.942787077844, 15181.569614552089, 4029, 8102, 16111]","[4029, 8102, 16111, 4029, 8102, 16111]","[1020, 939, 1146, 0, 0, 0]","[4.960006208769887, 2.3429549864183157, 0.9474320915793558, 0.0, 0.0, 0.0]","[213.03226666666663, 402.51966666666664, 325.53766666666667, 0, 0, 0]","[0.0216, 0.7718666666666667, 0.0216, 0, 0, 0]","[0.010666666666666666, 0.2832, 0.05253333333333333, 0, 0, 0]","[4081.9677333333334, 16777.480333333333, 34034.46233333334, 4295, 17180, 34360]","[371.9784, 359.22813333333335, 376.51840000000004, 372.0, 360.0, 376.54]","[199.98933333333332, 304.7168, 266.6974666666667, 200.0, 305.0, 266.75]","[(17, 0.0, 0.0038555555555555556), (14, 0.0, 0.0033611111111111116), (6, 0.0, 0.02076111111111111), (0, 0, 0), (0, 0, 0), (0, 0, 0)]","[(4009, 67.1, 10.106144444444444), (16091, 51.900000000000006, 6.186638888888888), (32206, 58.2, 11.619238888888887), (4026, 67.1, 10.11), (16105, 51.900000000000006, 6.1899999999999995), (32212, 58.2, 11.639999999999999)]","[0, 0, 0, 0, 0, 0]","[0, 0, 0, 0, 0, 0]"
79,"[26.383718044179698, 16.810664033571957, 8.59040407175222, 0.0, 0.0, 0.0]","[8, 9, 5, 0, 0, 0]","[574.1899893815996, 602.4580018309707, 844.2915283638641, 0, 0, 0]","[3454.8100106184, 7499.541998169029, 15266.708471636135, 4029, 8102, 16111]","[4029, 8102, 16111, 4029, 8102, 16111]","[1063, 1362, 1384, 0, 0, 0]","[7.743188203337213, 4.632255335661622, 1.1932233216918897, 0.0, 0.0, 0.0]","[332.5699333333333, 795.8214666666667, 409.99153333333334, 0, 0, 0]","[0.03013333333333333, 1.1845333333333332, 0.023333333333333338, 0, 0, 0]","[0.0376, 0.2124, 0.0228, 0, 0, 0]","[3962.430066666667, 16384.178533333332, 33950.008466666666, 4295, 17180, 34360]","[371.9698666666667, 358.8154666666667, 376.5166666666667, 372.0, 360.0, 376.54]","[199.9624, 304.7876, 266.7272, 200.0, 305.0, 266.75]","[(16, 0.00013333333333333334, 0.0031777777777777776), (18, 5e-05, 0.05510555555555556), (9, 0.03996666666666667, 0.02264444444444445), (0, 0, 0), (0, 0, 0), (0, 0, 0)]","[(4010, 67.09986666666666, 10.106822222222222), (16087, 51.899950000000004, 6.134894444444444), (32203, 58.16003333333334, 11.617355555555555), (4026, 67.1, 10.11), (16105, 51.900000000000006, 6.1899999999999995), (32212, 58.2, 11.639999999999999)]","[0, 0, 0, 0, 0, 0]","[0, 0, 0, 0, 0, 0]"
80,"[19.781583519483743, 21.587262404344607, 9.65179070200484, 0.0, 0.0, 0.0]","[5, 11, 6, 0, 0, 0]","[570.9279594561358, 697.5324135926568, 839.8955845076426, 0, 0, 0]","[3458.072040543864, 7404.467586407343, 15271.104415492357, 4029, 8102, 16111]","[4029, 8102, 16111, 4029, 8102, 16111]","[797, 1749, 1555, 0, 0, 0]","[5.707711292200233, 6.220434613892121, 0.6957896779200621, 0.0, 0.0, 0.0]","[245.1462, 1068.6706666666664, 239.07333333333332, 0, 0, 0]","[0.02186666666666667, 1.1782666666666666, 0.020533333333333334, 0, 0, 0]","[0.021866666666666666, 0.2412, 0.013866666666666664, 0, 0, 0]","[4049.8538, 16111.329333333333, 34120.926666666666, 4295, 17180, 34360]","[371.97813333333335, 358.8217333333333, 376.5194666666667, 372.0, 360.0, 376.54]","[199.97813333333335, 304.7588, 266.7361333333333, 200.0, 305.0, 266.75]","[(9, 1.666666666666667e-05, 0.0014833333333333335), (22, 0.009099999999999999, 0.012777777777777779), (12, 0.0045833333333333325, 0.0026388888888888885), (0, 0, 0), (0, 0, 0), (0, 0, 0)]","[(4017, 67.09998333333333, 10.108516666666667), (16083, 51.89090000000001, 6.1772222222222215), (32200, 58.19541666666667, 11.63736111111111), (4026, 67.1, 10.11), (16105, 51.900000000000006, 6.1899999999999995), (32212, 58.2, 11.639999999999999)]","[0, 0, 0, 0, 0, 0]","[0, 0, 0, 0, 0, 0]"
81,"[25.539836187639615, 13.44112564798815, 17.61529389857861, 0.0, 0.0, 0.0]","[9, 6, 11, 0, 0, 0]","[704.2071201630646, 683.4897857791243, 1610.7839017774252, 0, 0, 0]","[3324.7928798369353, 7418.510214220876, 14500.216098222574, 4029, 8102, 16111]","[4029, 8102, 16111, 4029, 8102, 16111]","[1029, 1089, 2838, 0, 0, 0]","[8.920131936360107, 3.503383003492433, 0.6179646876212649, 0.0, 0.0, 0.0]","[383.11966666666666, 601.8811999999999, 212.33266666666663, 0, 0, 0]","[0.0404, 0.5573333333333332, 12.143066666666668, 0, 0, 0]","[0.034, 0.1144, 12.079466666666669, 0, 0, 0]","[3911.8803333333335, 16578.1188, 34147.66733333333, 4295, 17180, 34360]","[371.9596, 359.44266666666664, 364.3969333333334, 372.0, 360.0, 376.54]","[199.966, 304.8856, 254.67053333333334, 200.0, 305.0, 266.75]","[(14, 1.666666666666667e-05, 0.004377777777777777), (11, 1.666666666666667e-05, 0.0062499999999999995), (23, 0.0, 0.0038055555555555555), (0, 0, 0), (0, 0, 0), (0, 0, 0)]","[(4012, 67.09998333333333, 10.105622222222221), (16094, 51.89998333333334, 6.18375), (32189, 58.2, 11.636194444444444), (4026, 67.1, 10.11), (16105, 51.900000000000006, 6.1899999999999995), (32212, 58.2, 11.639999999999999)]","[0, 0, 0, 0, 0, 0]","[0, 0, 0, 0, 0, 0]"
82,"[29.883345743360636, 15.132066156504568, 14.909068338402335, 0.0, 0.0, 0.0]","[10, 7, 9, 0, 0, 0]","[993.1212422025085, 611.2665993921102, 1483.2125414173224, 0, 0, 0]","[3035.8787577974917, 7490.73340060789, 14627.787458582678, 4029, 8102, 16111]","[4029, 8102, 16111, 4029, 8102, 16111]","[1204, 1226, 2402, 0, 0, 0]","[8.613937136204889, 3.366050834303453, 0.496151144741948, 0.0, 0.0, 0.0]","[369.9685999999999, 578.2875333333333, 170.47753333333333, 0, 0, 0]","[0.0648, 0.03866666666666667, 0.028533333333333334, 0, 0, 0]","[0.047333333333333324, 0.018666666666666665, 0.0008000000000000001, 0, 0, 0]","[3925.0314, 16601.712466666668, 34189.52246666667, 4295, 17180, 34360]","[371.9352, 359.96133333333336, 376.5114666666667, 372.0, 360.0, 376.54]","[199.95266666666666, 304.98133333333334, 266.7492, 200.0, 305.0, 266.75]","[(16, 0.0006333333333333334, 0.031114682539682536), (14, 1.666666666666667e-05, 0.008244444444444445), (19, 0.0, 0.0033833333333333332), (0, 0, 0), (0, 0, 0), (0, 0, 0)]","[(4010, 67.09936666666665, 10.078885317460317), (16091, 51.89998333333334, 6.181755555555555), (32193, 58.2, 11.636616666666665), (4026, 67.1, 10.11), (16105, 51.900000000000006, 6.1899999999999995), (32212, 58.2, 11.639999999999999)]","[0, 0, 0, 0, 0, 0]","[0, 0, 0, 0, 0, 0]"
83,"[34.49987589972698, 10.602320414712416, 14.884240580969523, 0.0, 0.0, 0.0]","[12, 5, 9, 0, 0, 0]","[824.3455275403934, 187.08365890968628, 561.7479710873106, 0, 0, 0]","[3204.6544724596065, 7914.916341090314, 15549.25202891269, 4029, 8102, 16111]","[4029, 8102, 16111, 4029, 8102, 16111]","[1390, 859, 2398, 0, 0, 0]","[9.766474194800155, 2.74655141637563, 0.5971154443150952, 0.0, 0.0, 0.0]","[419.47006666666664, 471.85753333333327, 205.1688666666667, 0, 0, 0]","[0.09186666666666667, 0.029466666666666665, 0.05066666666666667, 0, 0, 0]","[0.058, 0.018533333333333332, 0.02439999999999999, 0, 0, 0]","[3875.5299333333332, 16708.142466666668, 34154.83113333333, 4295, 17180, 34360]","[371.90813333333335, 359.9705333333333, 376.4893333333334, 372.0, 360.0, 376.54]","[199.942, 304.9814666666667, 266.7256, 200.0, 305.0, 266.75]","[(20, 0.057199999999999994, 0.042322222222222226), (10, 3.3333333333333335e-05, 0.0046277777777777775), (20, 0.0, 0.003905555555555555), (0, 0, 0), (0, 0, 0), (0, 0, 0)]","[(4006, 67.0428, 10.067677777777778), (16095, 51.89996666666667, 6.185372222222222), (32192, 58.2, 11.636094444444444), (4026, 67.1, 10.11), (16105, 51.900000000000006, 6.1899999999999995), (32212, 58.2, 11.639999999999999)]","[0, 0, 0, 0, 0, 0]","[0, 0, 0, 0, 0, 0]"
84,"[24.274013402829485, 9.775364107627746, 10.638694059959034, 0.0, 0.0, 0.0]","[10, 5, 6, 0, 0, 0]","[187.17059701418793, 284.64975074763845, 827.1292992225556, 0, 0, 0]","[3841.829402985812, 7817.350249252361, 15283.870700777445, 4029, 8102, 16111]","[4029, 8102, 16111, 4029, 8102, 16111]","[978, 792, 1714, 0, 0, 0]","[5.336375630578192, 2.0649937912301124, 0.7697935584012416, 0.0, 0.0, 0.0]","[229.19733333333335, 354.7659333333333, 264.50106666666665, 0, 0, 0]","[0.06786666666666667, 0.12533333333333335, 0.03173333333333333, 0, 0, 0]","[0.04226666666666667, 0.21906666666666663, 0.021999999999999995, 0, 0, 0]","[4065.8026666666665, 16825.234066666668, 34095.498933333336, 4295, 17180, 34360]","[371.93213333333335, 359.87466666666666, 376.5082666666667, 372.0, 360.0, 376.54]","[199.95773333333332, 304.78093333333334, 266.728, 200.0, 305.0, 266.75]","[(17, 0.03386666666666667, 0.029585714285714288), (13, 0.008466666666666664, 0.03505), (11, 0.0, 0.0308), (0, 0, 0), (0, 0, 0), (0, 0, 0)]","[(4009, 67.06613333333333, 10.080414285714285), (16092, 51.89153333333334, 6.1549499999999995), (32201, 58.2, 11.6092), (4026, 67.1, 10.11), (16105, 51.900000000000006, 6.1899999999999995), (32212, 58.2, 11.639999999999999)]","[0, 0, 0, 0, 0, 0]","[0, 0, 0, 0, 0, 0]"
85,"[8.488458674609085, 20.698592940014812, 10.111104214511824, 0.0, 0.0, 0.0]","[4, 10, 6, 0, 0, 0]","[233.7577659633173, 1202.9358658369993, 1047.8401584513442, 0, 0, 0]","[3795.242234036683, 6899.064134163001, 15063.159841548655, 4029, 8102, 16111]","[4029, 8102, 16111, 4029, 8102, 16111]","[342, 1677, 1629, 0, 0, 0]","[2.021249514939852, 1.5627124563445862, 3.763926852929764, 0.0, 0.0, 0.0]","[86.81266666666666, 268.47399999999993, 1293.2852666666668, 0, 0, 0]","[0.0030666666666666668, 0.11586666666666667, 0.03133333333333333, 0, 0, 0]","[0.002, 0.21333333333333335, 0.023999999999999997, 0, 0, 0]","[4208.187333333333, 16911.526, 33066.714733333334, 4295, 17180, 34360]","[371.99693333333335, 359.88413333333335, 376.50866666666667, 372.0, 360.0, 376.54]","[199.998, 304.7866666666667, 266.726, 200.0, 305.0, 266.75]","[(6, 0.04946666666666666, 0.0030000000000000005), (24, 0.0003, 0.029611111111111105), (12, 6.666666666666667e-05, 0.003855555555555555), (0, 0, 0), (0, 0, 0), (0, 0, 0)]","[(4020, 67.05053333333333, 10.107), (16081, 51.8997, 6.160388888888888), (32200, 58.199933333333334, 11.636144444444444), (4026, 67.1, 10.11), (16105, 51.900000000000006, 6.1899999999999995), (32212, 58.2, 11.639999999999999)]","[0, 0, 0, 0, 0, 0]","[0, 0, 0, 0, 0, 0]"
86,"[9.903201787043932, 22.4759318686744, 8.09384892309602, 0.0, 0.0, 0.0]","[4, 11, 5, 0, 0, 0]","[311.5907339425378, 1177.528985148831, 816.3849609845595, 0, 0, 0]","[3717.4092660574624, 6924.4710148511695, 15294.61503901544, 4029, 8102, 16111]","[4029, 8102, 16111, 4029, 8102, 16111]","[399, 1821, 1304, 0, 0, 0]","[3.8207341870391924, 2.202559177337989, 3.139340900271633, 0.0, 0.0, 0.0]","[164.10053333333332, 378.3996666666665, 1078.6775333333333, 0, 0, 0]","[0.0444, 0.12093333333333332, 0.030533333333333336, 0, 0, 0]","[0.04213333333333333, 0.2389333333333334, 0.02346666666666667, 0, 0, 0]","[4130.899466666667, 16801.600333333332, 33281.322466666665, 4295, 17180, 34360]","[371.9556, 359.8790666666667, 376.5094666666667, 372.0, 360.0, 376.54]","[199.95786666666666, 304.7610666666667, 266.72653333333335, 200.0, 305.0, 266.75]","[(5, 0.10533333333333332, 0.07664444444444445), (26, 0.0949, 0.0479), (11, 1.666666666666667e-05, 0.015027777777777779), (0, 0, 0), (0, 0, 0), (0, 0, 0)]","[(4021, 66.99466666666666, 10.033355555555556), (16079, 51.8051, 6.142099999999999), (32201, 58.199983333333336, 11.62497222222222), (4026, 67.1, 10.11), (16105, 51.900000000000006, 6.1899999999999995), (32212, 58.2, 11.639999999999999)]","[0, 0, 0, 0, 0, 0]","[0, 0, 0, 0, 0, 0]"
87,"[15.959295110449242, 21.155270303628733, 8.478679163304575, 0.0, 0.0, 0.0]","[5, 11, 5, 0, 0, 0]","[533.9570056849091, 673.8487967313823, 644.3830111309, 0, 0, 0]","[3495.042994315091, 7428.151203268618, 15466.6169888691, 4029, 8102, 16111]","[4029, 8102, 16111, 4029, 8102, 16111]","[643, 1714, 1366, 0, 0, 0]","[3.190039580908033, 2.049464105549088, 4.484264066744276, 0.0, 0.0, 0.0]","[137.0122, 352.09793333333334, 1540.7931333333333, 0, 0, 0]","[0.0504, 0.12586666666666665, 1.2385333333333335, 0, 0, 0]","[0.034666666666666665, 0.22306666666666664, 0.42719999999999997, 0, 0, 0]","[4157.9878, 16827.902066666666, 32819.20686666667, 4295, 17180, 34360]","[371.9496, 359.87413333333336, 375.30146666666667, 372.0, 360.0, 376.54]","[199.96533333333332, 304.7769333333333, 266.3228, 200.0, 305.0, 266.75]","[(7, 0.0335, 0.05740000000000001), (25, 1.666666666666667e-05, 0.05291666666666667), (13, 0.058266666666666675, 0.43515), (0, 0, 0), (0, 0, 0), (0, 0, 0)]","[(4019, 67.06649999999999, 10.0526), (16080, 51.89998333333334, 6.137083333333333), (32199, 58.141733333333335, 11.204849999999999), (4026, 67.1, 10.11), (16105, 51.900000000000006, 6.1899999999999995), (32212, 58.2, 11.639999999999999)]","[0, 0, 0, 0, 0, 0]","[0, 0, 0, 0, 0, 0]"
88,"[26.681558699429136, 11.44161935324611, 12.227670535658866, 0.0, 0.0, 0.0]","[8, 6, 8, 0, 0, 0]","[507.16356809656264, 214.29963032598027, 1764.705797857464, 0, 0, 0]","[3521.836431903437, 7887.700369674019, 14346.294202142537, 4029, 8102, 16111]","[4029, 8102, 16111, 4029, 8102, 16111]","[1075, 927, 1970, 0, 0, 0]","[4.844043461389213, 1.4241265036864572, 7.388875824602252, 0.0, 0.0, 0.0]","[208.0516666666667, 244.66493333333335, 2538.8177333333338, 0, 0, 0]","[0.05213333333333334, 0.11266666666666666, 0.8513333333333335, 0, 0, 0]","[0.039066666666666666, 0.2066666666666667, 0.2853333333333334, 0, 0, 0]","[4086.9483333333333, 16935.335066666667, 31821.182266666667, 4295, 17180, 34360]","[371.94786666666664, 359.88733333333334, 375.6886666666667, 372.0, 360.0, 376.54]","[199.96093333333334, 304.79333333333335, 266.4646666666667, 200.0, 305.0, 266.75]","[(13, 0.04958333333333333, 0.058649999999999994), (10, 1.666666666666667e-05, 0.02931666666666667), (21, 6.666666666666667e-05, 0.22983333333333333), (0, 0, 0), (0, 0, 0), (0, 0, 0)]","[(4013, 67.05041666666666, 10.05135), (16095, 51.89998333333334, 6.160683333333333), (32191, 58.199933333333334, 11.410166666666665), (4026, 67.1, 10.11), (16105, 51.900000000000006, 6.1899999999999995), (32212, 58.2, 11.639999999999999)]","[0, 0, 0, 0, 0, 0]","[0, 0, 0, 0, 0, 0]"
89,"[29.11392405063291, 8.713897803011603, 19.44634100924834, 0.0, 0.0, 0.0]","[8, 4, 12, 0, 0, 0]","[396.46179536939945, 664.892369514394, 1913.7539274713097, 0, 0, 0]","[3632.5382046306004, 7437.107630485606, 14197.246072528691, 4029, 8102, 16111]","[4029, 8102, 16111, 4029, 8102, 16111]","[1173, 706, 3133, 0, 0, 0]","[4.52157081878153, 1.1159091967403956, 7.923812184710904, 0.0, 0.0, 0.0]","[194.2014666666667, 191.71319999999994, 2722.621866666667, 0, 0, 0]","[0.05519999999999999, 0.01933333333333333, 2.580666666666666, 0, 0, 0]","[0.04053333333333333, 0.010666666666666666, 0.36613333333333337, 0, 0, 0]","[4100.798533333334, 16988.2868, 31637.37813333333, 4295, 17180, 34360]","[371.9448, 359.98066666666665, 373.95933333333335, 372.0, 360.0, 376.54]","[199.95946666666666, 304.9893333333333, 266.3838666666667, 200.0, 305.0, 266.75]","[(15, 0.0, 0.05710555555555555), (7, 3.3333333333333335e-05, 0.002807692307692308), (31, 0.0001, 0.3038833333333333), (0, 0, 0), (0, 0, 0), (0, 0, 0)]","[(4011, 67.1, 10.052894444444444), (16098, 51.89996666666667, 6.187192307692307), (32181, 58.1999, 11.336116666666666), (4026, 67.1, 10.11), (16105, 51.900000000000006, 6.1899999999999995), (32212, 58.2, 11.639999999999999)]","[0, 0, 0, 0, 0, 0]","[0, 0, 0, 0, 0, 0]"
90,"[21.916108215438072, 19.439644532214267, 14.660790764074235, 0.0, 0.0, 0.0]","[6, 8, 9, 0, 0, 0]","[636.3511082508979, 610.8770573873246, 1545.8883137099042, 0, 0, 0]","[3392.648891749102, 7491.122942612676, 14565.111686290096, 4029, 8102, 16111]","[4029, 8102, 16111, 4029, 8102, 16111]","[883, 1575, 2362, 0, 0, 0]","[3.462658905704308, 1.3569833139309273, 3.8177076057431125, 0.0, 0.0, 0.0]","[148.7212, 233.12973333333332, 1311.7643333333335, 0, 0, 0]","[0.030400000000000003, 0.27613333333333334, 0.05493333333333332, 0, 0, 0]","[0.014533333333333334, 0.26839999999999997, 0.0512, 0, 0, 0]","[4146.2788, 16946.870266666665, 33048.23566666667, 4295, 17180, 34360]","[371.9696, 359.72386666666665, 376.4850666666667, 372.0, 360.0, 376.54]","[199.98546666666667, 304.7316, 266.6988, 200.0, 305.0, 266.75]","[(12, 0.0, 0.0023111111111111106), (16, 0.0035833333333333333, 0.0036722222222222226), (23, 0.04671666666666667, 0.007816666666666666), (0, 0, 0), (0, 0, 0), (0, 0, 0)]","[(4014, 67.1, 10.10768888888889), (16089, 51.896416666666674, 6.186327777777778), (32189, 58.153283333333334, 11.632183333333332), (4026, 67.1, 10.11), (16105, 51.900000000000006, 6.1899999999999995), (32212, 58.2, 11.639999999999999)]","[0, 2, 0, 0, 0, 0]","[0, 2, 0, 0, 0, 0]"
91,"[24.79523454951601, 15.724512466057764, 14.778722611880083, 0.0, 0.0, 0.0]","[8, 6, 9, 0, 0, 0]","[661.2155625105818, 601.1025974335587, 1324.2783655639123, 0, 0, 0]","[3367.7844374894185, 7500.897402566441, 14786.721634436088, 4029, 8102, 16111]","[4029, 8102, 16111, 4029, 8102, 16111]","[999, 1274, 2381, 0, 0, 0]","[2.3294202561117574, 0.4323123787349631, 0.8160750873108265, 0.0, 0.0, 0.0]","[100.0486, 74.27126666666666, 280.4034, 0, 0, 0]","[0.022133333333333338, 0.2373333333333333, 0.0268, 0, 0, 0]","[0.0063999999999999994, 0.22866666666666668, 0.011466666666666667, 0, 0, 0]","[4194.9514, 17105.728733333333, 34079.5966, 4295, 17180, 34360]","[371.97786666666667, 359.7626666666667, 376.51320000000004, 372.0, 360.0, 376.54]","[199.9936, 304.77133333333336, 266.73853333333335, 200.0, 305.0, 266.75]","[(15, 0.0, 0.0023888888888888887), (13, 0.0, 0.0013722222222222222), (22, 0.0, 0.0053), (0, 0, 0), (0, 0, 0), (0, 0, 0)]","[(4011, 67.1, 10.10761111111111), (16092, 51.900000000000006, 6.188627777777778), (32190, 58.2, 11.634699999999999), (4026, 67.1, 10.11), (16105, 51.900000000000006, 6.1899999999999995), (32212, 58.2, 11.639999999999999)]","[0, 2, 0, 0, 0, 0]","[0, 2, 0, 0, 0, 0]"
92,"[32.04269049391908, 18.958281905702297, 13.89113028365713, 0.0, 0.0, 0.0]","[9, 7, 8, 0, 0, 0]","[504.52841512163116, 600.7710700977897, 686.3306247525416, 0, 0, 0]","[3524.471584878369, 7501.22892990221, 15424.669375247458, 4029, 8102, 16111]","[4029, 8102, 16111, 4029, 8102, 16111]","[1291, 1536, 2238, 0, 0, 0]","[8.302646488164532, 0.8893069460613116, 0.7246532790065968, 0.0, 0.0, 0.0]","[356.59866666666665, 152.78293333333332, 248.99086666666668, 0, 0, 0]","[0.11520000000000001, 0.23453333333333326, 0.023333333333333334, 0, 0, 0]","[0.2029333333333333, 0.26666666666666666, 0.008133333333333333, 0, 0, 0]","[3938.4013333333332, 17027.217066666668, 34111.00913333333, 4295, 17180, 34360]","[371.8848, 359.76546666666667, 376.5166666666667, 372.0, 360.0, 376.54]","[199.79706666666667, 304.73333333333335, 266.7418666666667, 200.0, 305.0, 266.75]","[(19, 0.004949999999999998, 0.040833333333333326), (18, 1.666666666666667e-05, 0.0018277777777777776), (20, 0.0, 0.004872222222222221), (0, 0, 0), (0, 0, 0), (0, 0, 0)]","[(4007, 67.09505, 10.069166666666666), (16087, 51.89998333333334, 6.188172222222222), (32192, 58.2, 11.635127777777777), (4026, 67.1, 10.11), (16105, 51.900000000000006, 6.1899999999999995), (32212, 58.2, 11.639999999999999)]","[0, 2, 0, 0, 0, 0]","[0, 4, 0, 0, 0, 0]"
93,"[19.38446264581782, 23.413971858800295, 9.32282291602011, 0.0, 0.0, 0.0]","[6, 9, 5, 0, 0, 0]","[693.7996627237504, 915.0830605306589, 548.0757862807591, 0, 0, 0]","[3335.2003372762497, 7186.916939469341, 15562.924213719241, 4029, 8102, 16111]","[4029, 8102, 16111, 4029, 8102, 16111]","[781, 1897, 1502, 0, 0, 0]","[10.653535118354677, 6.03401707411719, 0.5251470702367094, 0.0, 0.0, 0.0]","[457.56933333333336, 1036.6441333333332, 180.44053333333335, 0, 0, 0]","[0.1028, 0.21013333333333334, 0.0164, 0, 0, 0]","[0.19573333333333337, 0.2296, 0.007066666666666666, 0, 0, 0]","[3837.4306666666666, 16143.355866666667, 34179.559466666666, 4295, 17180, 34360]","[371.8972, 359.7898666666667, 376.52360000000004, 372.0, 360.0, 376.54]","[199.80426666666668, 304.7704, 266.7429333333333, 200.0, 305.0, 266.75]","[(14, 3.3333333333333335e-05, 0.04191111111111111), (20, 0.04368333333333334, 0.021711111111111115), (11, 0.0, 0.00175), (0, 0, 0), (0, 0, 0), (0, 0, 0)]","[(4012, 67.09996666666666, 10.068088888888889), (16085, 51.85631666666667, 6.168288888888888), (32201, 58.2, 11.63825), (4026, 67.1, 10.11), (16105, 51.900000000000006, 6.1899999999999995), (32212, 58.2, 11.639999999999999)]","[0, 2, 0, 0, 0, 0]","[0, 4, 0, 0, 0, 0]"
94,"[21.09704641350211, 22.93260923228832, 9.713860095586867, 0.0, 0.0, 0.0]","[7, 6, 6, 0, 0, 0]","[461.4057491490564, 601.8553194383333, 800.8459454018227, 0, 0, 0]","[3567.5942508509434, 7500.144680561667, 15310.154054598177, 4029, 8102, 16111]","[4029, 8102, 16111, 4029, 8102, 16111]","[850, 1858, 1565, 0, 0, 0]","[9.564051222351571, 4.477897555296857, 0.4974262708575864, 0.0, 0.0, 0.0]","[410.776, 769.3028, 170.91566666666668, 0, 0, 0]","[0.10226666666666666, 0.014, 0.0212, 0, 0, 0]","[0.19506666666666672, 0.017866666666666666, 0.022933333333333333, 0, 0, 0]","[3884.224, 16410.6972, 34189.08433333333, 4295, 17180, 34360]","[371.89773333333335, 359.986, 376.5188, 372.0, 360.0, 376.54]","[199.80493333333334, 304.9821333333333, 266.72706666666664, 200.0, 305.0, 266.75]","[(16, 0.0, 0.0365), (12, 0.0004, 0.003611111111111111), (13, 0.00011666666666666667, 0.008522222222222221), (0, 0, 0), (0, 0, 0), (0, 0, 0)]","[(4010, 67.1, 10.0735), (16093, 51.89960000000001, 6.186388888888889), (32199, 58.19988333333334, 11.631477777777777), (4026, 67.1, 10.11), (16105, 51.900000000000006, 6.1899999999999995), (32212, 58.2, 11.639999999999999)]","[0, 4, 0, 0, 0, 0]","[2, 4, 0, 0, 0, 0]"
95,"[20.92330603127327, 26.85756603307825, 11.644218235987834, 0.0, 0.0, 0.0]","[6, 7, 7, 0, 0, 0]","[508.47618141273284, 850.1946214691691, 605.6867154363078, 0, 0, 0]","[3520.523818587267, 7251.805378530831, 15505.313284563692, 4029, 8102, 16111]","[4029, 8102, 16111, 4029, 8102, 16111]","[843, 2176, 1876, 0, 0, 0]","[6.8032844392704686, 6.56528055878929, 0.5187869615832363, 0.0, 0.0, 0.0]","[292.20106666666663, 1127.9152, 178.2552, 0, 0, 0]","[0.1108, 0.028666666666666667, 0.017466666666666665, 0, 0, 0]","[0.19906666666666664, 0.022399999999999996, 0.008533333333333334, 0, 0, 0]","[4002.7989333333335, 16052.0848, 34181.7448, 4295, 17180, 34360]","[371.8892, 359.97133333333335, 376.52253333333334, 372.0, 360.0, 376.54]","[199.80093333333335, 304.9776, 266.74146666666667, 200.0, 305.0, 266.75]","[(14, 0.0, 0.03227777777777777), (12, 0.0009166666666666668, 0.005438888888888889), (15, 0.00035, 0.0025722222222222223), (0, 0, 0), (0, 0, 0), (0, 0, 0)]","[(4012, 67.1, 10.077722222222222), (16093, 51.89908333333334, 6.184561111111111), (32197, 58.199650000000005, 11.637427777777777), (4026, 67.1, 10.11), (16105, 51.900000000000006, 6.1899999999999995), (32212, 58.2, 11.639999999999999)]","[0, 4, 0, 0, 0, 0]","[2, 4, 0, 0, 0, 0]"
96,"[28.468602630925787, 20.87138978030116, 7.026255353485196, 0.0, 0.0, 0.0]","[9, 8, 4, 0, 0, 0]","[630.6560663522714, 1064.3692822139515, 877.1733076683939, 0, 0, 0]","[3398.3439336477286, 7037.630717786049, 15233.826692331606, 4029, 8102, 16111]","[4029, 8102, 16111, 4029, 8102, 16111]","[1147, 1691, 1132, 0, 0, 0]","[13.61473496313543, 3.8179573147070234, 0.6795164920450136, 0.0, 0.0, 0.0]","[584.7528666666667, 655.9250666666666, 233.4818666666667, 0, 0, 0]","[0.03373333333333334, 0.028533333333333334, 0.0104, 0, 0, 0]","[0.012133333333333333, 0.017066666666666667, 0.0018666666666666669, 0, 0, 0]","[3710.2471333333333, 16524.074933333333, 34126.51813333333, 4295, 17180, 34360]","[371.9662666666667, 359.9714666666667, 376.5296, 372.0, 360.0, 376.54]","[199.98786666666666, 304.98293333333334, 266.7481333333333, 200.0, 305.0, 266.75]","[(22, 0.0, 0.012477777777777779), (13, 0.0, 0.004611111111111111), (8, 0.0, 0.005666666666666667), (0, 0, 0), (0, 0, 0), (0, 0, 0)]","[(4004, 67.1, 10.097522222222223), (16092, 51.900000000000006, 6.185388888888888), (32204, 58.2, 11.634333333333332), (4026, 67.1, 10.11), (16105, 51.900000000000006, 6.1899999999999995), (32212, 58.2, 11.639999999999999)]","[0, 0, 0, 0, 0, 0]","[0, 0, 0, 0, 0, 0]"
97,"[25.440555969223134, 19.427301900765244, 12.389050958972131, 0.0, 0.0, 0.0]","[9, 7, 7, 0, 0, 0]","[605.6110494591128, 615.6615875777393, 959.5789815144221, 0, 0, 0]","[3423.388950540887, 7486.338412422261, 15151.421018485578, 4029, 8102, 16111]","[4029, 8102, 16111, 4029, 8102, 16111]","[1025, 1574, 1996, 0, 0, 0]","[11.627029879705082, 2.553774544043461, 1.0248674815677146, 0.0, 0.0, 0.0]","[499.3809333333333, 438.7384666666666, 352.14446666666674, 0, 0, 0]","[0.03133333333333334, 0.002533333333333333, 0.010666666666666665, 0, 0, 0]","[0.0184, 0.007066666666666667, 0.0025333333333333336, 0, 0, 0]","[3795.6190666666666, 16741.261533333334, 34007.855533333335, 4295, 17180, 34360]","[371.96866666666665, 359.99746666666664, 376.52933333333334, 372.0, 360.0, 376.54]","[199.9816, 304.9929333333333, 266.74746666666664, 200.0, 305.0, 266.75]","[(20, 0.0, 0.011905555555555555), (13, 0.0013166666666666665, 0.003716666666666666), (14, 0.0006666666666666666, 0.005905555555555555), (0, 0, 0), (0, 0, 0), (0, 0, 0)]","[(4006, 67.1, 10.098094444444444), (16092, 51.89868333333334, 6.186283333333333), (32198, 58.199333333333335, 11.634094444444443), (4026, 67.1, 10.11), (16105, 51.900000000000006, 6.1899999999999995), (32212, 58.2, 11.639999999999999)]","[0, 0, 0, 0, 0, 0]","[0, 0, 0, 0, 0, 0]"
98,"[24.174733184413004, 16.97111824240928, 13.543541679597789, 0.0, 0.0, 0.0]","[9, 6, 8, 0, 0, 0]","[347.3168299725089, 891.1315009719506, 1586.3282357261153, 0, 0, 0]","[3681.683170027491, 7210.868499028049, 14524.671764273884, 4029, 8102, 16111]","[4029, 8102, 16111, 4029, 8102, 16111]","[974, 1375, 2182, 0, 0, 0]","[6.3454963135428795, 1.416243694218083, 1.4015011641443538, 0.0, 0.0, 0.0]","[272.53906666666666, 243.31066666666666, 481.5558, 0, 0, 0]","[0.0268, 0.00026666666666666673, 0.010666666666666665, 0, 0, 0]","[0.010133333333333333, 0.0030666666666666668, 0.011199999999999996, 0, 0, 0]","[4022.4609333333333, 16936.689333333332, 33878.4442, 4295, 17180, 34360]","[371.9732, 359.9997333333333, 376.52933333333334, 372.0, 360.0, 376.54]","[199.98986666666667, 304.99693333333335, 266.7388, 200.0, 305.0, 266.75]","[(17, 0.0, 0.005611111111111111), (11, 3.3333333333333335e-05, 0.0046166666666666665), (14, 6.666666666666667e-05, 0.039200000000000006), (0, 0, 0), (0, 0, 0), (0, 0, 0)]","[(4009, 67.1, 10.104388888888888), (16094, 51.89996666666667, 6.185383333333333), (32198, 58.199933333333334, 11.6008), (4026, 67.1, 10.11), (16105, 51.900000000000006, 6.1899999999999995), (32212, 58.2, 11.639999999999999)]","[0, 0, 0, 0, 0, 0]","[0, 0, 0, 0, 0, 0]"
99,"[17.74633904194589, 20.710935571463835, 13.71733598162746, 0.0, 0.0, 0.0]","[6, 8, 8, 0, 0, 0]","[283.41311396731936, 1254.2742959217383, 817.9259218406942, 0, 0, 0]","[3745.5868860326805, 6847.7257040782615, 15293.074078159305, 4029, 8102, 16111]","[4029, 8102, 16111, 4029, 8102, 16111]","[715, 1678, 2210, 0, 0, 0]","[4.7494450911913075, 1.5098199456732637, 0.9464111369809856, 0.0, 0.0, 0.0]","[203.98866666666666, 259.3870666666667, 325.1868666666666, 0, 0, 0]","[0.008933333333333333, 0.10293333333333335, 0.012933333333333335, 0, 0, 0]","[0.002933333333333333, 0.19959999999999997, 0.0034666666666666674, 0, 0, 0]","[4091.0113333333334, 16920.612933333334, 34034.81313333334, 4295, 17180, 34360]","[371.99106666666665, 359.89706666666666, 376.5270666666667, 372.0, 360.0, 376.54]","[199.99706666666665, 304.8004, 266.74653333333333, 200.0, 305.0, 266.75]","[(13, 0.0, 0.003111111111111111), (16, 0.0048833333333333315, 0.03665000000000001), (14, 0.00065, 0.006305555555555556), (0, 0, 0), (0, 0, 0), (0, 0, 0)]","[(4013, 67.1, 10.106888888888887), (16089, 51.895116666666674, 6.15335), (32198, 58.19935, 11.633694444444444), (4026, 67.1, 10.11), (16105, 51.900000000000006, 6.1899999999999995), (32212, 58.2, 11.639999999999999)]","[0, 0, 0, 0, 0, 0]","[0, 0, 0, 0, 0, 0]"
100,"[12.658227848101266, 24.50012342631449, 8.702128980199863, 0.0, 0.0, 0.0]","[5, 10, 5, 0, 0, 0]","[263.1040684804394, 1136.1425233117043, 699.9276431249104, 0, 0, 0]","[3765.8959315195607, 6965.857476688296, 15411.07235687509, 4029, 8102, 16111]","[4029, 8102, 16111, 4029, 8102, 16111]","[510, 1985, 1402, 0, 0, 0]","[2.2236538610787737, 1.8388928987194413, 0.5376088474970896, 0.0, 0.0, 0.0]","[95.50593333333333, 315.9218, 184.7224, 0, 0, 0]","[0.00013333333333333337, 0.11506666666666668, 0.011600000000000001, 0, 0, 0]","[0.004133333333333333, 0.21013333333333337, 0.0016, 0, 0, 0]","[4199.494066666667, 16864.0782, 34175.2776, 4295, 17180, 34360]","[371.99986666666666, 359.8849333333333, 376.52840000000003, 372.0, 360.0, 376.54]","[199.99586666666667, 304.7898666666667, 266.7484, 200.0, 305.0, 266.75]","[(13, 0.0, 0.0017944444444444444), (21, 0.0, 0.031983333333333336), (10, 0.0, 0.0028222222222222216), (0, 0, 0), (0, 0, 0), (0, 0, 0)]","[(4013, 67.1, 10.108205555555555), (16084, 51.900000000000006, 6.158016666666666), (32202, 58.2, 11.637177777777776), (4026, 67.1, 10.11), (16105, 51.900000000000006, 6.1899999999999995), (32212, 58.2, 11.639999999999999)]","[0, 0, 0, 0, 0, 0]","[0, 0, 0, 0, 0, 0]"
101,"[23.802432365351205, 23.093063441125647, 9.614549065855627, 0.0, 0.0, 0.0]","[7, 9, 6, 0, 0, 0]","[580.4279264061499, 944.3539165213451, 754.8438214884295, 0, 0, 0]","[3448.5720735938503, 7157.646083478655, 15356.15617851157, 4029, 8102, 16111]","[4029, 8102, 16111, 4029, 8102, 16111]","[959, 1871, 1549, 0, 0, 0]","[4.595324796274738, 2.0026779200620877, 0.7179123011253397, 0.0, 0.0, 0.0]","[197.3692, 344.0600666666666, 246.6746666666667, 0, 0, 0]","[0.01813333333333333, 0.021200000000000004, 0.022266666666666664, 0, 0, 0]","[0.02146666666666666, 0.011999999999999997, 0.053066666666666665, 0, 0, 0]","[4097.6308, 16835.939933333335, 34113.325333333334, 4295, 17180, 34360]","[371.9818666666667, 359.9788, 376.51773333333335, 372.0, 360.0, 376.54]","[199.97853333333333, 304.988, 266.69693333333333, 200.0, 305.0, 266.75]","[(18, 0.0006666666666666666, 0.002061111111111111), (19, 0.00015, 0.005694444444444444), (13, 0.0, 0.003211111111111111), (0, 0, 0), (0, 0, 0), (0, 0, 0)]","[(4008, 67.09933333333333, 10.107938888888889), (16086, 51.89985000000001, 6.1843055555555555), (32199, 58.2, 11.636788888888887), (4026, 67.1, 10.11), (16105, 51.900000000000006, 6.1899999999999995), (32212, 58.2, 11.639999999999999)]","[0, 0, 0, 0, 0, 0]","[0, 0, 0, 0, 0, 0]"
102,"[23.10747083643584, 17.02048876820538, 11.085593693749612, 0.0, 0.0, 0.0]","[7, 7, 7, 0, 0, 0]","[677.1132206783875, 710.5646700258718, 1214.326733537784, 0, 0, 0]","[3351.8867793216123, 7391.435329974128, 14896.673266462216, 4029, 8102, 16111]","[4029, 8102, 16111, 4029, 8102, 16111]","[931, 1379, 1786, 0, 0, 0]","[5.680727978269306, 1.6812367093519593, 0.7631785021342646, 0.0, 0.0, 0.0]","[243.9872666666667, 288.83646666666664, 262.22813333333335, 0, 0, 0]","[0.03946666666666668, 0.0308, 0.02093333333333333, 0, 0, 0]","[0.061066666666666665, 0.011866666666666664, 0.0296, 0, 0, 0]","[4051.0127333333335, 16891.163533333332, 34097.77186666667, 4295, 17180, 34360]","[371.96053333333333, 359.9692, 376.5190666666667, 372.0, 360.0, 376.54]","[199.93893333333332, 304.98813333333334, 266.7204, 200.0, 305.0, 266.75]","[(16, 0.001833333333333333, 0.008227777777777777), (16, 0.09475, 0.02311111111111111), (18, 0.04001666666666667, 0.02231666666666667), (0, 0, 0), (0, 0, 0), (0, 0, 0)]","[(4010, 67.09816666666666, 10.101772222222221), (16089, 51.80525000000001, 6.166888888888888), (32194, 58.15998333333334, 11.617683333333332), (4026, 67.1, 10.11), (16105, 51.900000000000006, 6.1899999999999995), (32212, 58.2, 11.639999999999999)]","[0, 0, 0, 0, 0, 0]","[0, 0, 0, 0, 0, 0]"
103,"[21.469347232563912, 16.736608244877807, 12.48836198870337, 0.0, 0.0, 0.0]","[7, 7, 8, 0, 0, 0]","[572.5302421276358, 646.5479689015838, 553.662297323549, 0, 0, 0]","[3456.4697578723644, 7455.452031098416, 15557.33770267645, 4029, 8102, 16111]","[4029, 8102, 16111, 4029, 8102, 16111]","[865, 1356, 2012, 0, 0, 0]","[13.448808692277842, 1.4180259992239035, 0.858544625533566, 0.0, 0.0, 0.0]","[577.6263333333333, 243.61686666666662, 294.9959333333333, 0, 0, 0]","[0.015199999999999998, 0.029866666666666666, 0.012133333333333333, 0, 0, 0]","[0.019466666666666663, 0.011866666666666664, 0.017333333333333333, 0, 0, 0]","[3717.373666666667, 16936.383133333333, 34065.00406666667, 4295, 17180, 34360]","[371.9848, 359.9701333333333, 376.5278666666667, 372.0, 360.0, 376.54]","[199.98053333333334, 304.98813333333334, 266.73266666666666, 200.0, 305.0, 266.75]","[(16, 0.004, 0.012750000000000001), (14, 0.0006, 0.003622222222222222), (20, 0.0045833333333333325, 0.0027444444444444448), (0, 0, 0), (0, 0, 0), (0, 0, 0)]","[(4010, 67.09599999999999, 10.097249999999999), (16091, 51.89940000000001, 6.1863777777777775), (32192, 58.19541666666667, 11.637255555555555), (4026, 67.1, 10.11), (16105, 51.900000000000006, 6.1899999999999995), (32212, 58.2, 11.639999999999999)]","[0, 0, 0, 0, 0, 0]","[0, 0, 0, 0, 0, 0]"
104,"[21.41970712335567, 13.478153542335225, 8.329712618707715, 0.0, 0.0, 0.0]","[7, 6, 5, 0, 0, 0]","[261.3594502997027, 319.8477443035705, 912.9839425929113, 0, 0, 0]","[3767.6405497002975, 7782.152255696429, 15198.016057407089, 4029, 8102, 16111]","[4029, 8102, 16111, 4029, 8102, 16111]","[863, 1092, 1342, 0, 0, 0]","[12.334790842064415, 0.7130764454792395, 0.565710128055879, 0.0, 0.0, 0.0]","[529.7792666666666, 122.50653333333335, 194.378, 0, 0, 0]","[0.0212, 0.03066666666666667, 0.01, 0, 0, 0]","[0.044533333333333334, 0.01173333333333333, 0.003333333333333333, 0, 0, 0]","[3765.2207333333336, 17057.493466666667, 34165.622, 4295, 17180, 34360]","[371.9788, 359.96933333333334, 376.53000000000003, 372.0, 360.0, 376.54]","[199.95546666666667, 304.9882666666667, 266.74666666666667, 200.0, 305.0, 266.75]","[(14, 0.0008333333333333334, 0.010466666666666666), (13, 0.0, 0.003155555555555555), (11, 5e-05, 0.002), (0, 0, 0), (0, 0, 0), (0, 0, 0)]","[(4012, 67.09916666666666, 10.099533333333333), (16092, 51.900000000000006, 6.186844444444444), (32201, 58.19995, 11.637999999999998), (4026, 67.1, 10.11), (16105, 51.900000000000006, 6.1899999999999995), (32212, 58.2, 11.639999999999999)]","[0, 0, 0, 0, 0, 0]","[0, 0, 0, 0, 0, 0]"
105,"[10.225862496897493, 14.379165638114047, 14.052510706970391, 0.0, 0.0, 0.0]","[3, 7, 8, 0, 0, 0]","[214.34624076892692, 734.1506294160506, 1242.3633563063145, 0, 0, 0]","[3814.6537592310733, 7367.849370583949, 14868.636643693686, 4029, 8102, 16111]","[4029, 8102, 16111, 4029, 8102, 16111]","[412, 1165, 2264, 0, 0, 0]","[0.5205432673651532, 1.2496193247962746, 3.9667378734963137, 0.0, 0.0, 0.0]","[22.357333333333333, 214.6846, 1362.9711333333332, 0, 0, 0]","[0.00026666666666666673, 0.5844, 0.20240000000000002, 0, 0, 0]","[0.00013333333333333337, 0.4487999999999999, 0.006666666666666666, 0, 0, 0]","[4272.642666666667, 16965.3154, 32997.02886666667, 4295, 17180, 34360]","[371.9997333333333, 359.4156, 376.3376, 372.0, 360.0, 376.54]","[199.99986666666666, 304.5512, 266.74333333333334, 200.0, 305.0, 266.75]","[(6, 0.0, 0.00011666666666666667), (11, 0.0030666666666666663, 0.0608888888888889), (17, 0.0, 0.0024444444444444444), (0, 0, 0), (0, 0, 0), (0, 0, 0)]","[(4020, 67.1, 10.109883333333332), (16094, 51.89693333333334, 6.1291111111111105), (32195, 58.2, 11.637555555555554), (4026, 67.1, 10.11), (16105, 51.900000000000006, 6.1899999999999995), (32212, 58.2, 11.639999999999999)]","[0, 0, 0, 0, 0, 0]","[0, 0, 0, 0, 0, 0]"
106,"[13.750310250682551, 16.057763515181435, 10.483520576003972, 0.0, 0.0, 0.0]","[4, 8, 6, 0, 0, 0]","[416.43124508175043, 505.70321723977355, 1150.0712278420153, 0, 0, 0]","[3612.5687549182494, 7596.296782760226, 14960.928772157984, 4029, 8102, 16111]","[4029, 8102, 16111, 4029, 8102, 16111]","[554, 1301, 1689, 0, 0, 0]","[1.0151649204501358, 1.3941276678308108, 3.7518467209934037, 0.0, 0.0, 0.0]","[43.601333333333336, 239.5111333333333, 1289.1345333333334, 0, 0, 0]","[0.0, 0.4448, 0.05013333333333332, 0, 0, 0]","[0.0005333333333333334, 0.35853333333333326, 0.04306666666666667, 0, 0, 0]","[4251.398666666667, 16940.488866666667, 33070.86546666667, 4295, 17180, 34360]","[372.0, 359.5552, 376.48986666666667, 372.0, 360.0, 376.54]","[199.99946666666668, 304.64146666666664, 266.7069333333333, 200.0, 305.0, 266.75]","[(8, 0.0, 0.00026111111111111116), (12, 0.0002333333333333333, 0.07758690476190479), (12, 0.0, 0.0012333333333333335), (0, 0, 0), (0, 0, 0), (0, 0, 0)]","[(4018, 67.1, 10.109738888888888), (16093, 51.89976666666667, 6.112413095238095), (32200, 58.2, 11.638766666666665), (4026, 67.1, 10.11), (16105, 51.900000000000006, 6.1899999999999995), (32212, 58.2, 11.639999999999999)]","[0, 0, 0, 0, 0, 0]","[0, 0, 0, 0, 0, 0]"
107,"[28.294862248696944, 8.713897803011603, 13.487679225373968, 0.0, 0.0, 0.0]","[8, 5, 8, 0, 0, 0]","[537.2042988416783, 260.48426109549575, 1127.3575575535033, 0, 0, 0]","[3491.7957011583217, 7841.515738904504, 14983.642442446497, 4029, 8102, 16111]","[4029, 8102, 16111, 4029, 8102, 16111]","[1140, 706, 2173, 0, 0, 0]","[6.81915904429292, 1.2995844004656576, 5.135425106713233, 0.0, 0.0, 0.0]","[292.88288095238096, 223.2686, 1764.5320666666667, 0, 0, 0]","[0.020000000000000004, 0.45319999999999994, 0.03506666666666667, 0, 0, 0]","[0.0388, 0.36106666666666665, 0.025866666666666663, 0, 0, 0]","[4002.117119047619, 16956.7314, 32595.467933333333, 4295, 17180, 34360]","[371.98, 359.5468, 376.5049333333333, 372.0, 360.0, 376.54]","[199.9612, 304.63893333333334, 266.7241333333333, 200.0, 305.0, 266.75]","[(14, 0.0012833333333333332, 0.0075896825396825395), (8, 0.00011666666666666667, 0.0786111111111111), (15, 0.0, 0.0023833333333333332), (0, 0, 0), (0, 0, 0), (0, 0, 0)]","[(4012, 67.09871666666666, 10.102410317460317), (16097, 51.89988333333334, 6.1113888888888885), (32197, 58.2, 11.637616666666666), (4026, 67.1, 10.11), (16105, 51.900000000000006, 6.1899999999999995), (32212, 58.2, 11.639999999999999)]","[0, 0, 0, 0, 0, 0]","[0, 0, 0, 0, 0, 0]"
108,"[34.251675353685776, 10.614663046161441, 13.295264105269691, 0.0, 0.0, 0.0]","[11, 4, 8, 0, 0, 0]","[857.9858977604209, 456.5406304413434, 825.728010055797, 0, 0, 0]","[3171.014102239579, 7645.459369558656, 15285.271989944204, 4029, 8102, 16111]","[4029, 8102, 16111, 4029, 8102, 16111]","[1380, 860, 2142, 0, 0, 0]","[11.387720272742392, 2.768253395421033, 4.9994924330617, 0.0, 0.0, 0.0]","[489.10258571428574, 475.5859333333334, 1717.8256000000001, 0, 0, 0]","[0.023866666666666668, 1.6257333333333335, 0.2104, 0, 0, 0]","[0.021066666666666668, 0.744, 0.05133333333333333, 0, 0, 0]","[3805.897414285714, 16704.414066666668, 32642.1744, 4295, 17180, 34360]","[371.97613333333334, 358.37426666666664, 376.3296, 372.0, 360.0, 376.54]","[199.97893333333334, 304.256, 266.69866666666667, 200.0, 305.0, 266.75]","[(21, 0.008166666666666666, 0.014567857142857143), (8, 0.011550000000000001, 0.5050357142857144), (15, 0.0, 0.08260555555555553), (0, 0, 0), (0, 0, 0), (0, 0, 0)]","[(4005, 67.09183333333333, 10.095432142857142), (16097, 51.888450000000006, 5.684964285714285), (32197, 58.2, 11.557394444444443), (4026, 67.1, 10.11), (16105, 51.900000000000006, 6.1899999999999995), (32212, 58.2, 11.639999999999999)]","[0, 0, 0, 0, 0, 0]","[0, 0, 0, 0, 0, 0]"
109,"[29.982625961777114, 14.169340903480624, 11.470423933958166, 0.0, 0.0, 0.0]","[9, 5, 7, 0, 0, 0]","[598.1809474181731, 840.2889989021635, 1174.8019066587829, 0, 0, 0]","[3430.819052581827, 7261.711001097837, 14936.198093341218, 4029, 8102, 16111]","[4029, 8102, 16111, 4029, 8102, 16111]","[1208, 1148, 1848, 0, 0, 0]","[11.036003104384944, 2.194440046565774, 2.3652114862242923, 0.0, 0.0, 0.0]","[473.9963333333333, 377.0048, 812.6866666666667, 0, 0, 0]","[0.039733333333333336, 0.8577333333333333, 0.22893333333333335, 0, 0, 0]","[0.0448, 0.28373333333333334, 0.059333333333333335, 0, 0, 0]","[3821.0036666666665, 16802.9952, 33547.31333333333, 4295, 17180, 34360]","[371.96026666666666, 359.14226666666667, 376.3110666666667, 372.0, 360.0, 376.54]","[199.9552, 304.7162666666667, 266.6906666666667, 200.0, 305.0, 266.75]","[(19, 6.666666666666667e-05, 0.012527777777777777), (14, 1.666666666666667e-05, 0.22806111111111113), (12, 0.0, 0.10694444444444445), (0, 0, 0), (0, 0, 0), (0, 0, 0)]","[(4007, 67.09993333333333, 10.09747222222222), (16091, 51.89998333333334, 5.961938888888889), (32200, 58.2, 11.533055555555555), (4026, 67.1, 10.11), (16105, 51.900000000000006, 6.1899999999999995), (32212, 58.2, 11.639999999999999)]","[0, 0, 0, 0, 0, 0]","[0, 0, 0, 0, 0, 0]"
110,"[29.734425415735917, 20.16785978770674, 9.533858854198995, 0.0, 0.0, 0.0]","[9, 7, 6, 0, 0, 0]","[450.4608268936989, 1363.372745904434, 766.4455247253127, 0, 0, 0]","[3578.539173106301, 6738.627254095566, 15344.554475274686, 4029, 8102, 16111]","[4029, 8102, 16111, 4029, 8102, 16111]","[1198, 1634, 1536, 0, 0, 0]","[10.199830811020568, 2.027600698486612, 1.866383197516492, 0.0, 0.0, 0.0]","[438.0827333333334, 348.3418, 641.2892666666667, 0, 0, 0]","[0.023733333333333335, 1.0005333333333333, 0.06280000000000001, 0, 0, 0]","[0.010266666666666667, 0.33039999999999997, 0.054133333333333325, 0, 0, 0]","[3856.9172666666664, 16831.6582, 33718.71073333333, 4295, 17180, 34360]","[371.9762666666667, 358.99946666666665, 376.47720000000004, 372.0, 360.0, 376.54]","[199.98973333333333, 304.6696, 266.6958666666667, 200.0, 305.0, 266.75]","[(18, 0.0001, 0.008005555555555556), (18, 8.333333333333333e-05, 0.28755555555555556), (10, 1.666666666666667e-05, 0.004127777777777778), (0, 0, 0), (0, 0, 0), (0, 0, 0)]","[(4008, 67.09989999999999, 10.101994444444443), (16087, 51.89991666666667, 5.902444444444444), (32202, 58.199983333333336, 11.63587222222222), (4026, 67.1, 10.11), (16105, 51.900000000000006, 6.1899999999999995), (32212, 58.2, 11.639999999999999)]","[0, 0, 0, 0, 0, 0]","[0, 0, 0, 0, 0, 0]"
111,"[25.71357656986845, 31.7822759812392, 5.511762150083794, 0.0, 0.0, 0.0]","[7, 12, 3, 0, 0, 0]","[830.856019236549, 1600.6878707744927, 554.644709245703, 0, 0, 0]","[3198.143980763451, 6501.312129225507, 15556.355290754296, 4029, 8102, 16111]","[4029, 8102, 16111, 4029, 8102, 16111]","[1036, 2575, 888, 0, 0, 0]","[7.816461001164143, 2.6005091191307725, 0.5243870779976717, 0.0, 0.0, 0.0]","[335.717, 446.7674666666667, 180.17940000000002, 0, 0, 0]","[0.03373333333333334, 1.8094666666666668, 0.010133333333333333, 0, 0, 0]","[0.04533333333333334, 0.8713333333333333, 0.0004, 0, 0, 0]","[3959.283, 16733.232533333332, 34179.8206, 4295, 17180, 34360]","[371.9662666666667, 358.19053333333335, 376.5298666666667, 372.0, 360.0, 376.54]","[199.95466666666667, 304.1286666666667, 266.7496, 200.0, 305.0, 266.75]","[(10, 0.001333333333333333, 0.010722222222222222), (27, 0.003233333333333333, 0.43390555555555554), (4, 0.0, 0.0026166666666666664), (0, 0, 0), (0, 0, 0), (0, 0, 0)]","[(4016, 67.09866666666666, 10.099277777777777), (16078, 51.89676666666667, 5.756094444444444), (32208, 58.2, 11.637383333333332), (4026, 67.1, 10.11), (16105, 51.900000000000006, 6.1899999999999995), (32212, 58.2, 11.639999999999999)]","[0, 0, 0, 0, 0, 0]","[0, 0, 0, 0, 0, 0]"
112,"[30.429386944651277, 25.25302394470501, 9.105580038483025, 0.0, 0.0, 0.0]","[9, 10, 5, 0, 0, 0]","[845.8129548465823, 1165.305868715821, 677.2835789660389, 0, 0, 0]","[3183.187045153418, 6936.694131284179, 15433.716421033962, 4029, 8102, 16111]","[4029, 8102, 16111, 4029, 8102, 16111]","[1226, 2046, 1467, 0, 0, 0]","[9.177494761350406, 1.4681292200232827, 0.6830770275514164, 0.0, 0.0, 0.0]","[394.17339999999996, 252.22459999999998, 234.7052666666667, 0, 0, 0]","[0.014666666666666668, 0.43973333333333336, 0.02026666666666667, 0, 0, 0]","[0.006533333333333334, 0.3737333333333333, 0.0008, 0, 0, 0]","[3900.8266, 16927.7754, 34125.294733333336, 4295, 17180, 34360]","[371.98533333333336, 359.5602666666667, 376.51973333333336, 372.0, 360.0, 376.54]","[199.99346666666668, 304.62626666666665, 266.7492, 200.0, 305.0, 266.75]","[(12, 0.0, 0.011916666666666667), (21, 0.0002333333333333333, 0.053522222222222235), (8, 0.0, 0.004738888888888889), (0, 0, 0), (0, 0, 0), (0, 0, 0)]","[(4014, 67.1, 10.098083333333333), (16084, 51.89976666666667, 6.1364777777777775), (32204, 58.2, 11.63526111111111), (4026, 67.1, 10.11), (16105, 51.900000000000006, 6.1899999999999995), (32212, 58.2, 11.639999999999999)]","[0, 0, 0, 0, 0, 0]","[0, 0, 0, 0, 0, 0]"
113,"[26.830479027053862, 21.06887188348556, 10.235243001675874, 0.0, 0.0, 0.0]","[8, 9, 6, 0, 0, 0]","[515.462723065656, 1062.4902908128363, 1347.3407762262377, 0, 0, 0]","[3513.537276934344, 7039.509709187164, 14763.659223773762, 4029, 8102, 16111]","[4029, 8102, 16111, 4029, 8102, 16111]","[1081, 1707, 1649, 0, 0, 0]","[7.263048506014745, 1.8137912301125343, 0.35208828094683736, 0.0, 0.0, 0.0]","[311.9479333333333, 311.6093333333334, 120.97753333333333, 0, 0, 0]","[0.02093333333333333, 0.4493333333333333, 0.031200000000000006, 0, 0, 0]","[0.04293333333333333, 0.37479999999999997, 0.023599999999999993, 0, 0, 0]","[3983.0520666666666, 16868.390666666666, 34239.02246666667, 4295, 17180, 34360]","[371.97906666666665, 359.55066666666664, 376.5088, 372.0, 360.0, 376.54]","[199.95706666666666, 304.6252, 266.7264, 200.0, 305.0, 266.75]","[(11, 0.03961666666666667, 0.06562777777777777), (19, 0.00011666666666666667, 0.05533888888888889), (11, 0.0, 0.0031333333333333335), (0, 0, 0), (0, 0, 0), (0, 0, 0)]","[(4015, 67.06038333333333, 10.044372222222222), (16086, 51.89988333333334, 6.134661111111111), (32201, 58.2, 11.636866666666666), (4026, 67.1, 10.11), (16105, 51.900000000000006, 6.1899999999999995), (32212, 58.2, 11.639999999999999)]","[0, 0, 0, 0, 0, 0]","[0, 0, 0, 0, 0, 0]"
114,"[25.639116406056097, 23.216489755615896, 13.760784557134878, 0.0, 0.0, 0.0]","[8, 10, 8, 0, 0, 0]","[445.70785441268777, 984.6348395487746, 1784.2099621298169, 0, 0, 0]","[3583.292145587312, 7117.365160451225, 14326.790037870183, 4029, 8102, 16111]","[4029, 8102, 16111, 4029, 8102, 16111]","[1033, 1881, 2217, 0, 0, 0]","[5.564242142025611, 1.836193247962747, 0.5086133100504462, 0.0, 0.0, 0.0]","[238.9842, 315.45799999999997, 174.7595333333333, 0, 0, 0]","[0.010666666666666666, 0.43946666666666667, 0.03013333333333333, 0, 0, 0]","[0.007066666666666667, 0.38559999999999994, 0.02106666666666666, 0, 0, 0]","[4056.0158, 16864.542, 34185.24046666667, 4295, 17180, 34360]","[371.9893333333333, 359.56053333333335, 376.5098666666667, 372.0, 360.0, 376.54]","[199.99293333333333, 304.6144, 266.7289333333333, 200.0, 305.0, 266.75]","[(13, 0.0006000000000000001, 0.0020888888888888893), (20, 0.0003333333333333333, 0.05903333333333333), (15, 5e-05, 0.0035277777777777772), (0, 0, 0), (0, 0, 0), (0, 0, 0)]","[(4013, 67.09939999999999, 10.107911111111111), (16085, 51.899666666666675, 6.130966666666666), (32197, 58.19995, 11.63647222222222), (4026, 67.1, 10.11), (16105, 51.900000000000006, 6.1899999999999995), (32212, 58.2, 11.639999999999999)]","[0, 0, 0, 0, 0, 0]","[0, 0, 0, 0, 0, 0]"
115,"[20.104244229337304, 23.957047642557395, 15.604245546521012, 0.0, 0.0, 0.0]","[7, 11, 9, 0, 0, 0]","[447.7084885804406, 995.3399194372757, 986.4678846862482, 0, 0, 0]","[3581.2915114195594, 7106.660080562724, 15124.532115313752, 4029, 8102, 16111]","[4029, 8102, 16111, 4029, 8102, 16111]","[810, 1941, 2514, 0, 0, 0]","[3.9956709351959634, 2.0844132712456345, 4.219140473418704, 0.0, 0.0, 0.0]","[171.61406666666664, 358.10220000000004, 1449.6966666666667, 0, 0, 0]","[0.08666666666666666, 0.44279999999999997, 0.21306666666666665, 0, 0, 0]","[0.0781333333333333, 0.3751999999999999, 0.0348, 0, 0, 0]","[4123.385933333333, 16821.8978, 32910.30333333333, 4295, 17180, 34360]","[371.91333333333336, 359.5572, 376.32693333333333, 372.0, 360.0, 376.54]","[199.92186666666666, 304.6248, 266.7152, 200.0, 305.0, 266.75]","[(12, 0.0002333333333333333, 0.001316666666666667), (21, 8.333333333333334e-05, 0.05467777777777778), (18, 1.666666666666667e-05, 0.004288888888888887), (0, 0, 0), (0, 0, 0), (0, 0, 0)]","[(4014, 67.09976666666667, 10.108683333333333), (16084, 51.89991666666667, 6.1353222222222215), (32194, 58.199983333333336, 11.63571111111111), (4026, 67.1, 10.11), (16105, 51.900000000000006, 6.1899999999999995), (32212, 58.2, 11.639999999999999)]","[0, 0, 0, 0, 0, 0]","[0, 0, 0, 0, 0, 0]"
116,"[18.168279970215934, 19.340903480622067, 17.249084476444665, 0.0, 0.0, 0.0]","[7, 9, 8, 0, 0, 0]","[299.802673864627, 782.2594101839195, 1160.192213548832, 0, 0, 0]","[3729.197326135373, 7319.7405898160805, 14950.807786451169, 4029, 8102, 16111]","[4029, 8102, 16111, 4029, 8102, 16111]","[732, 1567, 2779, 0, 0, 0]","[3.8858098564221963, 1.4619930151338767, 3.978942374854482, 0.0, 0.0, 0.0]","[166.89553333333333, 251.17040000000003, 1367.1646, 0, 0, 0]","[0.07813333333333333, 0.49626666666666663, 0.07693333333333331, 0, 0, 0]","[0.06973333333333333, 0.4302666666666666, 0.07706666666666667, 0, 0, 0]","[4128.104466666667, 16928.8296, 32992.835399999996, 4295, 17180, 34360]","[371.9218666666667, 359.50373333333334, 376.4630666666667, 372.0, 360.0, 376.54]","[199.93026666666665, 304.5697333333333, 266.67293333333333, 200.0, 305.0, 266.75]","[(12, 0.00031666666666666665, 0.0012611111111111109), (15, 0.0006666666666666666, 0.05261666666666667), (17, 0.0, 0.0022944444444444444), (0, 0, 0), (0, 0, 0), (0, 0, 0)]","[(4014, 67.09968333333333, 10.108738888888888), (16090, 51.89933333333334, 6.137383333333333), (32195, 58.2, 11.637705555555554), (4026, 67.1, 10.11), (16105, 51.900000000000006, 6.1899999999999995), (32212, 58.2, 11.639999999999999)]","[0, 0, 2, 0, 0, 0]","[0, 0, 2, 0, 0, 0]"
117,"[14.767932489451477, 18.501604542088373, 21.122214635963008, 0.0, 0.0, 0.0]","[6, 8, 10, 0, 0, 0]","[361.6073140754436, 938.1939517081344, 1743.6806987062594, 0, 0, 0]","[3667.3926859245566, 7163.806048291865, 14367.31930129374, 4029, 8102, 16111]","[4029, 8102, 16111, 4029, 8102, 16111]","[595, 1499, 3403, 0, 0, 0]","[2.892970120294917, 1.1192048894062863, 4.129617772603803, 0.0, 0.0, 0.0]","[124.25306666666668, 192.27939999999998, 1418.9366666666667, 0, 0, 0]","[0.07493333333333332, 0.018666666666666665, 8.2776, 0, 0, 0]","[0.06706666666666666, 0.025333333333333336, 8.302666666666669, 0, 0, 0]","[4170.746933333333, 16987.7206, 32941.06333333333, 4295, 17180, 34360]","[371.9250666666667, 359.98133333333334, 368.2624, 372.0, 360.0, 376.54]","[199.93293333333332, 304.9746666666667, 258.44733333333335, 200.0, 305.0, 266.75]","[(13, 0.0, 0.002122222222222222), (16, 5e-05, 0.0018555555555555556), (21, 1.666666666666667e-05, 0.0017666666666666666), (0, 0, 0), (0, 0, 0), (0, 0, 0)]","[(4013, 67.1, 10.107877777777777), (16089, 51.899950000000004, 6.188144444444444), (32191, 58.199983333333336, 11.638233333333332), (4026, 67.1, 10.11), (16105, 51.900000000000006, 6.1899999999999995), (32212, 58.2, 11.639999999999999)]","[0, 0, 2, 0, 0, 0]","[0, 0, 2, 0, 0, 0]"
118,"[18.267560188632416, 22.89558133794125, 22.518775991558563, 0.0, 0.0, 0.0]","[5, 8, 11, 0, 0, 0]","[345.3669140188854, 952.9603614325349, 1176.4986623182883, 0, 0, 0]","[3683.6330859811146, 7149.039638567465, 14934.501337681711, 4029, 8102, 16111]","[4029, 8102, 16111, 4029, 8102, 16111]","[736, 1855, 3628, 0, 0, 0]","[1.7546946061311601, 1.0279014357780363, 4.380242142025612, 0.0, 0.0, 0.0]","[75.36413333333333, 176.59346666666664, 1505.0512, 0, 0, 0]","[0.06693333333333333, 0.009066666666666667, 25.41973333333334, 0, 0, 0]","[0.06666666666666667, 0.016133333333333336, 24.675199999999993, 0, 0, 0]","[4219.6358666666665, 17003.406533333335, 32854.9488, 4295, 17180, 34360]","[371.93306666666666, 359.9909333333333, 351.1202666666667, 372.0, 360.0, 376.54]","[199.93333333333334, 304.98386666666664, 242.0748, 200.0, 305.0, 266.75]","[(10, 0.0, 0.0019555555555555554), (15, 0.00065, 0.0022333333333333333), (22, 0.011550000000000001, 0.4321388888888889), (0, 0, 0), (0, 0, 0), (0, 0, 0)]","[(4016, 67.1, 10.108044444444443), (16090, 51.899350000000005, 6.187766666666666), (32190, 58.18845, 11.207861111111109), (4026, 67.1, 10.11), (16105, 51.900000000000006, 6.1899999999999995), (32212, 58.2, 11.639999999999999)]","[2, 2, 2, 0, 0, 0]","[2, 0, 2, 0, 0, 0]"
119,"[19.2355423181931, 20.94544556899531, 16.789770963937684, 0.0, 0.0, 0.0]","[5, 7, 8, 0, 0, 0]","[471.5168361106753, 666.8166261842176, 1217.6053350250806, 0, 0, 0]","[3557.4831638893247, 7435.183373815782, 14893.39466497492, 4029, 8102, 16111]","[4029, 8102, 16111, 4029, 8102, 16111]","[775, 1697, 2705, 0, 0, 0]","[1.441369033760186, 1.023836631742336, 0.9700622817229335, 0.0, 0.0, 0.0]","[61.9068, 175.89513333333332, 333.31339999999994, 0, 0, 0]","[0.00013333333333333337, 0.016666666666666663, 21.3964, 0, 0, 0]","[0.0013333333333333333, 0.0136, 20.8752, 0, 0, 0]","[4233.0932, 17004.10486666667, 34026.6866, 4295, 17180, 34360]","[371.99986666666666, 359.98333333333335, 355.1436, 372.0, 360.0, 376.54]","[199.99866666666668, 304.9864, 245.8748, 200.0, 305.0, 266.75]","[(10, 0.0, 0.0016166666666666664), (15, 0.0, 0.027072222222222223), (17, 1.666666666666667e-05, 0.22856111111111113), (0, 0, 0), (0, 0, 0), (0, 0, 0)]","[(4016, 67.1, 10.108383333333332), (16090, 51.900000000000006, 6.162927777777777), (32195, 58.199983333333336, 11.411438888888888), (4026, 67.1, 10.11), (16105, 51.900000000000006, 6.1899999999999995), (32212, 58.2, 11.639999999999999)]","[2, 2, 2, 0, 0, 0]","[2, 0, 2, 0, 0, 0]"
120,"[27.053859518490942, 10.725746729202665, 13.276643287195084, 0.0, 0.0, 0.0]","[8, 5, 8, 0, 0, 0]","[440.7011735012015, 81.9658345526617, 1468.3489364176771, 0, 0, 0]","[3588.2988264987985, 8020.034165447339, 14642.651063582323, 4029, 8102, 16111]","[4029, 8102, 16111, 4029, 8102, 16111]","[1090, 869, 2139, 0, 0, 0]","[3.269344198680636, 1.139301901435778, 1.785890182382615, 0.0, 0.0, 0.0]","[140.41833333333332, 195.73206666666667, 613.6318666666665, 0, 0, 0]","[0.00026666666666666673, 0.013999999999999999, 23.955466666666666, 0, 0, 0]","[0.003333333333333333, 0.011733333333333333, 22.607333333333333, 0, 0, 0]","[4154.581666666667, 16984.267933333333, 33746.36813333334, 4295, 17180, 34360]","[371.9997333333333, 359.986, 352.58453333333335, 372.0, 360.0, 376.54]","[199.99666666666667, 304.9882666666667, 244.14266666666666, 200.0, 305.0, 266.75]","[(16, 0.00015, 0.0031222222222222224), (10, 0.00065, 0.0031333333333333335), (16, 8.333333333333333e-05, 0.29089999999999994), (0, 0, 0), (0, 0, 0), (0, 0, 0)]","[(4010, 67.09984999999999, 10.106877777777777), (16095, 51.899350000000005, 6.186866666666666), (32196, 58.19991666666667, 11.349099999999998), (4026, 67.1, 10.11), (16105, 51.900000000000006, 6.1899999999999995), (32212, 58.2, 11.639999999999999)]","[0, 0, 0, 0, 0, 0]","[0, 0, 0, 0, 0, 0]"
121,"[22.015388433854554, 10.750431992100715, 19.51461734218857, 0.0, 0.0, 0.0]","[8, 5, 11, 0, 0, 0]","[456.54349739803433, 633.4542048424721, 1185.5130294399728, 0, 0, 0]","[3572.4565026019654, 7468.545795157528, 14925.486970560027, 4029, 8102, 16111]","[4029, 8102, 16111, 4029, 8102, 16111]","[887, 871, 3144, 0, 0, 0]","[5.132939076445479, 0.5632898719441211, 2.197996895615056, 0.0, 0.0, 0.0]","[220.4597333333333, 96.7732, 755.2317333333333, 0, 0, 0]","[0.008, 1.174133333333333, 23.22693333333334, 0, 0, 0]","[0.010666666666666666, 1.1516000000000002, 22.512400000000003, 0, 0, 0]","[4074.540266666667, 17083.2268, 33604.768266666666, 4295, 17180, 34360]","[371.992, 358.8258666666667, 353.31306666666666, 372.0, 360.0, 376.54]","[199.98933333333332, 303.8484, 244.2376, 200.0, 305.0, 266.75]","[(14, 0.0, 0.006172222222222223), (9, 0.0, 0.0023555555555555556), (21, 0.00018333333333333334, 0.37932222222222217), (0, 0, 0), (0, 0, 0), (0, 0, 0)]","[(4012, 67.1, 10.103827777777777), (16096, 51.900000000000006, 6.187644444444444), (32191, 58.19981666666667, 11.260677777777776), (4026, 67.1, 10.11), (16105, 51.900000000000006, 6.1899999999999995), (32212, 58.2, 11.639999999999999)]","[0, 0, 0, 0, 0, 0]","[0, 0, 0, 0, 0, 0]"
122,"[22.685529908165798, 14.897556158973094, 10.831109180063311, 0.0, 0.0, 0.0]","[8, 7, 6, 0, 0, 0]","[545.4017060917611, 873.1193470457418, 716.8181161464488, 0, 0, 0]","[3483.5982939082387, 7228.880652954258, 15394.181883853551, 4029, 8102, 16111]","[4029, 8102, 16111, 4029, 8102, 16111]","[914, 1207, 1745, 0, 0, 0]","[8.414575087310826, 8.475666666666665, 1.2752349631354287, 0.0, 0.0, 0.0]","[361.406, 1456.1195333333333, 438.17073333333326, 0, 0, 0]","[0.0224, 0.0436, 0.012933333333333335, 0, 0, 0]","[0.04239999999999999, 0.03906666666666667, 0.04306666666666666, 0, 0, 0]","[3933.594, 15723.880466666667, 33921.82926666667, 4295, 17180, 34360]","[371.9776, 359.9564, 376.5270666666667, 372.0, 360.0, 376.54]","[199.9576, 304.96093333333334, 266.7069333333333, 200.0, 305.0, 266.75]","[(13, 0.0012833333333333332, 0.01366111111111111), (15, 0.06151666666666666, 0.03742222222222221), (11, 0.0, 0.004511111111111112), (0, 0, 0), (0, 0, 0), (0, 0, 0)]","[(4013, 67.09871666666666, 10.096338888888889), (16090, 51.838483333333336, 6.152577777777777), (32201, 58.2, 11.635488888888888), (4026, 67.1, 10.11), (16105, 51.900000000000006, 6.1899999999999995), (32212, 58.2, 11.639999999999999)]","[0, 0, 0, 0, 0, 0]","[0, 0, 0, 0, 0, 0]"
123,"[28.840903449987593, 18.34115033325105, 9.130407795915833, 0.0, 0.0, 0.0]","[9, 8, 5, 0, 0, 0]","[442.96282575741765, 965.6462410811945, 573.6569050333626, 0, 0, 0]","[3586.0371742425823, 7136.353758918805, 15537.343094966638, 4029, 8102, 16111]","[4029, 8102, 16111, 4029, 8102, 16111]","[1162, 1486, 1471, 0, 0, 0]","[9.07371362048894, 15.36521536670547, 0.33237854093907643, 0.0, 0.0, 0.0]","[389.716, 2639.7439999999997, 114.20526666666667, 0, 0, 0]","[0.006, 0.2104, 0.0005333333333333334, 0, 0, 0]","[0.009066666666666667, 0.018933333333333333, 0.0004, 0, 0, 0]","[3905.284, 14540.256000000001, 34245.794733333336, 4295, 17180, 34360]","[371.994, 359.7896, 376.53946666666667, 372.0, 360.0, 376.54]","[199.99093333333334, 304.98106666666666, 266.7496, 200.0, 305.0, 266.75]","[(13, 5e-05, 0.01705), (16, 0.029449999999999997, 0.03888888888888888), (11, 0.0, 0.0007555555555555555), (0, 0, 0), (0, 0, 0), (0, 0, 0)]","[(4013, 67.09994999999999, 10.09295), (16089, 51.87055000000001, 6.151111111111111), (32201, 58.2, 11.639244444444444), (4026, 67.1, 10.11), (16105, 51.900000000000006, 6.1899999999999995), (32212, 58.2, 11.639999999999999)]","[0, 0, 0, 0, 0, 0]","[0, 0, 0, 0, 0, 0]"
124,"[18.615040953090098, 21.16761293507776, 8.875923282229532, 0.0, 0.0, 0.0]","[6, 10, 5, 0, 0, 0]","[315.483101150857, 1069.0767074287696, 882.337167799189, 0, 0, 0]","[3713.516898849143, 7032.92329257123, 15228.662832200811, 4029, 8102, 16111]","[4029, 8102, 16111, 4029, 8102, 16111]","[750, 1715, 1430, 0, 0, 0]","[5.07802095459837, 17.287294916569657, 1.9303418703919286, 0.0, 0.0, 0.0]","[218.10099999999997, 2969.957266666667, 663.2654666666667, 0, 0, 0]","[0.004533333333333334, 0.0332, 2.2429333333333337, 0, 0, 0]","[0.008, 0.044000000000000004, 0.6996, 0, 0, 0]","[4076.899, 14210.042733333334, 33696.734533333336, 4295, 17180, 34360]","[371.9954666666667, 359.9668, 374.2970666666667, 372.0, 360.0, 376.54]","[199.992, 304.956, 266.0504, 200.0, 305.0, 266.75]","[(9, 0.0, 0.002838888888888888), (19, 0.0772, 0.04549444444444445), (12, 0.011550000000000001, 0.4350777777777778), (0, 0, 0), (0, 0, 0), (0, 0, 0)]","[(4017, 67.1, 10.107161111111111), (16086, 51.82280000000001, 6.144505555555555), (32200, 58.18845, 11.204922222222221), (4026, 67.1, 10.11), (16105, 51.900000000000006, 6.1899999999999995), (32212, 58.2, 11.639999999999999)]","[0, 0, 0, 0, 0, 0]","[0, 0, 0, 0, 0, 0]"
125,"[14.122611069744353, 20.735620834361885, 11.017317360809384, 0.0, 0.0, 0.0]","[6, 10, 6, 0, 0, 0]","[391.985840168634, 691.0649818428546, 1034.8057848456335, 0, 0, 0]","[3637.0141598313658, 7410.935018157145, 15076.194215154366, 4029, 8102, 16111]","[4029, 8102, 16111, 4029, 8102, 16111]","[569, 1680, 1775, 0, 0, 0]","[3.6111493985254173, 10.446826154443151, 2.5251752037252615, 0.0, 0.0, 0.0]","[155.09886666666668, 1794.7647333333334, 867.6501999999999, 0, 0, 0]","[0.014266666666666667, 0.0264, 0.8662666666666666, 0, 0, 0]","[0.008666666666666666, 0.028666666666666663, 0.33359999999999995, 0, 0, 0]","[4139.901133333334, 15385.235266666667, 33492.3498, 4295, 17180, 34360]","[371.9857333333333, 359.9736, 375.67373333333336, 372.0, 360.0, 376.54]","[199.99133333333333, 304.97133333333335, 266.4164, 200.0, 305.0, 266.75]","[(10, 0.0, 0.0030555555555555557), (19, 0.05543333333333333, 0.03281666666666667), (13, 1.666666666666667e-05, 0.2605166666666667), (0, 0, 0), (0, 0, 0), (0, 0, 0)]","[(4016, 67.1, 10.106944444444444), (16086, 51.84456666666667, 6.157183333333333), (32199, 58.199983333333336, 11.379483333333333), (4026, 67.1, 10.11), (16105, 51.900000000000006, 6.1899999999999995), (32212, 58.2, 11.639999999999999)]","[0, 0, 0, 0, 0, 0]","[0, 0, 0, 0, 0, 0]"
126,"[16.406056093323404, 14.231054060725748, 16.498044814102165, 0.0, 0.0, 0.0]","[6, 7, 9, 0, 0, 0]","[339.5173292979576, 435.4754459821904, 1130.4650090940345, 0, 0, 0]","[3689.4826707020425, 7666.524554017809, 14980.534990905966, 4029, 8102, 16111]","[4029, 8102, 16111, 4029, 8102, 16111]","[661, 1153, 2658, 0, 0, 0]","[6.176658129608071, 1.6998036476523086, 2.3958537058595266, 0.0, 0.0, 0.0]","[265.28746666666666, 292.02626666666663, 823.2153333333333, 0, 0, 0]","[0.008933333333333333, 0.006933333333333334, 1.0064, 0, 0, 0]","[0.0026666666666666666, 0.019866666666666668, 0.37039999999999995, 0, 0, 0]","[4029.7125333333333, 16887.973733333332, 33536.78466666667, 4295, 17180, 34360]","[371.99106666666665, 359.99306666666666, 375.53360000000004, 372.0, 360.0, 376.54]","[199.99733333333333, 304.98013333333336, 266.3796, 200.0, 305.0, 266.75]","[(10, 0.0, 0.004105555555555556), (11, 0.00024999999999999995, 0.004638888888888889), (19, 0.00041666666666666664, 0.29591111111111107), (0, 0, 0), (0, 0, 0), (0, 0, 0)]","[(4016, 67.1, 10.105894444444443), (16094, 51.899750000000004, 6.185361111111111), (32193, 58.19958333333334, 11.344088888888887), (4026, 67.1, 10.11), (16105, 51.900000000000006, 6.1899999999999995), (32212, 58.2, 11.639999999999999)]","[0, 0, 0, 0, 0, 0]","[0, 0, 0, 0, 0, 0]"
127,"[12.807148175725985, 10.05924463095532, 15.927006393147538, 0.0, 0.0, 0.0]","[5, 5, 9, 0, 0, 0]","[234.00626771184608, 483.7852964664878, 1090.1099043943523, 0, 0, 0]","[3794.9937322881538, 7618.214703533512, 15020.890095605648, 4029, 8102, 16111]","[4029, 8102, 16111, 4029, 8102, 16111]","[516, 815, 2566, 0, 0, 0]","[3.7912161428017073, 1.084369809856422, 1.6523746604578968, 0.0, 0.0, 0.0]","[162.83273333333332, 186.29473333333328, 567.7559333333334, 0, 0, 0]","[0.008666666666666666, 0.0028, 0.08053333333333333, 0, 0, 0]","[0.0, 0.013866666666666666, 0.1208, 0, 0, 0]","[4132.167266666666, 16993.705266666668, 33792.244066666666, 4295, 17180, 34360]","[371.99133333333333, 359.9972, 376.4594666666667, 372.0, 360.0, 376.54]","[200.0, 304.9861333333333, 266.6292, 200.0, 305.0, 266.75]","[(8, 0.007966666666666665, 0.003033333333333333), (9, 0.00039999999999999996, 0.003511111111111111), (15, 0.0, 0.009038888888888888), (0, 0, 0), (0, 0, 0), (0, 0, 0)]","[(4018, 67.09203333333333, 10.106966666666667), (16096, 51.89960000000001, 6.1864888888888885), (32197, 58.2, 11.63096111111111), (4026, 67.1, 10.11), (16105, 51.900000000000006, 6.1899999999999995), (32212, 58.2, 11.639999999999999)]","[0, 0, 0, 0, 0, 0]","[0, 0, 0, 0, 0, 0]"
128,"[13.502109704641349, 11.725499876573686, 10.663521817391844, 0.0, 0.0, 0.0]","[5, 6, 6, 0, 0, 0]","[404.4417623553443, 583.5959790539255, 601.2604281269312, 0, 0, 0]","[3624.5582376446555, 7518.4040209460745, 15509.73957187307, 4029, 8102, 16111]","[4029, 8102, 16111, 4029, 8102, 16111]","[544, 950, 1718, 0, 0, 0]","[4.989538222739619, 1.3407074117190532, 1.0149470314318974, 0.0, 0.0, 0.0]","[214.30066666666664, 230.33353333333332, 348.7358, 0, 0, 0]","[0.017866666666666666, 0.0026666666666666666, 0.06506666666666668, 0, 0, 0]","[0.0004000000000000001, 0.011733333333333332, 0.09559999999999999, 0, 0, 0]","[4080.6993333333335, 16949.666466666666, 34011.2642, 4295, 17180, 34360]","[371.9821333333333, 359.99733333333336, 376.47493333333335, 372.0, 360.0, 376.54]","[199.9996, 304.9882666666667, 266.6544, 200.0, 305.0, 266.75]","[(10, 0.0, 0.0042611111111111105), (10, 0.00013333333333333334, 0.004055555555555555), (12, 0.0003333333333333333, 0.0071111111111111115), (0, 0, 0), (0, 0, 0), (0, 0, 0)]","[(4016, 67.1, 10.105738888888888), (16095, 51.899866666666675, 6.185944444444444), (32200, 58.19966666666667, 11.632888888888887), (4026, 67.1, 10.11), (16105, 51.900000000000006, 6.1899999999999995), (32212, 58.2, 11.639999999999999)]","[0, 0, 0, 0, 0, 0]","[0, 0, 0, 0, 0, 0]"
129,"[16.505336311739885, 9.577882004443348, 8.050400347588605, 0.0, 0.0, 0.0]","[5, 5, 5, 0, 0, 0]","[255.36720032174247, 600.6827666381166, 798.3593876534228, 0, 0, 0]","[3773.6327996782575, 7501.317233361883, 15312.640612346577, 4029, 8102, 16111]","[4029, 8102, 16111, 4029, 8102, 16111]","[665, 776, 1297, 0, 0, 0]","[3.341598758246022, 2.284716336825766, 0.10527823050058206, 0.0, 0.0, 0.0]","[143.52166666666665, 392.51426666666663, 36.1736, 0, 0, 0]","[0.0088, 0.002533333333333333, 0.05853333333333334, 0, 0, 0]","[0.0006666666666666666, 0.0061333333333333335, 0.056799999999999996, 0, 0, 0]","[4151.4783333333335, 16787.485733333335, 34323.8264, 4295, 17180, 34360]","[371.9912, 359.99746666666664, 376.4814666666667, 372.0, 360.0, 376.54]","[199.99933333333334, 304.9938666666667, 266.6932, 200.0, 305.0, 266.75]","[(11, 0.0, 0.0016444444444444443), (8, 0.003766666666666667, 0.02841111111111111), (9, 0.0, 0.001794444444444444), (0, 0, 0), (0, 0, 0), (0, 0, 0)]","[(4015, 67.1, 10.108355555555555), (16097, 51.89623333333334, 6.161588888888889), (32203, 58.2, 11.638205555555555), (4026, 67.1, 10.11), (16105, 51.900000000000006, 6.1899999999999995), (32212, 58.2, 11.639999999999999)]","[0, 0, 0, 0, 0, 0]","[0, 0, 0, 0, 0, 0]"
130,"[17.34921816827997, 12.71291039249568, 6.138663025262243, 0.0, 0.0, 0.0]","[5, 6, 4, 0, 0, 0]","[511.45951683044086, 479.5024863895434, 466.31589704906594, 0, 0, 0]","[3517.540483169559, 7622.497513610457, 15644.684102950934, 4029, 8102, 16111]","[4029, 8102, 16111, 4029, 8102, 16111]","[699, 1030, 989, 0, 0, 0]","[2.2907923942568877, 2.9581311602638722, 0.09027415599534341, 0.0, 0.0, 0.0]","[98.38953333333333, 508.20693333333327, 31.0182, 0, 0, 0]","[0.008933333333333333, 0.0024, 0.052533333333333335, 0, 0, 0]","[0.0009333333333333333, 0.006666666666666667, 0.05173333333333334, 0, 0, 0]","[4196.610466666667, 16671.793066666665, 34328.9818, 4295, 17180, 34360]","[371.99106666666665, 359.9976, 376.4874666666667, 372.0, 360.0, 376.54]","[199.99906666666666, 304.99333333333334, 266.69826666666665, 200.0, 305.0, 266.75]","[(11, 0.0, 0.0016833333333333333), (9, 0.00043333333333333337, 0.007455555555555557), (7, 0.0, 0.0010611111111111112), (0, 0, 0), (0, 0, 0), (0, 0, 0)]","[(4015, 67.1, 10.108316666666665), (16096, 51.89956666666667, 6.182544444444444), (32205, 58.2, 11.638938888888887), (4026, 67.1, 10.11), (16105, 51.900000000000006, 6.1899999999999995), (32212, 58.2, 11.639999999999999)]","[0, 0, 0, 0, 0, 0]","[0, 0, 0, 0, 0, 0]"
131,"[19.831223628691983, 10.627005677610466, 8.385575072931537, 0.0, 0.0, 0.0]","[5, 5, 5, 0, 0, 0]","[507.10541013536954, 305.5404881393613, 640.8791698282726, 0, 0, 0]","[3521.8945898646307, 7796.4595118606385, 15470.120830171727, 4029, 8102, 16111]","[4029, 8102, 16111, 4029, 8102, 16111]","[799, 861, 1351, 0, 0, 0]","[2.848237485448195, 2.8340318199456727, 0.356791424136593, 0.0, 0.0, 0.0]","[122.33179999999999, 486.8866666666666, 122.59353333333334, 0, 0, 0]","[1.1570666666666665, 0.002533333333333333, 0.05773333333333334, 0, 0, 0]","[1.1490666666666667, 0.005866666666666667, 0.04733333333333332, 0, 0, 0]","[4172.6682, 16693.113333333335, 34237.40646666667, 4295, 17180, 34360]","[370.84293333333335, 359.99746666666664, 376.4822666666667, 372.0, 360.0, 376.54]","[198.85093333333333, 304.9941333333333, 266.7026666666667, 200.0, 305.0, 266.75]","[(11, 0.0, 0.0021277777777777775), (10, 0.0002833333333333334, 0.0063), (11, 0.0, 0.0028888888888888888), (0, 0, 0), (0, 0, 0), (0, 0, 0)]","[(4015, 67.1, 10.107872222222221), (16095, 51.89971666666667, 6.183699999999999), (32201, 58.2, 11.63711111111111), (4026, 67.1, 10.11), (16105, 51.900000000000006, 6.1899999999999995), (32212, 58.2, 11.639999999999999)]","[0, 0, 0, 0, 0, 0]","[0, 0, 0, 0, 0, 0]"
132,"[15.810374782824521, 7.121698346087387, 11.029731239525791, 0.0, 0.0, 0.0]","[5, 3, 6, 0, 0, 0]","[215.81082671317222, 451.0166009450081, 1083.8529206841367, 0, 0, 0]","[3813.189173286828, 7650.983399054992, 15027.147079315862, 4029, 8102, 16111]","[4029, 8102, 16111, 4029, 8102, 16111]","[637, 577, 1777, 0, 0, 0]","[3.4016080714008536, 0.9684101668606908, 0.3487809468374079, 0.0, 0.0, 0.0]","[146.09906666666666, 166.37286666666668, 119.84113333333335, 0, 0, 0]","[0.02586666666666667, 0.0092, 0.017066666666666667, 0, 0, 0]","[0.0176, 0.0048, 0.008133333333333333, 0, 0, 0]","[4148.900933333333, 17013.62713333333, 34240.158866666665, 4295, 17180, 34360]","[371.9741333333333, 359.9908, 376.52293333333336, 372.0, 360.0, 376.54]","[199.9824, 304.9952, 266.7418666666667, 200.0, 305.0, 266.75]","[(10, 0.03961666666666667, 0.015594444444444445), (5, 0.008966666666666666, 0.007727777777777778), (12, 0.0, 0.0024333333333333334), (0, 0, 0), (0, 0, 0), (0, 0, 0)]","[(4016, 67.06038333333333, 10.094405555555555), (16100, 51.89103333333334, 6.182272222222222), (32200, 58.2, 11.637566666666665), (4026, 67.1, 10.11), (16105, 51.900000000000006, 6.1899999999999995), (32212, 58.2, 11.639999999999999)]","[0, 0, 0, 0, 0, 0]","[0, 0, 0, 0, 0, 0]"
133,"[7.867957309506081, 13.046161441619352, 9.788343367885295, 0.0, 0.0, 0.0]","[3, 6, 5, 0, 0, 0]","[272.8791482442915, 462.7336662847627, 473.052206193491, 0, 0, 0]","[3756.1208517557084, 7639.266333715237, 15637.947793806508, 4029, 8102, 16111]","[4029, 8102, 16111, 4029, 8102, 16111]","[317, 1057, 1577, 0, 0, 0]","[1.4709119130772215, 1.5472118742724095, 0.35819305393868844, 0.0, 0.0, 0.0]","[63.17566666666666, 265.811, 123.07513333333335, 0, 0, 0]","[0.019200000000000002, 0.005200000000000001, 0.011733333333333332, 0, 0, 0]","[0.009866666666666668, 0.012799999999999999, 0.002800000000000001, 0, 0, 0]","[4231.824333333333, 16914.189, 34236.92486666667, 4295, 17180, 34360]","[371.9808, 359.9948, 376.5282666666667, 372.0, 360.0, 376.54]","[199.99013333333335, 304.9872, 266.7472, 200.0, 305.0, 266.75]","[(6, 0.0, 0.0009833333333333335), (11, 0.0006000000000000001, 0.005388888888888888), (10, 0.0, 0.0016666666666666666), (0, 0, 0), (0, 0, 0), (0, 0, 0)]","[(4020, 67.1, 10.109016666666665), (16094, 51.89940000000001, 6.184611111111111), (32202, 58.2, 11.638333333333332), (4026, 67.1, 10.11), (16105, 51.900000000000006, 6.1899999999999995), (32212, 58.2, 11.639999999999999)]","[0, 0, 0, 0, 0, 0]","[0, 0, 0, 0, 0, 0]"
134,"[9.75428145941921, 7.800543075783757, 7.510396623424989, 0.0, 0.0, 0.0]","[4, 4, 4, 0, 0, 0]","[176.67160468717577, 457.39569034325007, 372.1610099678621, 0, 0, 0]","[3852.3283953128243, 7644.60430965675, 15738.838990032138, 4029, 8102, 16111]","[4029, 8102, 16111, 4029, 8102, 16111]","[393, 632, 1210, 0, 0, 0]","[1.5207450523864956, 0.8188746604578967, 0.1696233993015134, 0.0, 0.0, 0.0]","[65.31599999999999, 140.68266666666665, 58.2826, 0, 0, 0]","[0.027333333333333334, 0.0044, 0.010666666666666668, 0, 0, 0]","[0.018533333333333332, 0.008666666666666666, 0.0013333333333333335, 0, 0, 0]","[4229.684, 17039.317333333332, 34301.7174, 4295, 17180, 34360]","[371.97266666666667, 359.9956, 376.52933333333334, 372.0, 360.0, 376.54]","[199.98146666666668, 304.99133333333333, 266.7486666666667, 200.0, 305.0, 266.75]","[(9, 0.0, 0.000888888888888889), (7, 0.0002333333333333333, 0.0016666666666666666), (9, 0.0, 0.0012722222222222221), (0, 0, 0), (0, 0, 0), (0, 0, 0)]","[(4017, 67.1, 10.10911111111111), (16098, 51.89976666666667, 6.188333333333333), (32203, 58.2, 11.638727777777776), (4026, 67.1, 10.11), (16105, 51.900000000000006, 6.1899999999999995), (32212, 58.2, 11.639999999999999)]","[0, 0, 0, 0, 0, 0]","[0, 0, 0, 0, 0, 0]"
135,"[10.846363862000496, 11.44161935324611, 3.5317484948172058, 0.0, 0.0, 0.0]","[4, 5, 2, 0, 0, 0]","[131.68787531372251, 411.75898226932384, 487.53128821964935, 0, 0, 0]","[3897.3121246862775, 7690.2410177306765, 15623.468711780351, 4029, 8102, 16111]","[4029, 8102, 16111, 4029, 8102, 16111]","[437, 927, 569, 0, 0, 0]","[2.306067520372526, 0.8727830811020566, 0.0610337601862631, 0.0, 0.0, 0.0]","[99.0456, 149.94413333333333, 20.9712, 0, 0, 0]","[0.018666666666666665, 0.004666666666666666, 0.009466666666666667, 0, 0, 0]","[0.0008, 0.009600000000000001, 0.00013333333333333337, 0, 0, 0]","[4195.9544, 17030.055866666666, 34339.0288, 4295, 17180, 34360]","[371.98133333333334, 359.99533333333335, 376.5305333333334, 372.0, 360.0, 376.54]","[199.9992, 304.9904, 266.74986666666666, 200.0, 305.0, 266.75]","[(11, 0.0002, 0.0019944444444444445), (8, 0.0007999999999999999, 0.0013444444444444445), (5, 0.0, 0.0010999999999999998), (0, 0, 0), (0, 0, 0), (0, 0, 0)]","[(4015, 67.09979999999999, 10.108005555555556), (16097, 51.89920000000001, 6.188655555555555), (32207, 58.2, 11.6389), (4026, 67.1, 10.11), (16105, 51.900000000000006, 6.1899999999999995), (32212, 58.2, 11.639999999999999)]","[0, 0, 0, 0, 0, 0]","[0, 0, 0, 0, 0, 0]"
136,"[13.725490196078432, 14.564305109849421, 7.231084352305878, 0.0, 0.0, 0.0]","[3, 6, 4, 0, 0, 0]","[390.80478296352686, 691.3718875118394, 472.2469756678942, 0, 0, 0]","[3638.195217036473, 7410.628112488161, 15638.753024332105, 4029, 8102, 16111]","[4029, 8102, 16111, 4029, 8102, 16111]","[553, 1180, 1165, 0, 0, 0]","[1.6672487388436168, 0.7888560341482344, 3.340245634458673, 0.0, 0.0, 0.0]","[71.60833333333335, 135.52546666666666, 1147.7084, 0, 0, 0]","[0.01, 0.015333333333333332, 0.009866666666666668, 0, 0, 0]","[0.0026666666666666666, 0.0124, 0.0002666666666666667, 0, 0, 0]","[4223.391666666666, 17044.474533333334, 33212.2916, 4295, 17180, 34360]","[371.99, 359.98466666666667, 376.53013333333337, 372.0, 360.0, 376.54]","[199.99733333333333, 304.9876, 266.7497333333333, 200.0, 305.0, 266.75]","[(6, 0.0, 0.0011222222222222224), (9, 0.0198, 0.0020555555555555553), (8, 0.0, 0.0012222222222222222), (0, 0, 0), (0, 0, 0), (0, 0, 0)]","[(4020, 67.1, 10.108877777777778), (16096, 51.88020000000001, 6.187944444444444), (32204, 58.2, 11.638777777777777), (4026, 67.1, 10.11), (16105, 51.900000000000006, 6.1899999999999995), (32212, 58.2, 11.639999999999999)]","[0, 0, 0, 0, 0, 0]","[0, 0, 0, 0, 0, 0]"
137,"[29.26284437825763, 10.503579363120217, 7.249705170380485, 0.0, 0.0, 0.0]","[7, 4, 4, 0, 0, 0]","[739.8673482765132, 651.5116597507536, 794.4547026220819, 0, 0, 0]","[3289.1326517234866, 7450.488340249247, 15316.545297377917, 4029, 8102, 16111]","[4029, 8102, 16111, 4029, 8102, 16111]","[1179, 851, 1168, 0, 0, 0]","[4.211349631354288, 0.2217489328676756, 4.062488164532402, 0.0, 0.0, 0.0]","[180.87746666666666, 38.096466666666664, 1395.8709333333334, 0, 0, 0]","[0.031066666666666666, 0.0132, 1.1884000000000001, 0, 0, 0]","[0.0072, 0.006533333333333333, 0.38386666666666663, 0, 0, 0]","[4114.122533333333, 17141.903533333334, 32964.12906666667, 4295, 17180, 34360]","[371.9689333333333, 359.9868, 375.3516, 372.0, 360.0, 376.54]","[199.9928, 304.9934666666667, 266.3661333333333, 200.0, 305.0, 266.75]","[(15, 0.0, 0.006272222222222222), (7, 0.0, 0.0010500000000000004), (8, 0.011550000000000001, 0.43062222222222224), (0, 0, 0), (0, 0, 0), (0, 0, 0)]","[(4011, 67.1, 10.103727777777777), (16098, 51.900000000000006, 6.188949999999999), (32204, 58.18845, 11.209377777777776), (4026, 67.1, 10.11), (16105, 51.900000000000006, 6.1899999999999995), (32212, 58.2, 11.639999999999999)]","[0, 0, 0, 0, 0, 0]","[0, 0, 0, 0, 0, 0]"
138,"[28.170761975676346, 15.317205628239941, 11.116628390540624, 0.0, 0.0, 0.0]","[7, 4, 5, 0, 0, 0]","[545.5136457577333, 564.6680981093878, 590.6153220548199, 0, 0, 0]","[3483.4863542422668, 7537.331901890612, 15520.38467794518, 4029, 8102, 16111]","[4029, 8102, 16111, 4029, 8102, 16111]","[1135, 1241, 1791, 0, 0, 0]","[3.772911136980986, 0.18029685681024446, 4.173496701590997, 0.0, 0.0, 0.0]","[162.04653333333334, 30.974999999999998, 1434.0134666666668, 0, 0, 0]","[1.168, 0.013466666666666665, 0.8532000000000001, 0, 0, 0]","[1.1546666666666667, 0.0044, 0.27146666666666663, 0, 0, 0]","[4132.953466666667, 17149.025, 32925.98653333334, 4295, 17180, 34360]","[370.832, 359.98653333333334, 375.6868, 372.0, 360.0, 376.54]","[198.84533333333334, 304.9956, 266.47853333333336, 200.0, 305.0, 266.75]","[(13, 0.0, 0.0041), (6, 0.0, 0.0011222222222222222), (10, 1.666666666666667e-05, 0.22900555555555557), (0, 0, 0), (0, 0, 0), (0, 0, 0)]","[(4013, 67.1, 10.1059), (16099, 51.900000000000006, 6.188877777777777), (32202, 58.199983333333336, 11.410994444444443), (4026, 67.1, 10.11), (16105, 51.900000000000006, 6.1899999999999995), (32212, 58.2, 11.639999999999999)]","[0, 2, 2, 0, 0, 0]","[0, 0, 0, 0, 0, 0]"
139,"[39.31496649292628, 17.008146136756356, 9.434547824467755, 0.0, 0.0, 0.0]","[11, 5, 4, 0, 0, 0]","[948.284069790877, 552.0777631255955, 948.9861473371155, 0, 0, 0]","[3080.715930209123, 7549.922236874405, 15162.013852662885, 4029, 8102, 16111]","[4029, 8102, 16111, 4029, 8102, 16111]","[1584, 1378, 1520, 0, 0, 0]","[13.595366705471479, 0.7303674815677145, 0.8224379123011254, 0.0, 0.0, 0.0]","[583.921, 125.47713333333334, 282.5896666666667, 0, 0, 0]","[0.05813333333333334, 0.0148, 13.1028, 0, 0, 0]","[0.0464, 0.0056, 12.377333333333336, 0, 0, 0]","[3711.0789999999997, 17054.522866666666, 34077.41033333333, 4295, 17180, 34360]","[371.94186666666667, 359.9852, 363.4372, 372.0, 360.0, 376.54]","[199.9536, 304.9944, 254.37266666666667, 200.0, 305.0, 266.75]","[(19, 0.4726666666666667, 0.03682222222222222), (9, 0.0, 0.002972222222222222), (8, 8.333333333333333e-05, 0.28727777777777774), (0, 0, 0), (0, 0, 0), (0, 0, 0)]","[(4007, 66.62733333333333, 10.073177777777778), (16096, 51.900000000000006, 6.187027777777777), (32204, 58.19991666666667, 11.352722222222221), (4026, 67.1, 10.11), (16105, 51.900000000000006, 6.1899999999999995), (32212, 58.2, 11.639999999999999)]","[0, 2, 2, 0, 0, 0]","[0, 0, 0, 0, 0, 0]"
140,"[47.50558451228593, 20.501110836830414, 13.978027434671963, 0.0, 0.0, 0.0]","[12, 6, 5, 0, 0, 0]","[1381.1356448871497, 545.9488951524497, 1017.2718408578585, 0, 0, 0]","[2647.8643551128503, 7556.05110484755, 15093.728159142142, 4029, 8102, 16111]","[4029, 8102, 16111, 4029, 8102, 16111]","[1914, 1661, 2252, 0, 0, 0]","[12.709336437718278, 0.9778102444703144, 0.7682673651532789, 0.0, 0.0, 0.0]","[545.866, 167.98780000000002, 263.97666666666663, 0, 0, 0]","[0.06066666666666666, 0.013733333333333334, 1.2096, 0, 0, 0]","[0.056933333333333336, 0.005466666666666667, 0.39106666666666673, 0, 0, 0]","[3749.134, 17012.0122, 34096.02333333333, 4295, 17180, 34360]","[371.9393333333333, 359.98626666666667, 375.3304, 372.0, 360.0, 376.54]","[199.94306666666665, 304.9945333333333, 266.3589333333333, 200.0, 305.0, 266.75]","[(22, 0.007899999999999999, 0.08679444444444447), (10, 0.00065, 0.003022222222222222), (10, 0.00016666666666666666, 0.37445555555555554), (0, 0, 0), (0, 0, 0), (0, 0, 0)]","[(4004, 67.09209999999999, 10.023205555555554), (16095, 51.899350000000005, 6.186977777777777), (32202, 58.19983333333334, 11.265544444444444), (4026, 67.1, 10.11), (16105, 51.900000000000006, 6.1899999999999995), (32212, 58.2, 11.639999999999999)]","[2, 2, 4, 0, 0, 0]","[0, 2, 0, 0, 0, 0]"
141,"[65.05336311739886, 15.156751419402617, 15.157345912730433, 0.0, 0.0, 0.0]","[17, 4, 6, 0, 0, 0]","[1474.269224120194, 412.83378571869446, 1152.3795285709868, 0, 0, 0]","[2554.730775879806, 7689.166214281306, 14958.620471429012, 4029, 8102, 16111]","[4029, 8102, 16111, 4029, 8102, 16111]","[2621, 1228, 2442, 0, 0, 0]","[14.318551804423747, 0.8664322856034147, 0.2974091967403958, 0.0, 0.0, 0.0]","[614.9817999999999, 148.85306666666665, 102.18979999999999, 0, 0, 0]","[0.06933333333333333, 0.010533333333333334, 0.0104, 0, 0, 0]","[0.05826666666666666, 0.0012000000000000001, 0.0076, 0, 0, 0]","[3680.0182, 17031.146933333333, 34257.8102, 4295, 17180, 34360]","[371.93066666666664, 359.98946666666666, 376.5296, 372.0, 360.0, 376.54]","[199.94173333333333, 304.9988, 266.7424, 200.0, 305.0, 266.75]","[(29, 0.06448333333333334, 0.04790769230769232), (6, 0.0, 0.002333333333333334), (10, 5e-05, 0.00345), (0, 0, 0), (0, 0, 0), (0, 0, 0)]","[(3997, 67.03551666666667, 10.062092307692307), (16099, 51.900000000000006, 6.187666666666666), (32202, 58.19995, 11.636549999999998), (4026, 67.1, 10.11), (16105, 51.900000000000006, 6.1899999999999995), (32212, 58.2, 11.639999999999999)]","[2, 2, 4, 0, 0, 0]","[0, 2, 0, 0, 0, 0]"
142,"[54.33109952841896, 28.25228338681807, 20.706349698963443, 0.0, 0.0, 0.0]","[14, 7, 7, 0, 0, 0]","[775.3013558682363, 860.7929423607151, 1251.1360793881363, 0, 0, 0]","[3253.6986441317636, 7241.207057639285, 14859.863920611864, 4029, 8102, 16111]","[4029, 8102, 16111, 4029, 8102, 16111]","[2189, 2289, 3336, 0, 0, 0]","[10.085840900271634, 7.827936748156771, 1.041269887466046, 0.0, 0.0, 0.0]","[433.1868666666667, 1344.8395333333333, 357.78033333333343, 0, 0, 0]","[0.048533333333333324, 0.2254666666666667, 1.1981333333333335, 0, 0, 0]","[0.03066666666666666, 1.5085333333333333, 0.38439999999999996, 0, 0, 0]","[3861.813133333333, 15835.160466666666, 34002.219666666664, 4295, 17180, 34360]","[371.95146666666665, 359.77453333333335, 375.3418666666667, 372.0, 360.0, 376.54]","[199.96933333333334, 303.49146666666667, 266.3656, 200.0, 305.0, 266.75]","[(20, 1.666666666666667e-05, 0.018222222222222223), (17, 0.062166666666666655, 0.06199444444444444), (13, 0.011550000000000001, 0.43241111111111113), (0, 0, 0), (0, 0, 0), (0, 0, 0)]","[(4006, 67.09998333333333, 10.091777777777777), (16088, 51.837833333333336, 6.128005555555555), (32199, 58.18845, 11.207588888888887), (4026, 67.1, 10.11), (16105, 51.900000000000006, 6.1899999999999995), (32212, 58.2, 11.639999999999999)]","[2, 4, 6, 0, 0, 0]","[0, 2, 0, 0, 0, 0]"
143,"[39.36460660213452, 37.87953591705752, 19.613928371919805, 0.0, 0.0, 0.0]","[11, 12, 6, 0, 0, 0]","[619.4986043264429, 1088.4560995522784, 780.5225136252805, 0, 0, 0]","[3409.501395673557, 7013.543900447721, 15330.477486374719, 4029, 8102, 16111]","[4029, 8102, 16111, 4029, 8102, 16111]","[1586, 3069, 3160, 0, 0, 0]","[5.130863795110593, 8.915614280170741, 0.9490828482731858, 0.0, 0.0, 0.0]","[220.37059999999997, 1531.7025333333333, 326.1048666666666, 0, 0, 0]","[0.026799999999999997, 0.19026666666666667, 0.8849333333333333, 0, 0, 0]","[0.010799999999999997, 0.8134666666666664, 0.31346666666666667, 0, 0, 0]","[4074.6294, 15648.297466666667, 34033.89513333333, 4295, 17180, 34360]","[371.9732, 359.8097333333333, 375.6550666666667, 372.0, 360.0, 376.54]","[199.9892, 304.18653333333333, 266.43653333333333, 200.0, 305.0, 266.75]","[(18, 0.0, 0.006333333333333333), (25, 0.029716666666666662, 0.05179999999999999), (12, 1.666666666666667e-05, 0.22874444444444447), (0, 0, 0), (0, 0, 0), (0, 0, 0)]","[(4008, 67.1, 10.103666666666665), (16080, 51.87028333333334, 6.138199999999999), (32200, 58.199983333333336, 11.411255555555554), (4026, 67.1, 10.11), (16105, 51.900000000000006, 6.1899999999999995), (32212, 58.2, 11.639999999999999)]","[2, 4, 6, 0, 0, 0]","[0, 2, 0, 0, 0, 0]"
144,"[26.383718044179698, 26.90693655887435, 10.011793184780585, 0.0, 0.0, 0.0]","[8, 13, 6, 0, 0, 0]","[326.00852668192806, 1657.3973863405708, 1131.4157909261517, 0, 0, 0]","[3702.991473318072, 6444.602613659429, 14979.584209073848, 4029, 8102, 16111]","[4029, 8102, 16111, 4029, 8102, 16111]","[1063, 2180, 1613, 0, 0, 0]","[3.754567326348467, 7.840899495537447, 0.28405743112145904, 0.0, 0.0, 0.0]","[161.25866666666667, 1347.0665333333334, 97.60213333333333, 0, 0, 0]","[0.0010666666666666667, 0.21533333333333332, 0.0033333333333333335, 0, 0, 0]","[0.007466666666666667, 0.6362666666666668, 0.0032, 0, 0, 0]","[4133.741333333333, 15832.933466666667, 34262.397866666666, 4295, 17180, 34360]","[371.99893333333335, 359.7846666666667, 376.5366666666667, 372.0, 360.0, 376.54]","[199.99253333333334, 304.36373333333336, 266.7468, 200.0, 305.0, 266.75]","[(15, 0.0, 0.0031999999999999997), (26, 0.08733333333333333, 0.06992777777777777), (14, 0.0, 0.0016555555555555555), (0, 0, 0), (0, 0, 0), (0, 0, 0)]","[(4011, 67.1, 10.1068), (16079, 51.81266666666667, 6.1200722222222215), (32198, 58.2, 11.638344444444444), (4026, 67.1, 10.11), (16105, 51.900000000000006, 6.1899999999999995), (32212, 58.2, 11.639999999999999)]","[0, 0, 0, 0, 0, 0]","[0, 0, 0, 0, 0, 0]"
145,"[17.47331844130057, 34.10269069365589, 10.229036062317672, 0.0, 0.0, 0.0]","[6, 15, 6, 0, 0, 0]","[216.75910523928079, 1507.716757778926, 1269.2171717260444, 0, 0, 0]","[3812.240894760719, 6594.283242221074, 14841.782828273956, 4029, 8102, 16111]","[4029, 8102, 16111, 4029, 8102, 16111]","[704, 2763, 1648, 0, 0, 0]","[3.5399472254559563, 12.619395809080327, 0.2473069460613116, 0.0, 0.0, 0.0]","[152.04073333333332, 2168.0122, 84.97466666666666, 0, 0, 0]","[0.0016, 0.41813333333333336, 0.0026666666666666666, 0, 0, 0]","[0.007333333333333332, 2.192266666666667, 0.0002666666666666667, 0, 0, 0]","[4142.959266666667, 15011.987799999999, 34275.02533333333, 4295, 17180, 34360]","[371.9984, 359.58186666666666, 376.5373333333334, 372.0, 360.0, 376.54]","[199.99266666666668, 302.8077333333333, 266.7497333333333, 200.0, 305.0, 266.75]","[(12, 0.0, 0.0022555555555555554), (30, 0.07728333333333333, 0.06547222222222224), (13, 0.0, 0.0022555555555555554), (0, 0, 0), (0, 0, 0), (0, 0, 0)]","[(4014, 67.1, 10.107744444444444), (16075, 51.82271666666667, 6.124527777777777), (32199, 58.2, 11.637744444444444), (4026, 67.1, 10.11), (16105, 51.900000000000006, 6.1899999999999995), (32212, 58.2, 11.639999999999999)]","[0, 0, 0, 0, 0, 0]","[0, 0, 0, 0, 0, 0]"
146,"[17.02655745842641, 33.28807701802024, 18.36633356092111, 0.0, 0.0, 0.0]","[6, 14, 11, 0, 0, 0]","[393.5514829711077, 1768.158209034547, 1113.4467785702366, 0, 0, 0]","[3635.448517028892, 6333.841790965453, 14997.553221429764, 4029, 8102, 16111]","[4029, 8102, 16111, 4029, 8102, 16111]","[686, 2697, 2959, 0, 0, 0]","[6.449285215366704, 12.427898331393093, 1.0935219247186652, 0.0, 0.0, 0.0]","[276.99679999999995, 2135.1129333333333, 375.7341333333334, 0, 0, 0]","[0.015066666666666666, 0.42026666666666673, 0.040933333333333335, 0, 0, 0]","[0.029866666666666666, 2.292133333333333, 0.02146666666666667, 0, 0, 0]","[4018.0032, 15044.887066666666, 33984.26586666667, 4295, 17180, 34360]","[371.98493333333334, 359.5797333333333, 376.4990666666667, 372.0, 360.0, 376.54]","[199.97013333333334, 302.7078666666667, 266.72853333333336, 200.0, 305.0, 266.75]","[(13, 0.00013333333333333334, 0.0033666666666666662), (29, 0.04951666666666666, 0.05708888888888889), (23, 0.026199999999999998, 0.01801111111111111), (0, 0, 0), (0, 0, 0), (0, 0, 0)]","[(4013, 67.09986666666666, 10.106633333333333), (16076, 51.85048333333334, 6.1329111111111105), (32189, 58.1738, 11.621988888888888), (4026, 67.1, 10.11), (16105, 51.900000000000006, 6.1899999999999995), (32212, 58.2, 11.639999999999999)]","[0, 0, 0, 0, 0, 0]","[0, 0, 0, 0, 0, 0]"
147,"[16.232315711094564, 29.49888916316959, 15.033207125566383, 0.0, 0.0, 0.0]","[6, 12, 9, 0, 0, 0]","[448.61095898571585, 1366.9269067919868, 1579.8243384340703, 0, 0, 0]","[3580.389041014284, 6735.073093208013, 14531.175661565929, 4029, 8102, 16111]","[4029, 8102, 16111, 4029, 8102, 16111]","[654, 2390, 2422, 0, 0, 0]","[8.788959254947615, 10.064592549476133, 1.1339629414047343, 0.0, 0.0, 0.0]","[377.48580000000004, 1729.0969999999998, 389.6296666666667, 0, 0, 0]","[0.012, 0.3796, 0.012533333333333332, 0, 0, 0]","[0.011066666666666666, 1.4165333333333332, 0.004533333333333334, 0, 0, 0]","[3917.5142, 15450.903, 33970.37033333333, 4295, 17180, 34360]","[371.988, 359.6204, 376.52746666666667, 372.0, 360.0, 376.54]","[199.98893333333334, 303.58346666666665, 266.7454666666667, 200.0, 305.0, 266.75]","[(13, 5.000000000000001e-05, 0.007522222222222223), (24, 0.055449999999999985, 0.044616666666666666), (17, 0.0002833333333333333, 0.05048888888888889), (0, 0, 0), (0, 0, 0), (0, 0, 0)]","[(4013, 67.09994999999999, 10.102477777777777), (16081, 51.844550000000005, 6.145383333333333), (32195, 58.19971666666667, 11.58951111111111), (4026, 67.1, 10.11), (16105, 51.900000000000006, 6.1899999999999995), (32212, 58.2, 11.639999999999999)]","[0, 0, 0, 0, 0, 0]","[0, 0, 0, 0, 0, 0]"
148,"[18.292380243236536, 24.352011848926193, 15.821488424058098, 0.0, 0.0, 0.0]","[6, 10, 10, 0, 0, 0]","[345.80967869305596, 860.5487896565915, 1356.9142427800762, 0, 0, 0]","[3683.190321306944, 7241.451210343408, 14754.085757219924, 4029, 8102, 16111]","[4029, 8102, 16111, 4029, 8102, 16111]","[737, 1973, 2549, 0, 0, 0]","[8.16842219635235, 5.06229569266589, 1.0271519208381839, 0.0, 0.0, 0.0]","[350.8337333333334, 869.7023999999999, 352.9294, 0, 0, 0]","[0.011733333333333333, 8.466666666666669, 0.07706666666666666, 0, 0, 0]","[0.007066666666666667, 8.920933333333334, 0.07293333333333332, 0, 0, 0]","[3944.1662666666666, 16310.2976, 34007.0706, 4295, 17180, 34360]","[371.9882666666667, 351.5333333333333, 376.46293333333335, 372.0, 360.0, 376.54]","[199.99293333333333, 296.0790666666667, 266.6770666666667, 200.0, 305.0, 266.75]","[(12, 1.666666666666667e-05, 0.007377777777777777), (20, 0.041383333333333334, 0.019383333333333332), (22, 0.0, 0.005394444444444445), (0, 0, 0), (0, 0, 0), (0, 0, 0)]","[(4014, 67.09998333333333, 10.102622222222221), (16085, 51.85861666666667, 6.170616666666666), (32190, 58.2, 11.634605555555554), (4026, 67.1, 10.11), (16105, 51.900000000000006, 6.1899999999999995), (32212, 58.2, 11.639999999999999)]","[0, 0, 0, 0, 0, 0]","[0, 0, 0, 0, 0, 0]"
149,"[17.39885827748821, 18.353492964700074, 19.111166283905405, 0.0, 0.0, 0.0]","[5, 8, 12, 0, 0, 0]","[472.51452553675534, 611.2093604140983, 1290.904364954703, 0, 0, 0]","[3556.485474463245, 7490.790639585902, 14820.095635045298, 4029, 8102, 16111]","[4029, 8102, 16111, 4029, 8102, 16111]","[701, 1487, 3079, 0, 0, 0]","[6.490980209545984, 4.740846332945286, 4.305475746992627, 0.0, 0.0, 0.0]","[278.7876, 814.4774000000001, 1479.3614666666667, 0, 0, 0]","[0.10280000000000002, 24.370000000000008, 0.031733333333333336, 0, 0, 0]","[0.19666666666666663, 24.94093333333333, 0.026, 0, 0, 0]","[4016.2124, 16365.5226, 32880.63853333333, 4295, 17180, 34360]","[371.8972, 335.63, 376.5082666666667, 372.0, 360.0, 376.54]","[199.80333333333334, 280.0590666666667, 266.724, 200.0, 305.0, 266.75]","[(9, 0.0048833333333333315, 0.03288333333333333), (15, 0.04375, 0.03422991452991454), (27, 0.04016666666666667, 0.024863247863247864), (0, 0, 0), (0, 0, 0), (0, 0, 0)]","[(4017, 67.09511666666666, 10.077116666666667), (16090, 51.85625, 6.155770085470085), (32185, 58.15983333333334, 11.61513675213675), (4026, 67.1, 10.11), (16105, 51.900000000000006, 6.1899999999999995), (32212, 58.2, 11.639999999999999)]","[0, 0, 0, 0, 0, 0]","[0, 0, 0, 0, 0, 0]"
150,"[17.870439314966493, 11.182424092816587, 16.8332195394451, 0.0, 0.0, 0.0]","[5, 5, 11, 0, 0, 0]","[592.1146345860485, 564.2459358790286, 1219.840447135127, 0, 0, 0]","[3436.8853654139516, 7537.754064120972, 14891.159552864872, 4029, 8102, 16111]","[4029, 8102, 16111, 4029, 8102, 16111]","[720, 906, 2712, 0, 0, 0]","[4.819647652308886, 0.6105886689949553, 4.275725261932479, 0.0, 0.0, 0.0]","[207.00386666666665, 104.89913333333334, 1469.1391999999998, 0, 0, 0]","[0.10266666666666667, 20.547066666666666, 0.058800000000000005, 0, 0, 0]","[0.19573333333333337, 20.600933333333334, 0.04479999999999999, 0, 0, 0]","[4087.9961333333335, 17075.100866666668, 32890.8608, 4295, 17180, 34360]","[371.89733333333334, 339.45293333333336, 376.4812, 372.0, 360.0, 376.54]","[199.80426666666668, 284.39906666666667, 266.7052, 200.0, 305.0, 266.75]","[(8, 0.007966666666666665, 0.03005555555555555), (11, 0.0, 0.0026722222222222217), (21, 0.09481666666666667, 0.023277777777777776), (0, 0, 0), (0, 0, 0), (0, 0, 0)]","[(4018, 67.09203333333333, 10.079944444444443), (16094, 51.900000000000006, 6.187327777777777), (32191, 58.105183333333336, 11.61672222222222), (4026, 67.1, 10.11), (16105, 51.900000000000006, 6.1899999999999995), (32212, 58.2, 11.639999999999999)]","[0, 0, 0, 0, 0, 0]","[0, 0, 0, 0, 0, 0]"
151,"[23.28121121866468, 9.466798321402123, 11.842840295450314, 0.0, 0.0, 0.0]","[6, 4, 8, 0, 0, 0]","[559.0626171286827, 375.1496763137012, 1201.2182959279296, 0, 0, 0]","[3469.9373828713174, 7726.850323686299, 14909.781704072071, 4029, 8102, 16111]","[4029, 8102, 16111, 4029, 8102, 16111]","[938, 767, 1908, 0, 0, 0]","[4.652813348855258, 0.361872332169189, 1.8323026775320137, 0.0, 0.0, 0.0]","[199.8383333333333, 62.16966666666667, 629.5791999999999, 0, 0, 0]","[0.10866666666666666, 21.916666666666668, 1.1032000000000002, 0, 0, 0]","[0.20186666666666672, 21.972533333333335, 0.34613333333333335, 0, 0, 0]","[4095.161666666667, 17117.83033333333, 33730.4208, 4295, 17180, 34360]","[371.8913333333333, 338.0833333333333, 375.4368, 372.0, 360.0, 376.54]","[199.79813333333334, 283.02746666666667, 266.40386666666666, 200.0, 305.0, 266.75]","[(11, 5e-05, 0.029694444444444443), (8, 0.0, 0.0010333333333333336), (13, 0.0006166666666666666, 0.007833333333333333), (0, 0, 0), (0, 0, 0), (0, 0, 0)]","[(4015, 67.09994999999999, 10.080305555555555), (16097, 51.900000000000006, 6.1889666666666665), (32199, 58.19938333333334, 11.632166666666665), (4026, 67.1, 10.11), (16105, 51.900000000000006, 6.1899999999999995), (32212, 58.2, 11.639999999999999)]","[0, 0, 0, 0, 0, 0]","[0, 0, 0, 0, 0, 0]"
152,"[22.90891039960288, 8.430017279684028, 12.097324809136614, 0.0, 0.0, 0.0]","[6, 3, 8, 0, 0, 0]","[290.939611254231, 175.3236187539432, 1119.7141131936905, 0, 0, 0]","[3738.060388745769, 7926.676381246057, 14991.285886806309, 4029, 8102, 16111]","[4029, 8102, 16111, 4029, 8102, 16111]","[923, 683, 1949, 0, 0, 0]","[7.577379899107489, 0.2914315095071789, 1.7048919285991466, 0.0, 0.0, 0.0]","[325.44846666666666, 50.06793333333333, 585.8008666666667, 0, 0, 0]","[0.10333333333333333, 22.01013333333334, 0.05613333333333333, 0, 0, 0]","[0.19626666666666664, 22.060800000000004, 0.08906666666666666, 0, 0, 0]","[3969.5515333333333, 17129.932066666668, 33774.199133333335, 4295, 17180, 34360]","[371.89666666666665, 337.98986666666667, 376.4838666666667, 372.0, 360.0, 376.54]","[199.80373333333333, 282.93919999999997, 266.66093333333333, 200.0, 305.0, 266.75]","[(11, 0.0001, 0.02994444444444444), (6, 0.0, 0.0010833333333333333), (15, 6.666666666666667e-05, 0.012822222222222221), (0, 0, 0), (0, 0, 0), (0, 0, 0)]","[(4015, 67.09989999999999, 10.080055555555555), (16099, 51.900000000000006, 6.188916666666666), (32197, 58.199933333333334, 11.627177777777776), (4026, 67.1, 10.11), (16105, 51.900000000000006, 6.1899999999999995), (32212, 58.2, 11.639999999999999)]","[0, 0, 0, 0, 0, 0]","[0, 0, 0, 0, 0, 0]"
153,"[10.573343261355175, 13.675635645519623, 10.22282912295947, 0.0, 0.0, 0.0]","[3, 6, 6, 0, 0, 0]","[155.1151563998584, 577.1982350721894, 272.7958466410796, 0, 0, 0]","[3873.8848436001417, 7524.801764927811, 15838.20415335892, 4029, 8102, 16111]","[4029, 8102, 16111, 4029, 8102, 16111]","[426, 1108, 1647, 0, 0, 0]","[1.8350748932867675, 3.590344198680636, 0.5574445091191307, 0.0, 0.0, 0.0]","[78.81646666666667, 616.8211333333333, 191.5379333333333, 0, 0, 0]","[0.0036000000000000003, 0.02186666666666667, 0.03306666666666667, 0, 0, 0]","[0.006533333333333334, 0.03026666666666666, 0.026000000000000002, 0, 0, 0]","[4216.183533333333, 16563.178866666665, 34168.46206666667, 4295, 17180, 34360]","[371.9964, 359.97813333333335, 376.50693333333334, 372.0, 360.0, 376.54]","[199.99346666666668, 304.96973333333335, 266.724, 200.0, 305.0, 266.75]","[(5, 0.007883333333333332, 0.0008833333333333334), (11, 0.0, 0.002161111111111111), (13, 1.666666666666667e-05, 0.003338888888888889), (0, 0, 0), (0, 0, 0), (0, 0, 0)]","[(4021, 67.09211666666666, 10.109116666666667), (16094, 51.900000000000006, 6.187838888888888), (32199, 58.199983333333336, 11.63666111111111), (4026, 67.1, 10.11), (16105, 51.900000000000006, 6.1899999999999995), (32212, 58.2, 11.639999999999999)]","[0, 0, 0, 0, 0, 0]","[0, 0, 0, 0, 0, 0]"
154,"[15.090593199305038, 12.330288817575907, 6.144869964620446, 0.0, 0.0, 0.0]","[5, 6, 3, 0, 0, 0]","[534.2825540668832, 636.5059776978308, 352.5436660780136, 0, 0, 0]","[3494.717445933117, 7465.4940223021695, 15758.456333921986, 4029, 8102, 16111]","[4029, 8102, 16111, 4029, 8102, 16111]","[608, 999, 990, 0, 0, 0]","[4.321220023282887, 3.8690737291424138, 0.06484730306558012, 0.0, 0.0, 0.0]","[185.5964, 664.7068666666667, 22.281533333333332, 0, 0, 0]","[0.0112, 0.0296, 0.002, 0, 0, 0]","[0.007466666666666667, 0.027599999999999996, 0.002, 0, 0, 0]","[4109.4036, 16515.293133333333, 34337.718466666665, 4295, 17180, 34360]","[371.9888, 359.9704, 376.538, 372.0, 360.0, 376.54]","[199.99253333333334, 304.9724, 266.748, 200.0, 305.0, 266.75]","[(8, 0.0, 0.004188888888888889), (11, 0.037899999999999996, 0.01765), (9, 0.0, 0.00011111111111111112), (0, 0, 0), (0, 0, 0), (0, 0, 0)]","[(4018, 67.1, 10.10581111111111), (16094, 51.862100000000005, 6.17235), (32203, 58.2, 11.639888888888887), (4026, 67.1, 10.11), (16105, 51.900000000000006, 6.1899999999999995), (32212, 58.2, 11.639999999999999)]","[0, 0, 0, 0, 0, 0]","[0, 0, 0, 0, 0, 0]"
155,"[18.88806155373542, 9.824734633423846, 5.319347029979517, 0.0, 0.0, 0.0]","[6, 5, 3, 0, 0, 0]","[535.8196217829134, 573.4488850028347, 442.225666724251, 0, 0, 0]","[3493.1803782170864, 7528.551114997165, 15668.774333275749, 4029, 8102, 16111]","[4029, 8102, 16111, 4029, 8102, 16111]","[761, 796, 857, 0, 0, 0]","[5.2977632906480405, 4.514520760574311, 0.11113174233604968, 0.0, 0.0, 0.0]","[227.53893333333335, 775.5946666666666, 38.184866666666665, 0, 0, 0]","[0.02, 0.02946666666666667, 0.00013333333333333337, 0, 0, 0]","[0.007333333333333332, 0.026533333333333332, 0.006666666666666666, 0, 0, 0]","[4067.4610666666667, 16404.405333333332, 34321.81513333333, 4295, 17180, 34360]","[371.98, 359.9705333333333, 376.5398666666667, 372.0, 360.0, 376.54]","[199.99266666666668, 304.97346666666664, 266.74333333333334, 200.0, 305.0, 266.75]","[(11, 0.0, 0.005244444444444445), (10, 1.666666666666667e-05, 0.005027777777777778), (7, 0.0, 0.0023499999999999997), (0, 0, 0), (0, 0, 0), (0, 0, 0)]","[(4015, 67.1, 10.104755555555554), (16095, 51.89998333333334, 6.184972222222222), (32205, 58.2, 11.637649999999999), (4026, 67.1, 10.11), (16105, 51.900000000000006, 6.1899999999999995), (32212, 58.2, 11.639999999999999)]","[0, 0, 0, 0, 0, 0]","[0, 0, 0, 0, 0, 0]"
156,"[23.976172747580044, 11.528017773389285, 4.965551486561976, 0.0, 0.0, 0.0]","[7, 5, 3, 0, 0, 0]","[651.2370564643645, 289.90698081206455, 364.78343086265477, 0, 0, 0]","[3377.7629435356357, 7812.093019187935, 15746.216569137345, 4029, 8102, 16111]","[4029, 8102, 16111, 4029, 8102, 16111]","[966, 934, 800, 0, 0, 0]","[5.684305781916958, 3.1737986030267757, 0.05086069072564997, 0.0, 0.0, 0.0]","[244.14093333333335, 545.2586, 17.47573333333333, 0, 0, 0]","[0.019733333333333332, 0.038400000000000004, 0.0009333333333333333, 0, 0, 0]","[0.007466666666666667, 0.02946666666666667, 0.0004000000000000001, 0, 0, 0]","[4050.859066666667, 16634.7414, 34342.52426666667, 4295, 17180, 34360]","[371.9802666666667, 359.9616, 376.5390666666667, 372.0, 360.0, 376.54]","[199.99253333333334, 304.9705333333333, 266.7496, 200.0, 305.0, 266.75]","[(12, 8.333333333333333e-05, 0.005191025641025641), (11, 8.333333333333333e-05, 0.004666666666666666), (7, 0.0, 0.0006777777777777778), (0, 0, 0), (0, 0, 0), (0, 0, 0)]","[(4014, 67.09991666666666, 10.104808974358974), (16094, 51.89991666666667, 6.1853333333333325), (32205, 58.2, 11.639322222222221), (4026, 67.1, 10.11), (16105, 51.900000000000006, 6.1899999999999995), (32212, 58.2, 11.639999999999999)]","[0, 0, 0, 0, 0, 0]","[0, 0, 0, 0, 0, 0]"
157,"[24.72077438570365, 9.775364107627746, 8.91937185773695, 0.0, 0.0, 0.0]","[7, 4, 5, 0, 0, 0]","[536.402543758843, 364.6617263657203, 660.9834909398394, 0, 0, 0]","[3492.597456241157, 7737.33827363428, 15450.01650906016, 4029, 8102, 16111]","[4029, 8102, 16111, 4029, 8102, 16111]","[996, 792, 1437, 0, 0, 0]","[4.644689173457508, 0.8244695382227397, 0.8361697710516102, 0.0, 0.0, 0.0]","[199.4894, 141.64386666666667, 287.30793333333327, 0, 0, 0]","[0.018266666666666667, 0.0176, 0.1704, 0, 0, 0]","[0.0028, 0.008400000000000001, 0.010266666666666665, 0, 0, 0]","[4095.5106, 17038.356133333335, 34072.69206666667, 4295, 17180, 34360]","[371.98173333333335, 359.9824, 376.36960000000005, 372.0, 360.0, 376.54]","[199.9972, 304.9916, 266.73973333333333, 200.0, 305.0, 266.75]","[(8, 0.0, 0.003888888888888888), (8, 5e-05, 0.007066666666666666), (10, 0.0, 0.0881111111111111), (0, 0, 0), (0, 0, 0), (0, 0, 0)]","[(4018, 67.1, 10.10611111111111), (16097, 51.899950000000004, 6.182933333333333), (32202, 58.2, 11.551888888888888), (4026, 67.1, 10.11), (16105, 51.900000000000006, 6.1899999999999995), (32212, 58.2, 11.639999999999999)]","[0, 0, 0, 0, 0, 0]","[0, 0, 0, 0, 0, 0]"
158,"[23.876892529163566, 10.984941989632189, 9.37247843088573, 0.0, 0.0, 0.0]","[8, 5, 5, 0, 0, 0]","[354.451769276352, 334.9008759419254, 770.7475370550293, 0, 0, 0]","[3674.548230723648, 7767.099124058074, 15340.25246294497, 4029, 8102, 16111]","[4029, 8102, 16111, 4029, 8102, 16111]","[962, 890, 1510, 0, 0, 0]","[4.254051998447807, 1.6967543655413273, 1.6174130772215758, 0.0, 0.0, 0.0]","[182.7115333333333, 291.5024, 555.7431333333335, 0, 0, 0]","[0.019866666666666668, 0.0272, 1.358, 0, 0, 0]","[0.010133333333333333, 0.0005333333333333335, 0.39226666666666665, 0, 0, 0]","[4112.288466666667, 16888.4976, 33804.25686666666, 4295, 17180, 34360]","[371.98013333333336, 359.9728, 375.182, 372.0, 360.0, 376.54]","[199.98986666666667, 304.99946666666665, 266.35773333333333, 200.0, 305.0, 266.75]","[(14, 0.0, 0.005783333333333333), (11, 0.0, 0.005322222222222222), (12, 0.011550000000000001, 0.5531555555555556), (0, 0, 0), (0, 0, 0), (0, 0, 0)]","[(4012, 67.1, 10.104216666666666), (16094, 51.900000000000006, 6.184677777777777), (32200, 58.18845, 11.086844444444443), (4026, 67.1, 10.11), (16105, 51.900000000000006, 6.1899999999999995), (32212, 58.2, 11.639999999999999)]","[0, 0, 0, 0, 0, 0]","[0, 0, 0, 0, 0, 0]"
159,"[13.874410523703151, 13.823747222907922, 11.50766557010738, 0.0, 0.0, 0.0]","[6, 7, 6, 0, 0, 0]","[274.36036747357576, 873.8642403189613, 1373.8394621750767, 0, 0, 0]","[3754.639632526424, 7228.1357596810385, 14737.160537824922, 4029, 8102, 16111]","[4029, 8102, 16111, 4029, 8102, 16111]","[559, 1120, 1854, 0, 0, 0]","[3.100518432285603, 1.6059615832363212, 1.5236977105161043, 0.0, 0.0, 0.0]","[133.16726666666665, 275.9042, 523.5425333333334, 0, 0, 0]","[0.0132, 0.017866666666666666, 1.0197333333333334, 0, 0, 0]","[0.028799999999999996, 0.00026666666666666673, 0.2828, 0, 0, 0]","[4161.832733333334, 16904.0958, 33836.45746666667, 4295, 17180, 34360]","[371.9868, 359.9821333333333, 375.5202666666667, 372.0, 360.0, 376.54]","[199.9712, 304.9997333333333, 266.4672, 200.0, 305.0, 266.75]","[(13, 0.003116666666666667, 0.009411111111111113), (15, 0.0, 0.006161111111111111), (15, 1.666666666666667e-05, 0.3168944444444445), (0, 0, 0), (0, 0, 0), (0, 0, 0)]","[(4013, 67.09688333333332, 10.100588888888888), (16090, 51.900000000000006, 6.183838888888888), (32197, 58.199983333333336, 11.323105555555554), (4026, 67.1, 10.11), (16105, 51.900000000000006, 6.1899999999999995), (32212, 58.2, 11.639999999999999)]","[0, 0, 0, 0, 0, 0]","[0, 0, 0, 0, 0, 0]"
160,"[17.42367833209233, 15.56405825722044, 11.50766557010738, 0.0, 0.0, 0.0]","[7, 8, 6, 0, 0, 0]","[437.7457211287873, 692.756853144224, 928.6243636849376, 0, 0, 0]","[3591.2542788712126, 7409.243146855776, 15182.375636315062, 4029, 8102, 16111]","[4029, 8102, 16111, 4029, 8102, 16111]","[702, 1261, 1854, 0, 0, 0]","[4.796221963523477, 3.271438494373302, 1.6207155607295305, 0.0, 0.0, 0.0]","[205.99773333333331, 562.0331333333334, 556.8778666666667, 0, 0, 0]","[0.0116, 1.2904, 1.1623999999999999, 0, 0, 0]","[0.020533333333333334, 1.2737333333333336, 0.3312, 0, 0, 0]","[4089.002266666667, 16617.966866666666, 33803.12213333333, 4295, 17180, 34360]","[371.9884, 358.7096, 375.37760000000003, 372.0, 360.0, 376.54]","[199.97946666666667, 303.7262666666667, 266.4188, 200.0, 305.0, 266.75]","[(17, 0.001633333333333333, 0.0025166666666666666), (17, 0.004, 0.006983333333333334), (15, 8.333333333333333e-05, 0.36215555555555556), (0, 0, 0), (0, 0, 0), (0, 0, 0)]","[(4009, 67.09836666666666, 10.107483333333333), (16088, 51.89600000000001, 6.183016666666666), (32197, 58.19991666666667, 11.277844444444444), (4026, 67.1, 10.11), (16105, 51.900000000000006, 6.1899999999999995), (32212, 58.2, 11.639999999999999)]","[0, 0, 0, 0, 0, 0]","[0, 0, 0, 0, 0, 0]"
161,"[17.27475800446761, 14.922241421871144, 12.482155049345169, 0.0, 0.0, 0.0]","[7, 7, 7, 0, 0, 0]","[460.01355952264265, 769.6587385789079, 899.4109470468705, 0, 0, 0]","[3568.9864404773575, 7332.341261421092, 15211.58905295313, 4029, 8102, 16111]","[4029, 8102, 16111, 4029, 8102, 16111]","[696, 1209, 2011, 0, 0, 0]","[6.941592549476135, 3.289244470314318, 1.2242423360496701, 0.0, 0.0, 0.0]","[298.1414, 565.0921999999998, 420.64966666666663, 0, 0, 0]","[0.0232, 0.0112, 13.486133333333331, 0, 0, 0]","[0.02693333333333333, 0.0032, 12.46146666666667, 0, 0, 0]","[3996.8586, 16614.9078, 33939.350333333336, 4295, 17180, 34360]","[371.9768, 359.9888, 363.0538666666667, 372.0, 360.0, 376.54]","[199.97306666666665, 304.9968, 254.28853333333333, 200.0, 305.0, 266.75]","[(17, 0.002466666666666667, 0.055016666666666665), (16, 0.00043333333333333337, 0.010033333333333333), (15, 0.00031666666666666665, 0.44697222222222227), (0, 0, 0), (0, 0, 0), (0, 0, 0)]","[(4009, 67.09753333333333, 10.054983333333332), (16089, 51.89956666666667, 6.179966666666666), (32197, 58.19968333333333, 11.193027777777777), (4026, 67.1, 10.11), (16105, 51.900000000000006, 6.1899999999999995), (32212, 58.2, 11.639999999999999)]","[0, 0, 0, 0, 0, 0]","[0, 0, 0, 0, 0, 0]"
162,"[15.040953090096798, 14.169340903480624, 12.134566445285829, 0.0, 0.0, 0.0]","[6, 8, 5, 0, 0, 0]","[534.7692334739587, 423.4930362312439, 726.408041421091, 0, 0, 0]","[3494.2307665260414, 7678.506963768756, 15384.591958578909, 4029, 8102, 16111]","[4029, 8102, 16111, 4029, 8102, 16111]","[606, 1148, 1955, 0, 0, 0]","[5.088197128443927, 4.475857198292589, 0.42418529297632906, 0.0, 0.0, 0.0]","[218.53806666666665, 768.9522666666668, 145.75006666666667, 0, 0, 0]","[0.0092, 0.022, 0.01773333333333333, 0, 0, 0]","[0.0, 0.0036, 0.004666666666666667, 0, 0, 0]","[4076.4619333333335, 16411.047733333333, 34214.24993333333, 4295, 17180, 34360]","[371.9908, 359.978, 376.52226666666667, 372.0, 360.0, 376.54]","[200.0, 304.9964, 266.74533333333335, 200.0, 305.0, 266.75]","[(15, 0.0, 0.002311111111111111), (17, 0.002333333333333333, 0.030627777777777775), (10, 0.09475, 0.01902777777777778), (0, 0, 0), (0, 0, 0), (0, 0, 0)]","[(4011, 67.1, 10.10768888888889), (16088, 51.89766666666667, 6.159372222222221), (32202, 58.105250000000005, 11.620972222222221), (4026, 67.1, 10.11), (16105, 51.900000000000006, 6.1899999999999995), (32212, 58.2, 11.639999999999999)]","[0, 0, 2, 0, 0, 0]","[0, 0, 0, 0, 0, 0]"
163,"[17.49813849590469, 5.603554677857319, 16.746322388430265, 0.0, 0.0, 0.0]","[7, 4, 8, 0, 0, 0]","[194.78936593861613, 426.4192724788318, 1014.1877272376549, 0, 0, 0]","[3834.2106340613836, 7675.580727521168, 15096.812272762345, 4029, 8102, 16111]","[4029, 8102, 16111, 4029, 8102, 16111]","[705, 454, 2698, 0, 0, 0]","[4.990536282499029, 2.4454497477687234, 0.6479757469926269, 0.0, 0.0, 0.0]","[214.3435333333333, 420.12826666666666, 222.64446666666663, 0, 0, 0]","[0.008799999999999999, 0.018266666666666667, 0.046266666666666664, 0, 0, 0]","[0.0004, 0.0, 0.034666666666666665, 0, 0, 0]","[4080.656466666667, 16759.871733333333, 34137.355533333335, 4295, 17180, 34360]","[371.9912, 359.98173333333335, 376.49373333333335, 372.0, 360.0, 376.54]","[199.9996, 305.0, 266.7153333333333, 200.0, 305.0, 266.75]","[(17, 0.0, 0.0026166666666666664), (9, 1.666666666666667e-05, 0.08850000000000001), (14, 0.0006, 0.002211111111111111), (0, 0, 0), (0, 0, 0), (0, 0, 0)]","[(4009, 67.1, 10.107383333333333), (16096, 51.89998333333334, 6.1015), (32198, 58.199400000000004, 11.637788888888888), (4026, 67.1, 10.11), (16105, 51.900000000000006, 6.1899999999999995), (32212, 58.2, 11.639999999999999)]","[0, 0, 2, 0, 0, 0]","[0, 0, 0, 0, 0, 0]"
164,"[17.647058823529413, 19.538385583806466, 17.025634659549375, 0.0, 0.0, 0.0]","[5, 8, 6, 0, 0, 0]","[254.08891373943362, 797.417909950966, 807.0395360977191, 0, 0, 0]","[3774.911086260566, 7304.582090049034, 15303.96046390228, 4029, 8102, 16111]","[4029, 8102, 16111, 4029, 8102, 16111]","[711, 1583, 2743, 0, 0, 0]","[6.64255335661622, 2.8136907256499804, 0.3369538222739619, 0.0, 0.0, 0.0]","[285.29766666666666, 483.3920666666666, 115.77733333333332, 0, 0, 0]","[0.013866666666666666, 0.11466666666666665, 0.04666666666666666, 0, 0, 0]","[0.0037333333333333333, 0.0861333333333333, 0.03293333333333333, 0, 0, 0]","[4009.702333333333, 16696.607933333333, 34244.22266666667, 4295, 17180, 34360]","[371.9861333333333, 359.88533333333334, 376.49333333333334, 372.0, 360.0, 376.54]","[199.99626666666666, 304.91386666666665, 266.71706666666665, 200.0, 305.0, 266.75]","[(12, 0.0, 0.004338888888888889), (19, 0.0001, 0.026494444444444445), (11, 0.0, 0.0020166666666666666), (0, 0, 0), (0, 0, 0), (0, 0, 0)]","[(4014, 67.1, 10.105661111111111), (16086, 51.8999, 6.163505555555555), (32201, 58.2, 11.637983333333333), (4026, 67.1, 10.11), (16105, 51.900000000000006, 6.1899999999999995), (32212, 58.2, 11.639999999999999)]","[2, 2, 4, 0, 0, 0]","[0, 0, 2, 0, 0, 0]"
165,"[16.579796475552246, 19.600098741051593, 15.75941903047607, 0.0, 0.0, 0.0]","[5, 8, 5, 0, 0, 0]","[158.3383853458247, 618.4330845694086, 107.11137446959597, 0, 0, 0]","[3870.6616146541755, 7483.5669154305915, 16003.888625530404, 4029, 8102, 16111]","[4029, 8102, 16111, 4029, 8102, 16111]","[668, 1588, 2539, 0, 0, 0]","[5.133991462941405, 2.818266589057043, 0.1930155219247187, 0.0, 0.0, 0.0]","[220.50493333333333, 484.1782, 66.32013333333335, 0, 0, 0]","[0.014666666666666668, 0.11093333333333333, 0.024399999999999998, 0, 0, 0]","[0.004666666666666667, 0.0752, 0.014133333333333335, 0, 0, 0]","[4074.495066666667, 16695.8218, 34293.679866666665, 4295, 17180, 34360]","[371.98533333333336, 359.8890666666667, 376.5156, 372.0, 360.0, 376.54]","[199.99533333333332, 304.9248, 266.73586666666665, 200.0, 305.0, 266.75]","[(10, 0.0, 0.00468888888888889), (19, 0.05693333333333332, 0.03312777777777778), (11, 0.0, 0.0016666666666666666), (0, 0, 0), (0, 0, 0), (0, 0, 0)]","[(4016, 67.1, 10.10531111111111), (16086, 51.84306666666667, 6.156872222222222), (32201, 58.2, 11.638333333333332), (4026, 67.1, 10.11), (16105, 51.900000000000006, 6.1899999999999995), (32212, 58.2, 11.639999999999999)]","[2, 2, 4, 0, 0, 0]","[0, 0, 2, 0, 0, 0]"
166,"[21.04740630429387, 23.241175018513946, 12.457327291912359, 0.0, 0.0, 0.0]","[5, 9, 3, 0, 0, 0]","[369.1910920107421, 635.0188648806467, 556.2749197447401, 0, 0, 0]","[3659.808907989258, 7466.981135119353, 15554.725080255259, 4029, 8102, 16111]","[4029, 8102, 16111, 4029, 8102, 16111]","[848, 1883, 2007, 0, 0, 0]","[4.266291036088475, 7.9009231664726425, 0.21158595265812963, 0.0, 0.0, 0.0]","[183.2372, 1357.3786, 72.70093333333334, 0, 0, 0]","[0.10786666666666667, 0.2989333333333334, 0.0184, 0, 0, 0]","[0.08733333333333332, 1.5601333333333334, 0.0030666666666666668, 0, 0, 0]","[4111.7628, 15822.6214, 34287.29906666667, 4295, 17180, 34360]","[371.89213333333333, 359.7010666666667, 376.52160000000003, 372.0, 360.0, 376.54]","[199.91266666666667, 303.43986666666666, 266.74693333333335, 200.0, 305.0, 266.75]","[(10, 8.333333333333333e-05, 0.0039388888888888885), (23, 0.03358333333333333, 0.04783888888888889), (6, 0.0, 0.0022277777777777773), (0, 0, 0), (0, 0, 0), (0, 0, 0)]","[(4016, 67.09991666666666, 10.10606111111111), (16082, 51.86641666666667, 6.14216111111111), (32206, 58.2, 11.637772222222221), (4026, 67.1, 10.11), (16105, 51.900000000000006, 6.1899999999999995), (32212, 58.2, 11.639999999999999)]","[2, 2, 4, 0, 0, 0]","[0, 0, 4, 0, 0, 0]"
167,"[22.164308761479276, 18.810170328313998, 17.168394264788034, 0.0, 0.0, 0.0]","[6, 7, 6, 0, 0, 0]","[386.2016832815271, 751.1534411626217, 1143.0883312697151, 0, 0, 0]","[3642.798316718473, 7350.846558837378, 14967.911668730285, 4029, 8102, 16111]","[4029, 8102, 16111, 4029, 8102, 16111]","[893, 1524, 2766, 0, 0, 0]","[6.943664726426076, 6.037842840512224, 4.141198486612339, 0.0, 0.0, 0.0]","[298.2304, 1037.3014, 1422.9157999999998, 0, 0, 0]","[0.09213333333333333, 0.2416, 0.20253333333333334, 0, 0, 0]","[0.09346666666666667, 0.8491999999999997, 0.0068, 0, 0, 0]","[3996.7696, 16142.6986, 32937.0842, 4295, 17180, 34360]","[371.9078666666667, 359.7584, 376.33746666666667, 372.0, 360.0, 376.54]","[199.90653333333333, 304.1508, 266.7432, 200.0, 305.0, 266.75]","[(11, 0.00013333333333333334, 0.005505555555555555), (16, 0.04988333333333333, 0.028816666666666668), (11, 0.00015, 0.002883333333333334), (0, 0, 0), (0, 0, 0), (0, 0, 0)]","[(4015, 67.09986666666666, 10.104494444444445), (16089, 51.85011666666667, 6.161183333333333), (32201, 58.199850000000005, 11.637116666666666), (4026, 67.1, 10.11), (16105, 51.900000000000006, 6.1899999999999995), (32212, 58.2, 11.639999999999999)]","[2, 2, 4, 0, 0, 0]","[0, 0, 4, 0, 0, 0]"
168,"[13.40282948622487, 18.118982967168602, 13.084228167090808, 0.0, 0.0, 0.0]","[5, 7, 8, 0, 0, 0]","[269.1055055578853, 678.0072938592293, 743.310854765179, 0, 0, 0]","[3759.8944944421146, 7423.992706140771, 15367.68914523482, 4029, 8102, 16111]","[4029, 8102, 16111, 4029, 8102, 16111]","[540, 1468, 2108, 0, 0, 0]","[3.9376934419868057, 5.079597594101667, 4.072532596041909, 0.0, 0.0, 0.0]","[169.12393333333333, 872.6748666666665, 1399.3222, 0, 0, 0]","[0.06773333333333333, 0.18786666666666668, 0.02813333333333333, 0, 0, 0]","[0.0716, 0.6158666666666668, 0.005066666666666667, 0, 0, 0]","[4125.876066666667, 16307.325133333334, 32960.6778, 4295, 17180, 34360]","[371.9322666666667, 359.81213333333335, 376.51186666666666, 372.0, 360.0, 376.54]","[199.9284, 304.38413333333335, 266.74493333333334, 200.0, 305.0, 266.75]","[(7, 1.666666666666667e-05, 0.0012055555555555554), (15, 0.05543333333333332, 0.019933333333333334), (14, 0.09508333333333334, 0.021094444444444443), (0, 0, 0), (0, 0, 0), (0, 0, 0)]","[(4019, 67.09998333333333, 10.108794444444444), (16090, 51.84456666666667, 6.170066666666666), (32198, 58.10491666666667, 11.618905555555555), (4026, 67.1, 10.11), (16105, 51.900000000000006, 6.1899999999999995), (32212, 58.2, 11.639999999999999)]","[0, 0, 0, 0, 0, 0]","[0, 0, 0, 0, 0, 0]"
169,"[14.842392653263836, 12.342631449024932, 12.227670535658866, 0.0, 0.0, 0.0]","[5, 5, 7, 0, 0, 0]","[275.7116300970688, 296.5659979040671, 1109.0601191282622, 0, 0, 0]","[3753.288369902931, 7805.434002095933, 15001.939880871738, 4029, 8102, 16111]","[4029, 8102, 16111, 4029, 8102, 16111]","[598, 1000, 1970, 0, 0, 0]","[4.437153279006597, 1.008592161428017, 3.766087310826542, 0.0, 0.0, 0.0]","[190.57573333333335, 173.27613333333335, 1294.0276, 0, 0, 0]","[1.2732, 0.023333333333333338, 0.016399999999999998, 0, 0, 0]","[1.2838666666666667, 0.005733333333333333, 0.008266666666666665, 0, 0, 0]","[4104.424266666667, 17006.723866666667, 33065.9724, 4295, 17180, 34360]","[370.7268, 359.9766666666667, 376.52360000000004, 372.0, 360.0, 376.54]","[198.71613333333335, 304.99426666666665, 266.74173333333334, 200.0, 305.0, 266.75]","[(7, 0.0008166666666666667, 0.0015277777777777779), (8, 0.03391666666666667, 0.005927777777777778), (13, 0.0, 0.0012111111111111116), (0, 0, 0), (0, 0, 0), (0, 0, 0)]","[(4019, 67.09918333333333, 10.108472222222222), (16097, 51.866083333333336, 6.1840722222222215), (32199, 58.2, 11.638788888888888), (4026, 67.1, 10.11), (16105, 51.900000000000006, 6.1899999999999995), (32212, 58.2, 11.639999999999999)]","[0, 0, 0, 0, 0, 0]","[0, 0, 0, 0, 0, 0]"
170,"[14.966492926284438, 7.7635151814366825, 13.109055924523618, 0.0, 0.0, 0.0]","[4, 4, 8, 0, 0, 0]","[189.96171330890408, 525.6629267282672, 1121.9264303034793, 0, 0, 0]","[3839.038286691096, 7576.337073271733, 14989.07356969652, 4029, 8102, 16111]","[4029, 8102, 16111, 4029, 8102, 16111]","[603, 629, 2112, 0, 0, 0]","[3.890928987194411, 0.8727908420644159, 0.41680946837407845, 0.0, 0.0, 0.0]","[167.11539999999994, 149.94546666666668, 143.21573333333333, 0, 0, 0]","[0.002533333333333333, 0.0184, 0.03653333333333333, 0, 0, 0]","[0.009866666666666666, 0.0033333333333333335, 0.009066666666666666, 0, 0, 0]","[4127.8846, 17030.054533333332, 34216.78426666667, 4295, 17180, 34360]","[371.99746666666664, 359.9816, 376.50346666666667, 372.0, 360.0, 376.54]","[199.99013333333335, 304.99666666666667, 266.7409333333333, 200.0, 305.0, 266.75]","[(7, 0.0002666666666666666, 0.0015000000000000002), (9, 6.666666666666667e-05, 0.002611111111111111), (15, 0.0, 0.0034111111111111113), (0, 0, 0), (0, 0, 0), (0, 0, 0)]","[(4019, 67.09973333333333, 10.1085), (16096, 51.89993333333334, 6.187388888888888), (32197, 58.2, 11.636588888888888), (4026, 67.1, 10.11), (16105, 51.900000000000006, 6.1899999999999995), (32212, 58.2, 11.639999999999999)]","[0, 0, 0, 0, 0, 0]","[0, 0, 0, 0, 0, 0]"
171,"[15.090593199305038, 10.78745988644779, 10.613866302526224, 0.0, 0.0, 0.0]","[4, 5, 6, 0, 0, 0]","[248.99007993648254, 532.9770648439509, 504.69001920831886, 0, 0, 0]","[3780.0099200635173, 7569.022935156049, 15606.30998079168, 4029, 8102, 16111]","[4029, 8102, 16111, 4029, 8102, 16111]","[608, 874, 1710, 0, 0, 0]","[1.004987194412107, 0.653059371362049, 0.2850793558401242, 0.0, 0.0, 0.0]","[43.164199999999994, 112.19560000000001, 97.95326666666668, 0, 0, 0]","[0.0, 0.018266666666666667, 0.028000000000000004, 0, 0, 0]","[0.0032, 0.0029333333333333334, 0.0, 0, 0, 0]","[4251.8358, 17067.8044, 34262.046733333336, 4295, 17180, 34360]","[372.0, 359.98173333333335, 376.512, 372.0, 360.0, 376.54]","[199.9968, 304.9970666666667, 266.75, 200.0, 305.0, 266.75]","[(7, 0.00031666666666666665, 0.00027222222222222226), (12, 0.0, 0.00255), (12, 0.0, 0.0031000000000000003), (0, 0, 0), (0, 0, 0), (0, 0, 0)]","[(4019, 67.09968333333333, 10.109727777777778), (16093, 51.900000000000006, 6.187449999999999), (32200, 58.2, 11.636899999999999), (4026, 67.1, 10.11), (16105, 51.900000000000006, 6.1899999999999995), (32212, 58.2, 11.639999999999999)]","[0, 0, 0, 0, 0, 0]","[0, 0, 0, 0, 0, 0]"
172,"[13.924050632911392, 12.194519871636633, 6.560734901620011, 0.0, 0.0, 0.0]","[4, 6, 4, 0, 0, 0]","[246.2244267115121, 676.5838080714641, 468.15194836496016, 0, 0, 0]","[3782.775573288488, 7425.416191928536, 15642.84805163504, 4029, 8102, 16111]","[4029, 8102, 16111, 4029, 8102, 16111]","[561, 988, 1057, 0, 0, 0]","[2.9092790065968175, 0.48393791230112526, 3.856118160651921, 0.0, 0.0, 0.0]","[124.95353333333331, 83.14053333333332, 1324.9622, 0, 0, 0]","[0.012933333333333335, 0.23613333333333333, 0.20213333333333333, 0, 0, 0]","[0.016266666666666665, 0.22960000000000003, 0.004, 0, 0, 0]","[4170.046466666667, 17096.859466666665, 33035.0378, 4295, 17180, 34360]","[371.9870666666667, 359.7638666666667, 376.3378666666667, 372.0, 360.0, 376.54]","[199.98373333333333, 304.7704, 266.746, 200.0, 305.0, 266.75]","[(9, 0.0002833333333333333, 0.0018666666666666666), (15, 0.0, 0.025750000000000002), (9, 0.0, 0.002172222222222222), (0, 0, 0), (0, 0, 0), (0, 0, 0)]","[(4017, 67.09971666666667, 10.108133333333333), (16090, 51.900000000000006, 6.164249999999999), (32203, 58.2, 11.637827777777776), (4026, 67.1, 10.11), (16105, 51.900000000000006, 6.1899999999999995), (32212, 58.2, 11.639999999999999)]","[0, 0, 0, 0, 0, 0]","[0, 0, 0, 0, 0, 0]"
173,"[17.671878878133533, 11.071340409775363, 7.125566383216436, 0.0, 0.0, 0.0]","[5, 5, 4, 0, 0, 0]","[566.3133735922096, 747.7088411305903, 362.528476674595, 0, 0, 0]","[3462.6866264077903, 7354.29115886941, 15748.471523325405, 4029, 8102, 16111]","[4029, 8102, 16111, 4029, 8102, 16111]","[712, 897, 1148, 0, 0, 0]","[6.038318975552967, 0.3211885913853318, 3.8759524641055485, 0.0, 0.0, 0.0]","[259.34579999999994, 55.1802, 1331.7772666666665, 0, 0, 0]","[0.014266666666666667, 0.21146666666666666, 0.012133333333333331, 0, 0, 0]","[0.01893333333333333, 0.20226666666666668, 0.054266666666666664, 0, 0, 0]","[4035.6542, 17124.8198, 33028.222733333336, 4295, 17180, 34360]","[371.9857333333333, 359.7885333333333, 376.5278666666667, 372.0, 360.0, 376.54]","[199.98106666666666, 304.7977333333333, 266.69573333333335, 200.0, 305.0, 266.75]","[(11, 0.00013333333333333334, 0.002811111111111111), (10, 0.0, 0.0011222222222222222), (10, 0.0, 0.0007611111111111111), (0, 0, 0), (0, 0, 0), (0, 0, 0)]","[(4015, 67.09986666666666, 10.107188888888889), (16095, 51.900000000000006, 6.188877777777777), (32202, 58.2, 11.639238888888888), (4026, 67.1, 10.11), (16105, 51.900000000000006, 6.1899999999999995), (32212, 58.2, 11.639999999999999)]","[0, 0, 0, 0, 0, 0]","[0, 0, 0, 0, 0, 0]"
174,"[24.99379498634897, 9.86176252777092, 4.617962882502638, 0.0, 0.0, 0.0]","[7, 4, 3, 0, 0, 0]","[581.1165164950405, 451.1959121679105, 564.780803421571, 0, 0, 0]","[3447.8834835049593, 7650.80408783209, 15546.21919657843, 4029, 8102, 16111]","[4029, 8102, 16111, 4029, 8102, 16111]","[1007, 799, 744, 0, 0, 0]","[6.851070236709352, 0.15817229336437716, 3.8441629802095463, 0.0, 0.0, 0.0]","[294.25346666666667, 27.174, 1320.8544000000002, 0, 0, 0]","[0.013466666666666667, 0.18106666666666663, 0.004533333333333334, 0, 0, 0]","[0.010533333333333334, 0.18133333333333337, 0.024, 0, 0, 0]","[4000.7465333333334, 17152.826, 33039.1456, 4295, 17180, 34360]","[371.98653333333334, 359.81893333333335, 376.5354666666667, 372.0, 360.0, 376.54]","[199.98946666666666, 304.8186666666667, 266.726, 200.0, 305.0, 266.75]","[(15, 3.333333333333334e-05, 0.047044444444444444), (8, 0.0, 4.4444444444444447e-05), (7, 0.03996666666666667, 0.014494444444444447), (0, 0, 0), (0, 0, 0), (0, 0, 0)]","[(4011, 67.09996666666666, 10.062955555555554), (16097, 51.900000000000006, 6.189955555555555), (32205, 58.16003333333334, 11.625505555555554), (4026, 67.1, 10.11), (16105, 51.900000000000006, 6.1899999999999995), (32212, 58.2, 11.639999999999999)]","[0, 0, 0, 0, 0, 0]","[0, 0, 0, 0, 0, 0]"
175,"[20.551005212211468, 11.256479881510737, 8.106262801812427, 0.0, 0.0, 0.0]","[6, 5, 5, 0, 0, 0]","[419.3467511786218, 562.7296419356921, 617.2958053221384, 0, 0, 0]","[3609.6532488213784, 7539.270358064308, 15493.70419467786, 4029, 8102, 16111]","[4029, 8102, 16111, 4029, 8102, 16111]","[828, 912, 1306, 0, 0, 0]","[4.925424912689173, 0.4211303841676368, 3.3684724485836246, 0.0, 0.0, 0.0]","[211.54699999999997, 72.3502, 1157.4071333333334, 0, 0, 0]","[0.0112, 0.0, 0.002266666666666667, 0, 0, 0]","[0.0025333333333333336, 0.0033333333333333335, 0.015466666666666667, 0, 0, 0]","[4083.453, 17107.6498, 33202.592866666666, 4295, 17180, 34360]","[371.9888, 360.0, 376.53773333333334, 372.0, 360.0, 376.54]","[199.99746666666667, 304.99666666666667, 266.73453333333333, 200.0, 305.0, 266.75]","[(13, 0.0, 0.002177777777777777), (9, 5e-05, 0.0008388888888888889), (11, 0.0045833333333333325, 0.00046111111111111103), (0, 0, 0), (0, 0, 0), (0, 0, 0)]","[(4013, 67.1, 10.107822222222222), (16096, 51.899950000000004, 6.189161111111111), (32201, 58.19541666666667, 11.639538888888888), (4026, 67.1, 10.11), (16105, 51.900000000000006, 6.1899999999999995), (32212, 58.2, 11.639999999999999)]","[0, 0, 0, 0, 0, 0]","[0, 0, 0, 0, 0, 0]"
176,"[25.291635641598408, 12.836336706985929, 6.095214449754826, 0.0, 0.0, 0.0]","[7, 6, 4, 0, 0, 0]","[637.1748560669233, 671.7402034672904, 713.2065570890744, 0, 0, 0]","[3391.8251439330766, 7430.2597965327095, 15397.793442910926, 4029, 8102, 16111]","[4029, 8102, 16111, 4029, 8102, 16111]","[1019, 1040, 982, 0, 0, 0]","[3.381229336437718, 0.6118583624369422, 0.25252502910360886, 0.0, 0.0, 0.0]","[145.22379999999998, 105.11726666666667, 86.7676, 0, 0, 0]","[0.0028000000000000004, 8.260666666666667, 0.0004000000000000001, 0, 0, 0]","[0.0016000000000000003, 8.29626666666667, 0.00013333333333333337, 0, 0, 0]","[4149.7762, 17074.882733333332, 34273.2324, 4295, 17180, 34360]","[371.9972, 351.7393333333333, 376.5396, 372.0, 360.0, 376.54]","[199.9984, 296.70373333333333, 266.74986666666666, 200.0, 305.0, 266.75]","[(13, 0.0, 0.003138888888888888), (13, 0.0, 0.000977777777777778), (8, 5e-05, 0.006144444444444444), (0, 0, 0), (0, 0, 0), (0, 0, 0)]","[(4013, 67.1, 10.10686111111111), (16092, 51.900000000000006, 6.1890222222222215), (32204, 58.19995, 11.633855555555554), (4026, 67.1, 10.11), (16105, 51.900000000000006, 6.1899999999999995), (32212, 58.2, 11.639999999999999)]","[0, 0, 0, 0, 0, 0]","[0, 0, 0, 0, 0, 0]"
177,"[27.748821047406302, 15.156751419402617, 8.311091800633108, 0.0, 0.0, 0.0]","[8, 7, 5, 0, 0, 0]","[801.5567235642532, 714.8330106656322, 1098.174122495886, 0, 0, 0]","[3227.443276435747, 7387.166989334368, 15012.825877504114, 4029, 8102, 16111]","[4029, 8102, 16111, 4029, 8102, 16111]","[1118, 1228, 1339, 0, 0, 0]","[10.109283663174233, 2.3925421032207987, 0.25392394256887857, 0.0, 0.0, 0.0]","[434.1937333333333, 411.03873333333325, 87.24826666666667, 0, 0, 0]","[0.0116, 25.270000000000007, 0.0022666666666666664, 0, 0, 0]","[0.0033333333333333335, 24.60173333333333, 0.0021333333333333334, 0, 0, 0]","[3860.8062666666665, 16768.961266666665, 34272.75173333333, 4295, 17180, 34360]","[371.9884, 334.73, 376.53773333333334, 372.0, 360.0, 376.54]","[199.99666666666667, 280.3982666666667, 266.74786666666665, 200.0, 305.0, 266.75]","[(16, 0.0037166666666666667, 0.005794444444444445), (17, 0.0, 0.02956111111111111), (11, 0.0, 0.0007166666666666666), (0, 0, 0), (0, 0, 0), (0, 0, 0)]","[(4010, 67.09628333333333, 10.104205555555556), (16088, 51.900000000000006, 6.160438888888889), (32201, 58.2, 11.639283333333331), (4026, 67.1, 10.11), (16105, 51.900000000000006, 6.1899999999999995), (32212, 58.2, 11.639999999999999)]","[0, 0, 0, 0, 0, 0]","[0, 0, 0, 0, 0, 0]"
178,"[28.34450235790519, 13.243643544803751, 10.644900999317237, 0.0, 0.0, 0.0]","[9, 6, 6, 0, 0, 0]","[727.1344047740554, 436.191597925185, 485.4898125819201, 0, 0, 0]","[3301.8655952259446, 7665.808402074815, 15625.51018741808, 4029, 8102, 16111]","[4029, 8102, 16111, 4029, 8102, 16111]","[1142, 1073, 1715, 0, 0, 0]","[9.758326736515325, 4.476116414435389, 0.19657295304617772, 0.0, 0.0, 0.0]","[419.12013333333323, 768.9967999999999, 67.54246666666667, 0, 0, 0]","[0.012933333333333333, 20.565066666666667, 0.002133333333333333, 0, 0, 0]","[0.006533333333333333, 20.665733333333332, 0.002266666666666667, 0, 0, 0]","[3875.8798666666667, 16411.0032, 34292.457533333334, 4295, 17180, 34360]","[371.9870666666667, 339.43493333333333, 376.5378666666667, 372.0, 360.0, 376.54]","[199.99346666666668, 284.3342666666667, 266.7477333333333, 200.0, 305.0, 266.75]","[(18, 0.0004, 0.006372222222222222), (15, 0.0037166666666666667, 0.0072), (14, 0.0, 0.00017777777777777779), (0, 0, 0), (0, 0, 0), (0, 0, 0)]","[(4008, 67.0996, 10.103627777777778), (16090, 51.896283333333336, 6.182799999999999), (32198, 58.2, 11.639822222222222), (4026, 67.1, 10.11), (16105, 51.900000000000006, 6.1899999999999995), (32212, 58.2, 11.639999999999999)]","[0, 0, 0, 0, 0, 0]","[0, 0, 0, 0, 0, 0]"
179,"[25.16753536857781, 14.650703529992596, 11.63180435727143, 0.0, 0.0, 0.0]","[8, 5, 6, 0, 0, 0]","[471.1929076031856, 790.2187406131397, 917.1261540666071, 0, 0, 0]","[3557.8070923968144, 7311.78125938686, 15193.873845933393, 4029, 8102, 16111]","[4029, 8102, 16111, 4029, 8102, 16111]","[1014, 1187, 1874, 0, 0, 0]","[8.838752037252618, 4.226386107877376, 1.6073655413271246, 0.0, 0.0, 0.0]","[379.6244, 726.0931333333333, 552.2908, 0, 0, 0]","[0.012533333333333334, 21.931866666666668, 1.1980000000000002, 0, 0, 0]","[0.0052, 22.018666666666668, 0.3985333333333333, 0, 0, 0]","[3915.3756, 16453.906866666668, 33807.7092, 4295, 17180, 34360]","[371.98746666666665, 338.0681333333333, 375.34200000000004, 372.0, 360.0, 376.54]","[199.9948, 282.98133333333334, 266.3514666666667, 200.0, 305.0, 266.75]","[(17, 0.00026666666666666673, 0.005333333333333334), (12, 0.0004, 0.007288888888888888), (15, 0.011550000000000001, 0.43165555555555557), (0, 0, 0), (0, 0, 0), (0, 0, 0)]","[(4009, 67.09973333333333, 10.104666666666667), (16093, 51.89960000000001, 6.182711111111111), (32197, 58.18845, 11.208344444444442), (4026, 67.1, 10.11), (16105, 51.900000000000006, 6.1899999999999995), (32212, 58.2, 11.639999999999999)]","[0, 0, 0, 0, 0, 0]","[0, 0, 0, 0, 0, 0]"
180,"[15.46289401836684, 19.19279190323377, 7.709018682887468, 0.0, 0.0, 0.0]","[6, 8, 4, 0, 0, 0]","[233.80465255561427, 565.7072044934388, 1176.8538101454033, 0, 0, 0]","[3795.195347444386, 7536.292795506562, 14934.146189854597, 4029, 8102, 16111]","[4029, 8102, 16111, 4029, 8102, 16111]","[623, 1555, 1242, 0, 0, 0]","[2.6417198292588275, 7.583539386883974, 1.4214683740783856, 0.0, 0.0, 0.0]","[113.46186666666665, 1302.8520666666666, 488.4165333333333, 0, 0, 0]","[0.012799999999999999, 22.046133333333337, 0.8508, 0, 0, 0]","[0.025733333333333327, 22.14826666666667, 0.28306666666666663, 0, 0, 0]","[4181.5381333333335, 15877.147933333334, 33871.58346666666, 4295, 17180, 34360]","[371.9872, 337.95386666666667, 375.6892, 372.0, 360.0, 376.54]","[199.97426666666667, 282.8517333333333, 266.4669333333333, 200.0, 305.0, 266.75]","[(12, 0.003116666666666667, 0.009150000000000002), (19, 0.06178333333333332, 0.043805555555555556), (10, 1.666666666666667e-05, 0.2278666666666667), (0, 0, 0), (0, 0, 0), (0, 0, 0)]","[(4014, 67.09688333333332, 10.10085), (16086, 51.838216666666675, 6.146194444444444), (32202, 58.199983333333336, 11.412133333333331), (4026, 67.1, 10.11), (16105, 51.900000000000006, 6.1899999999999995), (32212, 58.2, 11.639999999999999)]","[0, 0, 0, 0, 0, 0]","[0, 0, 0, 0, 0, 0]"
181,"[27.525440555969222, 14.465564058257222, 12.668363230091243, 0.0, 0.0, 0.0]","[12, 7, 7, 0, 0, 0]","[647.3721629519298, 364.16388989347115, 1294.0446583215853, 0, 0, 0]","[3381.6278370480704, 7737.836110106529, 14816.955341678415, 4029, 8102, 16111]","[4029, 8102, 16111, 4029, 8102, 16111]","[1109, 1172, 2041, 0, 0, 0]","[10.190655801319364, 3.426823050058207, 2.869385913853318, 0.0, 0.0, 0.0]","[437.6886666666667, 588.7282, 985.921, 0, 0, 0]","[0.04786666666666667, 0.0176, 0.9951999999999998, 0, 0, 0]","[0.022, 0.0112, 0.334, 0, 0, 0]","[3857.311333333333, 16591.2718, 33374.079, 4295, 17180, 34360]","[371.95213333333334, 359.9824, 375.5448, 372.0, 360.0, 376.54]","[199.978, 304.9888, 266.416, 200.0, 305.0, 266.75]","[(29, 0.0018166666666666663, 0.006022222222222222), (16, 0.02943333333333333, 0.027161111111111105), (17, 0.0001, 0.2879555555555555), (0, 0, 0), (0, 0, 0), (0, 0, 0)]","[(3997, 67.09818333333332, 10.103977777777777), (16089, 51.870566666666676, 6.1628388888888885), (32195, 58.1999, 11.352044444444443), (4026, 67.1, 10.11), (16105, 51.900000000000006, 6.1899999999999995), (32212, 58.2, 11.639999999999999)]","[0, 0, 0, 0, 0, 0]","[0, 0, 0, 0, 0, 0]"
182,"[28.59270290394639, 11.071340409775363, 15.871143938923717, 0.0, 0.0, 0.0]","[12, 7, 9, 0, 0, 0]","[599.9123204972789, 671.456299561697, 1212.7743107221286, 0, 0, 0]","[3429.087679502721, 7430.543700438303, 14898.225689277871, 4029, 8102, 16111]","[4029, 8102, 16111, 4029, 8102, 16111]","[1152, 897, 2557, 0, 0, 0]","[8.39521924718665, 2.1829906868451685, 3.3720304617772605, 0.0, 0.0, 0.0]","[360.57466666666664, 375.03779999999995, 1158.6296666666667, 0, 0, 0]","[0.27693333333333336, 0.0484, 1.2204000000000002, 0, 0, 0]","[0.2502666666666667, 0.03093333333333333, 0.4076000000000001, 0, 0, 0]","[3934.4253333333336, 16804.9622, 33201.37033333333, 4295, 17180, 34360]","[371.7230666666667, 359.9516, 375.31960000000004, 372.0, 360.0, 376.54]","[199.74973333333332, 304.96906666666666, 266.3424, 200.0, 305.0, 266.75]","[(29, 0.0024833333333333335, 0.013522222222222218), (15, 0.08726666666666666, 0.05422222222222223), (22, 0.00016666666666666666, 0.3763722222222222), (0, 0, 0), (0, 0, 0), (0, 0, 0)]","[(3997, 67.09751666666666, 10.096477777777777), (16090, 51.81273333333334, 6.135777777777777), (32190, 58.19983333333334, 11.263627777777776), (4026, 67.1, 10.11), (16105, 51.900000000000006, 6.1899999999999995), (32212, 58.2, 11.639999999999999)]","[0, 0, 0, 0, 0, 0]","[0, 0, 0, 0, 0, 0]"
183,"[21.767187887813353, 16.58849666748951, 11.43318229780895, 0.0, 0.0, 0.0]","[9, 10, 7, 0, 0, 0]","[684.3177817762606, 822.1612188583329, 779.8431016459492, 0, 0, 0]","[3344.6822182237393, 7279.838781141667, 15331.156898354051, 4029, 8102, 16111]","[4029, 8102, 16111, 4029, 8102, 16111]","[877, 1344, 1842, 0, 0, 0]","[6.162384167636787, 2.657273573923166, 1.678192859914629, 0.0, 0.0, 0.0]","[264.6744, 456.5195999999999, 576.6270666666666, 0, 0, 0]","[0.2292, 0.03506666666666667, 0.032933333333333335, 0, 0, 0]","[0.20426666666666665, 0.03106666666666667, 0.024666666666666667, 0, 0, 0]","[4030.3256, 16723.4804, 33783.37293333333, 4295, 17180, 34360]","[371.7708, 359.9649333333333, 376.5070666666667, 372.0, 360.0, 376.54]","[199.79573333333335, 304.9689333333333, 266.7253333333333, 200.0, 305.0, 266.75]","[(21, 0.0487, 0.02175555555555556), (21, 0.08045, 0.03501111111111111), (18, 0.0, 0.0022611111111111113), (0, 0, 0), (0, 0, 0), (0, 0, 0)]","[(4005, 67.0513, 10.088244444444443), (16084, 51.81955000000001, 6.154988888888888), (32194, 58.2, 11.637738888888888), (4026, 67.1, 10.11), (16105, 51.900000000000006, 6.1899999999999995), (32212, 58.2, 11.639999999999999)]","[0, 0, 0, 0, 0, 0]","[0, 0, 0, 0, 0, 0]"
184,"[24.447753785058328, 15.243149839545792, 9.099373099124822, 0.0, 0.0, 0.0]","[9, 9, 6, 0, 0, 0]","[261.02914790868505, 590.8710626767125, 834.7011941745413, 0, 0, 0]","[3767.970852091315, 7511.128937323288, 15276.29880582546, 4029, 8102, 16111]","[4029, 8102, 16111, 4029, 8102, 16111]","[985, 1235, 1466, 0, 0, 0]","[6.377027551416376, 2.3612611563833914, 0.2724895227008149, 0.0, 0.0, 0.0]","[273.8933333333333, 405.6646666666667, 93.6274, 0, 0, 0]","[0.20879999999999996, 0.017733333333333334, 0.01, 0, 0, 0]","[0.18360000000000004, 0.004933333333333334, 0.0008, 0, 0, 0]","[4021.1066666666666, 16774.335333333333, 34266.3726, 4295, 17180, 34360]","[371.7912, 359.98226666666665, 376.53000000000003, 372.0, 360.0, 376.54]","[199.8164, 304.9950666666667, 266.7492, 200.0, 305.0, 266.75]","[(21, 0.0, 0.005044444444444443), (17, 0.07773333333333332, 0.019144444444444447), (15, 0.0, 0.0017166666666666667), (0, 0, 0), (0, 0, 0), (0, 0, 0)]","[(4005, 67.1, 10.104955555555556), (16088, 51.82226666666667, 6.170855555555555), (32197, 58.2, 11.638283333333332), (4026, 67.1, 10.11), (16105, 51.900000000000006, 6.1899999999999995), (32212, 58.2, 11.639999999999999)]","[0, 0, 0, 0, 0, 0]","[0, 0, 0, 0, 0, 0]"
185,"[10.697443534375775, 24.487780794865465, 10.595245484451617, 0.0, 0.0, 0.0]","[4, 12, 7, 0, 0, 0]","[271.0952821041413, 1402.5804986248913, 1052.4746546570893, 0, 0, 0]","[3757.9047178958585, 6699.419501375109, 15058.52534534291, 4029, 8102, 16111]","[4029, 8102, 16111, 4029, 8102, 16111]","[431, 1984, 1707, 0, 0, 0]","[2.5451113698098564, 9.719240201785022, 4.926508537058596, 0.0, 0.0, 0.0]","[109.31253333333332, 1669.7654666666667, 1692.7483333333334, 0, 0, 0]","[0.2972, 1.4966666666666668, 1.1583999999999999, 0, 0, 0]","[0.3826666666666666, 0.6506666666666666, 0.2016, 0, 0, 0]","[4185.687466666666, 15510.234533333332, 32667.251666666667, 4295, 17180, 34360]","[371.7028, 358.50333333333333, 375.38160000000005, 372.0, 360.0, 376.54]","[199.61733333333333, 304.34933333333333, 266.5484, 200.0, 305.0, 266.75]","[(7, 0.0048833333333333315, 0.031966666666666664), (26, 0.13279999999999997, 0.46238333333333337), (14, 0.0, 0.004172222222222222), (0, 0, 0), (0, 0, 0), (0, 0, 0)]","[(4019, 67.09511666666666, 10.078033333333332), (16079, 51.7672, 5.727616666666666), (32198, 58.2, 11.635827777777777), (4026, 67.1, 10.11), (16105, 51.900000000000006, 6.1899999999999995), (32212, 58.2, 11.639999999999999)]","[0, 0, 0, 0, 0, 0]","[0, 0, 0, 0, 0, 0]"
186,"[13.154628940183668, 24.77166131819304, 10.47731363664577, 0.0, 0.0, 0.0]","[4, 11, 7, 0, 0, 0]","[340.27128828568914, 1135.5507030380907, 915.0933842686204, 0, 0, 0]","[3688.728711714311, 6966.44929696191, 15195.90661573138, 4029, 8102, 16111]","[4029, 8102, 16111, 4029, 8102, 16111]","[530, 2007, 1688, 0, 0, 0]","[5.169598758246022, 8.804740007760962, 6.323948195576251, 0.0, 0.0, 0.0]","[222.03426666666664, 1512.6543333333334, 2172.9085999999998, 0, 0, 0]","[0.2868, 1.0918666666666668, 1.1838666666666664, 0, 0, 0]","[0.4010666666666667, 0.4961333333333333, 0.21053333333333335, 0, 0, 0]","[4072.9657333333334, 15667.345666666666, 32187.0914, 4295, 17180, 34360]","[371.7132, 358.90813333333335, 375.35613333333333, 372.0, 360.0, 376.54]","[199.59893333333332, 304.5038666666667, 266.53946666666667, 200.0, 305.0, 266.75]","[(7, 0.00013333333333333334, 0.028966666666666665), (24, 0.03381666666666667, 0.24686111111111114), (12, 0.0, 0.0034388888888888893), (0, 0, 0), (0, 0, 0), (0, 0, 0)]","[(4019, 67.09986666666666, 10.081033333333332), (16081, 51.86618333333334, 5.943138888888888), (32200, 58.2, 11.63656111111111), (4026, 67.1, 10.11), (16105, 51.900000000000006, 6.1899999999999995), (32212, 58.2, 11.639999999999999)]","[0, 0, 0, 0, 0, 0]","[0, 0, 0, 0, 0, 0]"
187,"[12.633407793497145, 19.476672426561343, 13.959406616597356, 0.0, 0.0, 0.0]","[4, 8, 10, 0, 0, 0]","[228.78845957651512, 984.7702549257618, 1465.220969741129, 0, 0, 0]","[3800.211540423485, 7117.229745074238, 14645.779030258871, 4029, 8102, 16111]","[4029, 8102, 16111, 4029, 8102, 16111]","[509, 1578, 2249, 0, 0, 0]","[5.143152502910361, 8.982499805975943, 3.8075419091967397, 0.0, 0.0, 0.0]","[220.89839999999998, 1543.1934666666668, 1308.2713999999999, 0, 0, 0]","[0.10413333333333333, 1.236533333333333, 1.0959999999999996, 0, 0, 0]","[0.20240000000000005, 0.5414666666666668, 0.22013333333333335, 0, 0, 0]","[4074.1016, 15636.806533333332, 33051.7286, 4295, 17180, 34360]","[371.8958666666667, 358.76346666666666, 375.444, 372.0, 360.0, 376.54]","[199.7976, 304.4585333333333, 266.5298666666667, 200.0, 305.0, 266.75]","[(8, 1.666666666666667e-05, 0.029449999999999997), (21, 0.0468, 0.2919), (17, 0.0004166666666666667, 0.005900000000000001), (0, 0, 0), (0, 0, 0), (0, 0, 0)]","[(4018, 67.09998333333333, 10.080549999999999), (16084, 51.85320000000001, 5.8980999999999995), (32195, 58.19958333333334, 11.634099999999998), (4026, 67.1, 10.11), (16105, 51.900000000000006, 6.1899999999999995), (32212, 58.2, 11.639999999999999)]","[0, 0, 0, 0, 0, 0]","[0, 0, 0, 0, 0, 0]"
188,"[17.00173740382229, 18.550975067884472, 12.345602383464714, 0.0, 0.0, 0.0]","[5, 8, 8, 0, 0, 0]","[389.36448322518913, 560.2727423132088, 1183.7932878163706, 0, 0, 0]","[3639.6355167748106, 7541.727257686791, 14927.20671218363, 4029, 8102, 16111]","[4029, 8102, 16111, 4029, 8102, 16111]","[685, 1503, 1989, 0, 0, 0]","[5.371000388048118, 11.010384943733024, 2.002437718277066, 0.0, 0.0, 0.0]","[230.68446666666668, 1891.5841333333335, 688.0375999999999, 0, 0, 0]","[0.11359999999999999, 1.4161333333333332, 0.0932, 0, 0, 0]","[0.2024, 0.5993333333333334, 0.07546666666666668, 0, 0, 0]","[4064.3155333333334, 15288.415866666666, 33671.9624, 4295, 17180, 34360]","[371.8864, 358.58386666666667, 376.4468, 372.0, 360.0, 376.54]","[199.7976, 304.40066666666667, 266.67453333333333, 200.0, 305.0, 266.75]","[(12, 1.666666666666667e-05, 0.030205555555555555), (20, 0.00016666666666666666, 0.3766055555555556), (17, 0.0, 0.0034111111111111113), (0, 0, 0), (0, 0, 0), (0, 0, 0)]","[(4014, 67.09998333333333, 10.079794444444444), (16085, 51.89983333333334, 5.813394444444444), (32195, 58.2, 11.636588888888888), (4026, 67.1, 10.11), (16105, 51.900000000000006, 6.1899999999999995), (32212, 58.2, 11.639999999999999)]","[2, 0, 0, 0, 0, 0]","[0, 2, 2, 0, 0, 0]"
189,"[24.84487465872425, 7.689459392742533, 16.65942523741543, 0.0, 0.0, 0.0]","[7, 3, 11, 0, 0, 0]","[435.8615922814971, 288.21971579990407, 1736.0504792144172, 0, 0, 0]","[3593.138407718503, 7813.780284200096, 14374.949520785583, 4029, 8102, 16111]","[4029, 8102, 16111, 4029, 8102, 16111]","[1001, 623, 2684, 0, 0, 0]","[7.356656577415599, 4.503843616608459, 3.175571594877765, 0.0, 0.0, 0.0]","[315.9684, 773.7603333333333, 1091.1264, 0, 0, 0]","[0.12346666666666667, 1.4605333333333335, 0.67, 0, 0, 0]","[0.2036, 0.4761333333333333, 0.17920000000000003, 0, 0, 0]","[3979.0316000000003, 16406.23966666667, 33268.8736, 4295, 17180, 34360]","[371.8765333333333, 358.53946666666667, 375.87, 372.0, 360.0, 376.54]","[199.7964, 304.52386666666666, 266.5708, 200.0, 305.0, 266.75]","[(17, 3.3333333333333335e-05, 0.03107777777777778), (7, 0.00021666666666666668, 0.51965), (22, 0.004, 0.04066666666666667), (0, 0, 0), (0, 0, 0), (0, 0, 0)]","[(4009, 67.09996666666666, 10.078922222222221), (16098, 51.89978333333334, 5.670349999999999), (32190, 58.196000000000005, 11.599333333333332), (4026, 67.1, 10.11), (16105, 51.900000000000006, 6.1899999999999995), (32212, 58.2, 11.639999999999999)]","[2, 0, 0, 0, 0, 0]","[0, 2, 2, 0, 0, 0]"
190,"[24.72077438570365, 11.922981979758084, 19.030476072248774, 0.0, 0.0, 0.0]","[6, 4, 10, 0, 0, 0]","[290.25507197194435, 605.9145883159258, 1623.1142852187465, 0, 0, 0]","[3738.7449280280557, 7496.085411684075, 14487.885714781254, 4029, 8102, 16111]","[4029, 8102, 16111, 4029, 8102, 16111]","[996, 966, 3066, 0, 0, 0]","[5.74025766395033, 4.853264260768335, 1.91571575475359, 0.0, 0.0, 0.0]","[246.54406666666668, 833.7908, 658.2399333333335, 0, 0, 0]","[0.03213333333333333, 0.6022666666666667, 0.6670666666666666, 0, 0, 0]","[0.019733333333333332, 0.1208, 0.16973333333333337, 0, 0, 0]","[4048.455933333333, 16346.2092, 33701.76006666667, 4295, 17180, 34360]","[371.9678666666667, 359.39773333333335, 375.8729333333334, 372.0, 360.0, 376.54]","[199.98026666666667, 304.8792, 266.58026666666666, 200.0, 305.0, 266.75]","[(15, 5e-05, 0.0041444444444444445), (7, 0.0, 0.004694444444444445), (20, 0.0, 0.005977777777777778), (0, 0, 0), (0, 0, 0), (0, 0, 0)]","[(4011, 67.09994999999999, 10.105855555555555), (16098, 51.900000000000006, 6.185305555555555), (32192, 58.2, 11.634022222222221), (4026, 67.1, 10.11), (16105, 51.900000000000006, 6.1899999999999995), (32212, 58.2, 11.639999999999999)]","[2, 2, 2, 0, 0, 0]","[0, 2, 4, 0, 0, 0]"
191,"[14.643832216430877, 17.773389286595904, 16.52287257153498, 0.0, 0.0, 0.0]","[4, 7, 8, 0, 0, 0]","[231.494167967198, 694.9577535573255, 904.9080569931414, 0, 0, 0]","[3797.505832032802, 7407.042246442675, 15206.091943006859, 4029, 8102, 16111]","[4029, 8102, 16111, 4029, 8102, 16111]","[590, 1440, 2662, 0, 0, 0]","[3.715962747380676, 5.835659293752426, 0.9755283275126114, 0.0, 0.0, 0.0]","[159.60060000000001, 1002.5662666666667, 335.1915333333333, 0, 0, 0]","[0.0572, 1.7775999999999996, 0.07106666666666665, 0, 0, 0]","[0.0416, 1.2836, 0.06506666666666668, 0, 0, 0]","[4135.3994, 16177.433733333333, 34024.80846666667, 4295, 17180, 34360]","[371.9428, 358.2224, 376.4689333333334, 372.0, 360.0, 376.54]","[199.9584, 303.7164, 266.68493333333333, 200.0, 305.0, 266.75]","[(10, 0.0, 0.00827222222222222), (14, 0.4706, 0.01836666666666667), (17, 0.00048333333333333334, 0.004522222222222221), (0, 0, 0), (0, 0, 0), (0, 0, 0)]","[(4016, 67.1, 10.101727777777777), (16091, 51.42940000000001, 6.171633333333332), (32195, 58.19951666666667, 11.635477777777776), (4026, 67.1, 10.11), (16105, 51.900000000000006, 6.1899999999999995), (32212, 58.2, 11.639999999999999)]","[2, 2, 2, 0, 0, 0]","[0, 2, 4, 0, 0, 0]"
192,"[11.094564408041698, 13.601579856825474, 10.036620942213395, 0.0, 0.0, 0.0]","[3, 7, 6, 0, 0, 0]","[204.85411984525155, 626.769594579676, 580.6508609038483, 0, 0, 0]","[3824.1458801547483, 7475.230405420324, 15530.349139096152, 4029, 8102, 16111]","[4029, 8102, 16111, 4029, 8102, 16111]","[447, 1102, 1617, 0, 0, 0]","[2.301988358556461, 4.121862630966239, 1.095056849049282, 0.0, 0.0, 0.0]","[98.8704, 708.136, 376.2615333333333, 0, 0, 0]","[0.052399999999999995, 0.06520000000000001, 0.02146666666666666, 0, 0, 0]","[0.046266666666666664, 0.0408, 0.02506666666666667, 0, 0, 0]","[4196.1296, 16471.864, 33983.73846666667, 4295, 17180, 34360]","[371.9476, 359.9348, 376.5185333333334, 372.0, 360.0, 376.54]","[199.95373333333333, 304.9592, 266.72493333333335, 200.0, 305.0, 266.75]","[(6, 0.0, 0.006472222222222222), (14, 0.05699999999999999, 0.016855555555555554), (10, 0.0003333333333333333, 0.003888888888888889), (0, 0, 0), (0, 0, 0), (0, 0, 0)]","[(4020, 67.1, 10.103527777777778), (16091, 51.843, 6.173144444444444), (32202, 58.19966666666667, 11.63611111111111), (4026, 67.1, 10.11), (16105, 51.900000000000006, 6.1899999999999995), (32212, 58.2, 11.639999999999999)]","[0, 0, 0, 0, 0, 0]","[0, 0, 0, 0, 0, 0]"
193,"[14.842392653263836, 11.922981979758084, 8.137297498603438, 0.0, 0.0, 0.0]","[4, 6, 5, 0, 0, 0]","[365.6761365193688, 596.8153430921008, 708.3767652825834, 0, 0, 0]","[3663.323863480631, 7505.184656907899, 15402.623234717417, 4029, 8102, 16111]","[4029, 8102, 16111, 4029, 8102, 16111]","[598, 966, 1311, 0, 0, 0]","[3.6783143189755534, 1.1871168024835081, 0.7807291424136593, 0.0, 0.0, 0.0]","[157.98360000000002, 203.9466666666667, 268.25853333333333, 0, 0, 0]","[0.038, 0.0348, 0.024666666666666667, 0, 0, 0]","[0.030799999999999998, 0.0128, 0.023600000000000003, 0, 0, 0]","[4137.0164, 16976.053333333333, 34091.74146666667, 4295, 17180, 34360]","[371.962, 359.9652, 376.51533333333333, 372.0, 360.0, 376.54]","[199.9692, 304.9872, 266.7264, 200.0, 305.0, 266.75]","[(8, 5e-05, 0.013461111111111111), (12, 0.03351666666666667, 0.006677777777777778), (9, 0.0, 0.002577777777777778), (0, 0, 0), (0, 0, 0), (0, 0, 0)]","[(4018, 67.09994999999999, 10.096538888888889), (16093, 51.86648333333334, 6.1833222222222215), (32203, 58.2, 11.637422222222222), (4026, 67.1, 10.11), (16105, 51.900000000000006, 6.1899999999999995), (32212, 58.2, 11.639999999999999)]","[0, 0, 0, 0, 0, 0]","[0, 0, 0, 0, 0, 0]"
194,"[22.685529908165798, 10.799802517896815, 6.089007510396623, 0.0, 0.0, 0.0]","[6, 5, 4, 0, 0, 0]","[596.6665551648972, 560.3846421775595, 336.06660714081863, 0, 0, 0]","[3432.333444835103, 7541.61535782244, 15774.93339285918, 4029, 8102, 16111]","[4029, 8102, 16111, 4029, 8102, 16111]","[914, 875, 981, 0, 0, 0]","[9.818385719829257, 0.46029452852153674, 1.0693748544819557, 0.0, 0.0, 0.0]","[421.69966666666664, 79.07860000000001, 367.43719999999996, 0, 0, 0]","[0.03813333333333334, 0.03186666666666667, 0.020666666666666667, 0, 0, 0]","[0.04853333333333333, 0.019466666666666667, 0.016399999999999998, 0, 0, 0]","[3873.3003333333336, 17100.9214, 33992.5628, 4295, 17180, 34360]","[371.96186666666665, 359.96813333333336, 376.51933333333335, 372.0, 360.0, 376.54]","[199.95146666666668, 304.9805333333333, 266.7336, 200.0, 305.0, 266.75]","[(12, 0.06151666666666666, 0.04327435897435897), (10, 0.04946666666666666, 0.004155555555555556), (8, 5.000000000000001e-05, 0.006105555555555555), (0, 0, 0), (0, 0, 0), (0, 0, 0)]","[(4014, 67.03848333333333, 10.06672564102564), (16095, 51.85053333333334, 6.185844444444444), (32204, 58.19995, 11.633894444444444), (4026, 67.1, 10.11), (16105, 51.900000000000006, 6.1899999999999995), (32212, 58.2, 11.639999999999999)]","[0, 0, 0, 0, 0, 0]","[0, 0, 0, 0, 0, 0]"
195,"[23.57905187391412, 9.2569735867687, 4.636583700577245, 0.0, 0.0, 0.0]","[7, 5, 3, 0, 0, 0]","[416.8185345043114, 49.129423339688834, 274.30117115599546, 0, 0, 0]","[3612.181465495689, 8052.870576660312, 15836.698828844004, 4029, 8102, 16111]","[4029, 8102, 16111, 4029, 8102, 16111]","[950, 750, 747, 0, 0, 0]","[11.485463717500972, 0.32169421808304227, 0.49768374078385724, 0.0, 0.0, 0.0]","[493.3006666666667, 55.267066666666665, 171.00413333333336, 0, 0, 0]","[0.6237333333333334, 0.025999999999999995, 0.009333333333333332, 0, 0, 0]","[0.4821333333333333, 0.012666666666666666, 0.00026666666666666673, 0, 0, 0]","[3801.6993333333335, 17124.732933333333, 34188.995866666664, 4295, 17180, 34360]","[371.37626666666665, 359.974, 376.53066666666666, 372.0, 360.0, 376.54]","[199.51786666666666, 304.9873333333333, 266.7497333333333, 200.0, 305.0, 266.75]","[(12, 0.032499999999999994, 0.09159444444444444), (11, 0.05543333333333332, 0.0052722222222222215), (9, 0.0, 0.006116666666666666), (0, 0, 0), (0, 0, 0), (0, 0, 0)]","[(4014, 67.0675, 10.018405555555555), (16094, 51.84456666666667, 6.184727777777777), (32203, 58.2, 11.633883333333332), (4026, 67.1, 10.11), (16105, 51.900000000000006, 6.1899999999999995), (32212, 58.2, 11.639999999999999)]","[0, 0, 0, 0, 0, 0]","[0, 0, 0, 0, 0, 0]"
196,"[16.604616530156367, 8.726240434460628, 9.825585004034512, 0.0, 0.0, 0.0]","[5, 4, 6, 0, 0, 0]","[226.08503499600562, 422.59265273565165, 828.4840440813257, 0, 0, 0]","[3802.9149650039944, 7679.407347264349, 15282.515955918674, 4029, 8102, 16111]","[4029, 8102, 16111, 4029, 8102, 16111]","[669, 707, 1583, 0, 0, 0]","[4.225646876212649, 1.0335075669383005, 0.9225071788901824, 0.0, 0.0, 0.0]","[181.49153333333328, 177.55660000000003, 316.97346666666664, 0, 0, 0]","[0.4238666666666667, 0.00013333333333333337, 0.021199999999999997, 0, 0, 0]","[0.3501333333333333, 0.00013333333333333337, 0.05266666666666666, 0, 0, 0]","[4113.508466666667, 17002.4434, 34043.02653333333, 4295, 17180, 34360]","[371.57613333333336, 359.99986666666666, 376.5188, 372.0, 360.0, 376.54]","[199.64986666666667, 304.99986666666666, 266.69733333333335, 200.0, 305.0, 266.75]","[(8, 0.0002333333333333333, 0.05320000000000001), (9, 0.4706, 0.013094444444444445), (16, 0.0, 0.0036944444444444438), (0, 0, 0), (0, 0, 0), (0, 0, 0)]","[(4018, 67.09976666666667, 10.056799999999999), (16096, 51.42940000000001, 6.176905555555555), (32196, 58.2, 11.636305555555554), (4026, 67.1, 10.11), (16105, 51.900000000000006, 6.1899999999999995), (32212, 58.2, 11.639999999999999)]","[0, 0, 0, 0, 0, 0]","[0, 0, 0, 0, 0, 0]"
197,"[20.89848597666915, 15.551715625771415, 9.8007572466017, 0.0, 0.0, 0.0]","[6, 6, 6, 0, 0, 0]","[540.6768607274493, 923.8658994590553, 798.3591091153826, 0, 0, 0]","[3488.3231392725506, 7178.134100540945, 15312.640890884617, 4029, 8102, 16111]","[4029, 8102, 16111, 4029, 8102, 16111]","[842, 1260, 1579, 0, 0, 0]","[4.8697384555684895, 7.2847303065580125, 0.7931885913853317, 0.0, 0.0, 0.0]","[209.15526666666665, 1251.5166666666667, 272.5396, 0, 0, 0]","[0.4357333333333333, 0.009466666666666667, 0.014133333333333335, 0, 0, 0]","[0.3774666666666667, 0.008266666666666667, 0.02306666666666667, 0, 0, 0]","[4085.8447333333334, 15928.483333333334, 34087.4604, 4295, 17180, 34360]","[371.56426666666664, 359.99053333333336, 376.5258666666667, 372.0, 360.0, 376.54]","[199.62253333333334, 304.99173333333334, 266.7269333333333, 200.0, 305.0, 266.75]","[(11, 0.0032333333333333337, 0.060918803418803416), (13, 0.0006000000000000001, 0.0021055555555555554), (16, 0.03996666666666667, 0.01781666666666667), (0, 0, 0), (0, 0, 0), (0, 0, 0)]","[(4015, 67.09676666666667, 10.049081196581197), (16092, 51.89940000000001, 6.187894444444444), (32196, 58.16003333333334, 11.622183333333332), (4026, 67.1, 10.11), (16105, 51.900000000000006, 6.1899999999999995), (32212, 58.2, 11.639999999999999)]","[0, 0, 0, 0, 0, 0]","[0, 0, 0, 0, 0, 0]"
198,"[23.15711094564408, 15.551715625771415, 6.337285084724723, 0.0, 0.0, 0.0]","[7, 6, 4, 0, 0, 0]","[535.1197117457855, 723.4289713120914, 621.5158071423084, 0, 0, 0]","[3493.8802882542145, 7378.571028687908, 15489.484192857692, 4029, 8102, 16111]","[4029, 8102, 16111, 4029, 8102, 16111]","[933, 1260, 1021, 0, 0, 0]","[8.334568878540939, 6.703884749708963, 0.4221532790065968, 0.0, 0.0, 0.0]","[357.96973333333335, 1151.7274, 145.05186666666668, 0, 0, 0]","[0.4285333333333333, 0.009333333333333334, 0.0092, 0, 0, 0]","[0.3635999999999999, 0.004533333333333334, 0.0, 0, 0, 0]","[3937.0302666666666, 16028.2726, 34214.94813333333, 4295, 17180, 34360]","[371.57146666666665, 359.99066666666664, 376.5308, 372.0, 360.0, 376.54]","[199.6364, 304.9954666666667, 266.75, 200.0, 305.0, 266.75]","[(13, 0.001633333333333333, 0.053599999999999995), (13, 0.06471666666666667, 0.0374388888888889), (10, 0.0, 0.0029333333333333342), (0, 0, 0), (0, 0, 0), (0, 0, 0)]","[(4013, 67.09836666666666, 10.0564), (16092, 51.83528333333334, 6.152561111111111), (32202, 58.2, 11.637066666666666), (4026, 67.1, 10.11), (16105, 51.900000000000006, 6.1899999999999995), (32212, 58.2, 11.639999999999999)]","[0, 0, 0, 0, 0, 0]","[0, 0, 0, 0, 0, 0]"
199,"[26.97939935467858, 12.54011355220933, 9.055924523617405, 0.0, 0.0, 0.0]","[8, 5, 5, 0, 0, 0]","[270.9272126860427, 64.56264815545076, 690.5443228163025, 0, 0, 0]","[3758.072787313957, 8037.437351844549, 15420.455677183698, 4029, 8102, 16111]","[4029, 8102, 16111, 4029, 8102, 16111]","[1087, 1016, 1459, 0, 0, 0]","[5.647663174233605, 7.259558401241755, 0.22556693830034927, 0.0, 0.0, 0.0]","[242.56713333333335, 1247.1921333333335, 77.5048, 0, 0, 0]","[0.02333333333333333, 0.018533333333333332, 0.068, 0, 0, 0]","[0.022799999999999997, 0.0056, 0.05800000000000001, 0, 0, 0]","[4052.4328666666665, 15932.807866666666, 34282.4952, 4295, 17180, 34360]","[371.9766666666667, 359.9814666666667, 376.47200000000004, 372.0, 360.0, 376.54]","[199.9772, 304.9944, 266.692, 200.0, 305.0, 266.75]","[(16, 0.002466666666666667, 0.011994444444444445), (9, 0.04703333333333334, 0.005922222222222222), (12, 0.0003333333333333333, 0.0012277777777777777), (0, 0, 0), (0, 0, 0), (0, 0, 0)]","[(4010, 67.09753333333333, 10.098005555555554), (16096, 51.852966666666674, 6.184077777777778), (32200, 58.19966666666667, 11.63877222222222), (4026, 67.1, 10.11), (16105, 51.900000000000006, 6.1899999999999995), (32212, 58.2, 11.639999999999999)]","[0, 0, 0, 0, 0, 0]","[0, 0, 0, 0, 0, 0]"
200,"[16.852817076197567, 12.61416934090348, 13.313884923344299, 0.0, 0.0, 0.0]","[4, 6, 7, 0, 0, 0]","[228.0506495854611, 673.7246014672585, 1013.835867055756, 0, 0, 0]","[3800.949350414539, 7428.275398532742, 15097.164132944245, 4029, 8102, 16111]","[4029, 8102, 16111, 4029, 8102, 16111]","[679, 1022, 2145, 0, 0, 0]","[1.9490011641443539, 2.744514939852542, 4.338285409390765, 0.0, 0.0, 0.0]","[83.7096, 471.5076666666667, 1490.6348666666665, 0, 0, 0]","[0.002133333333333334, 0.12440000000000001, 8.491333333333332, 0, 0, 0]","[0.004533333333333333, 0.23026666666666662, 8.334933333333334, 0, 0, 0]","[4211.2904, 16708.49233333333, 32869.36513333333, 4295, 17180, 34360]","[371.99786666666665, 359.8756, 368.0486666666667, 372.0, 360.0, 376.54]","[199.99546666666666, 304.7697333333333, 258.4150666666667, 200.0, 305.0, 266.75]","[(9, 0.0, 0.0011333333333333336), (16, 0.06661666666666666, 0.06913888888888887), (15, 0.0, 0.029), (0, 0, 0), (0, 0, 0), (0, 0, 0)]","[(4017, 67.1, 10.108866666666666), (16089, 51.83338333333334, 6.12086111111111), (32197, 58.2, 11.610999999999999), (4026, 67.1, 10.11), (16105, 51.900000000000006, 6.1899999999999995), (32212, 58.2, 11.639999999999999)]","[0, 0, 0, 0, 0, 0]","[0, 0, 0, 0, 0, 0]"
201,"[15.33879374534624, 17.649962972105655, 7.547638259574203, 0.0, 0.0, 0.0]","[4, 8, 4, 0, 0, 0]","[340.9848744813468, 804.3600369520625, 1025.5571204898577, 0, 0, 0]","[3688.0151255186533, 7297.639963047937, 15085.442879510143, 4029, 8102, 16111]","[4029, 8102, 16111, 4029, 8102, 16111]","[618, 1430, 1216, 0, 0, 0]","[2.58578812572759, 2.9479619712844394, 3.9491946061311602, 0.0, 0.0, 0.0]","[111.05959999999999, 506.4598666666667, 1356.9432666666667, 0, 0, 0]","[0.002, 0.13213333333333332, 24.269866666666672, 0, 0, 0]","[0.005066666666666666, 0.21413333333333334, 24.333733333333328, 0, 0, 0]","[4183.9404, 16673.540133333332, 33003.05673333333, 4295, 17180, 34360]","[371.998, 359.86786666666666, 352.2701333333333, 372.0, 360.0, 376.54]","[199.99493333333334, 304.78586666666666, 242.41626666666667, 200.0, 305.0, 266.75]","[(9, 0.0, 0.0011555555555555555), (20, 0.029449999999999997, 0.05573888888888888), (9, 0.0, 0.0017777777777777779), (0, 0, 0), (0, 0, 0), (0, 0, 0)]","[(4017, 67.1, 10.108844444444443), (16085, 51.87055000000001, 6.134261111111111), (32203, 58.2, 11.638222222222222), (4026, 67.1, 10.11), (16105, 51.900000000000006, 6.1899999999999995), (32212, 58.2, 11.639999999999999)]","[0, 0, 0, 0, 0, 0]","[0, 0, 0, 0, 0, 0]"
202,"[11.342764954082899, 13.663293014070598, 10.502141394078581, 0.0, 0.0, 0.0]","[4, 7, 6, 0, 0, 0]","[398.67411769736657, 727.0648784314718, 756.7008592129796, 0, 0, 0]","[3630.3258823026335, 7374.935121568528, 15354.299140787021, 4029, 8102, 16111]","[4029, 8102, 16111, 4029, 8102, 16111]","[457, 1107, 1692, 0, 0, 0]","[2.276555684904928, 2.719586728754365, 4.2037568878540945, 0.0, 0.0, 0.0]","[97.77806666666666, 467.2249999999999, 1444.4108666666668, 0, 0, 0]","[0.002, 0.11613333333333332, 20.594399999999997, 0, 0, 0]","[0.004933333333333334, 0.21480000000000005, 20.649599999999996, 0, 0, 0]","[4197.221933333333, 16712.775, 32915.589133333335, 4295, 17180, 34360]","[371.998, 359.8838666666667, 355.9456, 372.0, 360.0, 376.54]","[199.99506666666667, 304.7852, 246.1004, 200.0, 305.0, 266.75]","[(8, 0.0, 0.0012166666666666667), (17, 0.030350000000000002, 0.06863333333333334), (14, 0.00015, 0.002005555555555555), (0, 0, 0), (0, 0, 0), (0, 0, 0)]","[(4018, 67.1, 10.108783333333333), (16088, 51.86965000000001, 6.121366666666666), (32198, 58.199850000000005, 11.637994444444443), (4026, 67.1, 10.11), (16105, 51.900000000000006, 6.1899999999999995), (32212, 58.2, 11.639999999999999)]","[0, 0, 0, 0, 0, 0]","[0, 0, 0, 0, 0, 0]"
203,"[23.628691983122362, 12.009380399901259, 8.851095524796722, 0.0, 0.0, 0.0]","[7, 6, 5, 0, 0, 0]","[690.505654803862, 123.76535565601326, 598.8615715943013, 0, 0, 0]","[3338.494345196138, 7978.2346443439865, 15512.138428405699, 4029, 8102, 16111]","[4029, 8102, 16111, 4029, 8102, 16111]","[952, 973, 1426, 0, 0, 0]","[3.860369421808304, 2.182483119906868, 3.5578067520372527, 0.0, 0.0, 0.0]","[165.80286666666666, 374.95059999999995, 1222.4624000000001, 0, 0, 0]","[0.0116, 0.11479999999999999, 12.110533333333334, 0, 0, 0]","[0.006, 0.2128, 12.060266666666669, 0, 0, 0]","[4129.197133333333, 16805.0494, 33137.5376, 4295, 17180, 34360]","[371.9884, 359.8852, 364.4294666666667, 372.0, 360.0, 376.54]","[199.994, 304.7872, 254.68973333333332, 200.0, 305.0, 266.75]","[(13, 0.0, 0.002874358974358974), (14, 0.04694999999999999, 0.05773888888888889), (9, 0.09475, 0.019455555555555556), (0, 0, 0), (0, 0, 0), (0, 0, 0)]","[(4013, 67.1, 10.10712564102564), (16091, 51.85305, 6.13226111111111), (32203, 58.105250000000005, 11.620544444444443), (4026, 67.1, 10.11), (16105, 51.900000000000006, 6.1899999999999995), (32212, 58.2, 11.639999999999999)]","[0, 0, 0, 0, 0, 0]","[0, 0, 0, 0, 0, 0]"
204,"[26.135517498138494, 3.369538385583806, 11.818012538017504, 0.0, 0.0, 0.0]","[8, 2, 7, 0, 0, 0]","[604.9636417197756, 97.4460758140512, 1240.741478861516, 0, 0, 0]","[3424.0363582802242, 8004.553924185949, 14870.258521138483, 4029, 8102, 16111]","[4029, 8102, 16111, 4029, 8102, 16111]","[1053, 273, 1904, 0, 0, 0]","[3.8979930151338764, 0.21361350407450522, 1.2686230112533952, 0.0, 0.0, 0.0]","[167.4188, 36.6988, 435.89886666666655, 0, 0, 0]","[0.010533333333333334, 0.10213333333333334, 1.0605333333333335, 0, 0, 0]","[0.007733333333333333, 0.196, 0.3244000000000001, 0, 0, 0]","[4127.5812, 17143.3012, 33924.10113333333, 4295, 17180, 34360]","[371.98946666666666, 359.8978666666667, 375.47946666666667, 372.0, 360.0, 376.54]","[199.99226666666667, 304.804, 266.4256, 200.0, 305.0, 266.75]","[(12, 0.0006333333333333334, 0.0020555555555555557), (4, 0.0, 0.027133333333333336), (11, 0.0, 0.006533333333333333), (0, 0, 0), (0, 0, 0), (0, 0, 0)]","[(4014, 67.09936666666665, 10.107944444444444), (16101, 51.900000000000006, 6.162866666666666), (32201, 58.2, 11.633466666666665), (4026, 67.1, 10.11), (16105, 51.900000000000006, 6.1899999999999995), (32212, 58.2, 11.639999999999999)]","[0, 0, 0, 0, 0, 0]","[0, 0, 0, 0, 0, 0]"
205,"[30.37974683544304, 5.220933102937546, 11.07938675439141, 0.0, 0.0, 0.0]","[9, 2, 7, 0, 0, 0]","[673.0950778142269, 364.19909327584344, 1108.6978033237685, 0, 0, 0]","[3355.904922185773, 7737.800906724156, 15002.302196676232, 4029, 8102, 16111]","[4029, 8102, 16111, 4029, 8102, 16111]","[1224, 423, 1785, 0, 0, 0]","[5.8989181218471085, 0.1240989522700815, 1.140707023670935, 0.0, 0.0, 0.0]","[253.3585333333333, 21.320200000000003, 391.9469333333333, 0, 0, 0]","[0.013466666666666667, 0.0, 0.028399999999999995, 0, 0, 0]","[0.022799999999999997, 0.0, 0.07239999999999999, 0, 0, 0]","[4041.641466666667, 17158.6798, 33968.05306666667, 4295, 17180, 34360]","[371.98653333333334, 360.0, 376.51160000000004, 372.0, 360.0, 376.54]","[199.9772, 305.0, 266.6776, 200.0, 305.0, 266.75]","[(17, 0.0005, 0.046966666666666664), (4, 0.0, 0.0), (12, 0.0, 0.0047666666666666664), (0, 0, 0), (0, 0, 0), (0, 0, 0)]","[(4009, 67.09949999999999, 10.063033333333333), (16101, 51.900000000000006, 6.1899999999999995), (32200, 58.2, 11.635233333333332), (4026, 67.1, 10.11), (16105, 51.900000000000006, 6.1899999999999995), (32212, 58.2, 11.639999999999999)]","[0, 0, 0, 0, 0, 0]","[0, 0, 0, 0, 0, 0]"
206,"[25.415735914619013, 9.676623056035547, 9.608342126497424, 0.0, 0.0, 0.0]","[7, 5, 6, 0, 0, 0]","[456.80163223218085, 555.6587942371658, 975.2447565496427, 0, 0, 0]","[3572.198367767819, 7546.341205762834, 15135.755243450358, 4029, 8102, 16111]","[4029, 8102, 16111, 4029, 8102, 16111]","[1024, 784, 1548, 0, 0, 0]","[6.987379123011253, 1.4175211486224293, 1.0173665114474195, 0.0, 0.0, 0.0]","[300.10793333333334, 243.53013333333334, 349.56713333333335, 0, 0, 0]","[0.011466666666666667, 0.009066666666666666, 0.026400000000000003, 0, 0, 0]","[0.006, 0.0015999999999999999, 0.05959999999999999, 0, 0, 0]","[3994.892066666667, 16936.469866666666, 34010.43286666667, 4295, 17180, 34360]","[371.98853333333335, 359.9909333333333, 376.5136, 372.0, 360.0, 376.54]","[199.994, 304.9984, 266.6904, 200.0, 305.0, 266.75]","[(13, 0.04903333333333333, 0.019616666666666668), (10, 0.0006666666666666666, 0.003972222222222222), (11, 0.0, 0.004772222222222222), (0, 0, 0), (0, 0, 0), (0, 0, 0)]","[(4013, 67.05096666666667, 10.090383333333333), (16095, 51.89933333333334, 6.1860277777777775), (32201, 58.2, 11.635227777777777), (4026, 67.1, 10.11), (16105, 51.900000000000006, 6.1899999999999995), (32212, 58.2, 11.639999999999999)]","[0, 0, 0, 0, 0, 0]","[0, 0, 0, 0, 0, 0]"
207,"[18.044179697195332, 17.119229819797578, 9.453168642542362, 0.0, 0.0, 0.0]","[5, 8, 6, 0, 0, 0]","[600.0356577253394, 1071.4370370808808, 798.321592666161, 0, 0, 0]","[3428.9643422746603, 7030.562962919119, 15312.678407333839, 4029, 8102, 16111]","[4029, 8102, 16111, 4029, 8102, 16111]","[727, 1387, 1523, 0, 0, 0]","[5.383192859914629, 1.4304850601474584, 0.8907180830422973, 0.0, 0.0, 0.0]","[231.20813333333328, 245.75733333333335, 306.0507333333333, 0, 0, 0]","[0.002, 0.015333333333333334, 0.027733333333333332, 0, 0, 0]","[0.0018666666666666666, 0.0084, 0.07226666666666667, 0, 0, 0]","[4063.791866666667, 16934.242666666665, 34053.94926666667, 4295, 17180, 34360]","[371.998, 359.98466666666667, 376.5122666666667, 372.0, 360.0, 376.54]","[199.99813333333333, 304.9916, 266.6777333333333, 200.0, 305.0, 266.75]","[(11, 0.0, 0.002313247863247863), (16, 0.00055, 0.004891025641025642), (11, 0.0, 0.004883333333333332), (0, 0, 0), (0, 0, 0), (0, 0, 0)]","[(4015, 67.1, 10.107686752136752), (16089, 51.89945000000001, 6.1851089743589736), (32201, 58.2, 11.635116666666665), (4026, 67.1, 10.11), (16105, 51.900000000000006, 6.1899999999999995), (32212, 58.2, 11.639999999999999)]","[0, 0, 0, 0, 0, 0]","[0, 0, 0, 0, 0, 0]"
208,"[29.734425415735917, 19.340903480622067, 6.107628328471231, 0.0, 0.0, 0.0]","[8, 9, 4, 0, 0, 0]","[960.66897003292, 660.5598842551275, 300.61804846104604, 0, 0, 0]","[3068.33102996708, 7441.440115744873, 15810.381951538953, 4029, 8102, 16111]","[4029, 8102, 16111, 4029, 8102, 16111]","[1198, 1567, 984, 0, 0, 0]","[5.992493597206053, 1.3465618936748156, 0.13935564610011641, 0.0, 0.0, 0.0]","[257.3776, 231.33933333333331, 47.8826, 0, 0, 0]","[0.0041333333333333335, 0.009333333333333332, 0.011066666666666666, 0, 0, 0]","[0.005866666666666667, 0.0018666666666666666, 0.014266666666666667, 0, 0, 0]","[4037.6224, 16948.660666666667, 34312.1174, 4295, 17180, 34360]","[371.99586666666664, 359.99066666666664, 376.5289333333333, 372.0, 360.0, 376.54]","[199.99413333333334, 304.9981333333333, 266.7357333333333, 200.0, 305.0, 266.75]","[(16, 1.666666666666667e-05, 0.004533333333333334), (17, 0.0003666666666666666, 0.003327777777777777), (6, 0.0, 0.0010277777777777776), (0, 0, 0), (0, 0, 0), (0, 0, 0)]","[(4010, 67.09998333333333, 10.105466666666667), (16088, 51.89963333333334, 6.186672222222222), (32206, 58.2, 11.638972222222222), (4026, 67.1, 10.11), (16105, 51.900000000000006, 6.1899999999999995), (32212, 58.2, 11.639999999999999)]","[0, 0, 0, 0, 0, 0]","[0, 0, 0, 0, 0, 0]"
209,"[32.936212459667416, 10.651690940508516, 6.957979020544968, 0.0, 0.0, 0.0]","[10, 6, 4, 0, 0, 0]","[847.137350831785, 542.1279993865103, 595.4630893085246, 0, 0, 0]","[3181.862649168215, 7559.87200061349, 15515.536910691475, 4029, 8102, 16111]","[4029, 8102, 16111, 4029, 8102, 16111]","[1327, 863, 1121, 0, 0, 0]","[6.6017896779200615, 1.2616255335661621, 1.6542879317035315, 0.0, 0.0, 0.0]","[283.54686666666663, 216.74726666666666, 568.4133333333334, 0, 0, 0]","[0.014, 0.0088, 9.612, 0, 0, 0]","[0.028533333333333327, 0.0013333333333333333, 0.04866666666666668, 0, 0, 0]","[4011.4531333333334, 16963.252733333335, 33791.58666666667, 4295, 17180, 34360]","[371.986, 359.9912, 366.928, 372.0, 360.0, 376.54]","[199.97146666666666, 304.9986666666667, 266.7013333333333, 200.0, 305.0, 266.75]","[(20, 0.0031333333333333335, 0.011150000000000004), (9, 0.00043333333333333337, 0.003116666666666666), (6, 0.0, 0.00601111111111111), (0, 0, 0), (0, 0, 0), (0, 0, 0)]","[(4006, 67.09686666666666, 10.098849999999999), (16096, 51.89956666666667, 6.186883333333332), (32206, 58.2, 11.633988888888888), (4026, 67.1, 10.11), (16105, 51.900000000000006, 6.1899999999999995), (32212, 58.2, 11.639999999999999)]","[0, 0, 0, 0, 0, 0]","[0, 0, 0, 0, 0, 0]"
210,"[39.21568627450981, 8.701555171562578, 8.466265284588168, 0.0, 0.0, 0.0]","[10, 5, 5, 0, 0, 0]","[531.5246096947737, 150.06576417656765, 859.1512983441245, 0, 0, 0]","[3497.475390305226, 7951.934235823433, 15251.848701655876, 4029, 8102, 16111]","[4029, 8102, 16111, 4029, 8102, 16111]","[1580, 705, 1364, 0, 0, 0]","[5.32008381839348, 0.9887555296856811, 1.329405510283275, 0.0, 0.0, 0.0]","[228.49759999999998, 169.8682, 456.7837333333333, 0, 0, 0]","[0.013066666666666666, 0.0088, 3.852666666666667, 0, 0, 0]","[0.0188, 0.0014666666666666667, 0.056799999999999996, 0, 0, 0]","[4066.5024, 17010.1318, 33903.21626666667, 4295, 17180, 34360]","[371.98693333333335, 359.9912, 372.68733333333336, 372.0, 360.0, 376.54]","[199.9812, 304.99853333333334, 266.6932, 200.0, 305.0, 266.75]","[(18, 0.001633333333333333, 0.0026277777777777775), (10, 0.0004833333333333333, 0.0037722222222222224), (11, 0.0, 0.0058), (0, 0, 0), (0, 0, 0), (0, 0, 0)]","[(4008, 67.09836666666666, 10.10737222222222), (16095, 51.89951666666667, 6.186227777777777), (32201, 58.2, 11.634199999999998), (4026, 67.1, 10.11), (16105, 51.900000000000006, 6.1899999999999995), (32212, 58.2, 11.639999999999999)]","[2, 0, 0, 0, 0, 0]","[0, 0, 0, 0, 0, 0]"
211,"[37.602382725241995, 14.564305109849421, 12.178015020793246, 0.0, 0.0, 0.0]","[9, 7, 7, 0, 0, 0]","[654.6047735060912, 769.9575429555589, 1452.5206996568502, 0, 0, 0]","[3374.395226493909, 7332.042457044441, 14658.47930034315, 4029, 8102, 16111]","[4029, 8102, 16111, 4029, 8102, 16111]","[1515, 1180, 1962, 0, 0, 0]","[5.003340650812128, 1.1087815289095848, 2.89723282887078, 0.0, 0.0, 0.0]","[214.8934809523809, 190.48866666666666, 995.4892, 0, 0, 0]","[0.019999999999999997, 0.02533333333333333, 17.291733333333333, 0, 0, 0]","[0.028799999999999996, 0.021866666666666666, 0.14146666666666666, 0, 0, 0]","[4080.1065190476193, 16989.511333333332, 33364.510800000004, 4295, 17180, 34360]","[371.98, 359.9746666666667, 359.24826666666667, 372.0, 360.0, 376.54]","[199.9712, 304.97813333333335, 266.60853333333336, 200.0, 305.0, 266.75]","[(19, 0.002466666666666667, 0.011589682539682537), (15, 0.0, 0.004222222222222222), (17, 0.00031666666666666665, 0.011827777777777777), (0, 0, 0), (0, 0, 0), (0, 0, 0)]","[(4007, 67.09753333333333, 10.098410317460317), (16090, 51.900000000000006, 6.185777777777777), (32195, 58.19968333333333, 11.62817222222222), (4026, 67.1, 10.11), (16105, 51.900000000000006, 6.1899999999999995), (32212, 58.2, 11.639999999999999)]","[2, 0, 0, 0, 0, 0]","[0, 0, 0, 0, 0, 0]"
212,"[50.43435095557211, 19.032337694396446, 16.678046055490036, 0.0, 0.0, 0.0]","[10, 7, 8, 0, 0, 0]","[675.4565555195335, 886.023815553658, 1239.253866389412, 0, 0, 0]","[3353.5434444804664, 7215.976184446342, 14871.746133610588, 4029, 8102, 16111]","[4029, 8102, 16111, 4029, 8102, 16111]","[2032, 1542, 2687, 0, 0, 0]","[6.965755197073007, 0.8666790842064416, 2.7204856422196357, 0.0, 0.0, 0.0]","[299.17918571428567, 148.89546666666666, 934.7588666666668, 0, 0, 0]","[0.015733333333333335, 0.0468, 9.9516, 0, 0, 0]","[0.023066666666666666, 0.029866666666666666, 0.16880000000000003, 0, 0, 0]","[3995.8208142857143, 17031.104533333335, 33425.24113333334, 4295, 17180, 34360]","[371.98426666666666, 359.9532, 366.58840000000004, 372.0, 360.0, 376.54]","[199.97693333333333, 304.9701333333333, 266.5812, 200.0, 305.0, 266.75]","[(21, 0.0014833333333333335, 0.0039123015873015875), (12, 0.0, 0.026842460317460317), (18, 0.0, 0.01175), (0, 0, 0), (0, 0, 0), (0, 0, 0)]","[(4005, 67.09851666666665, 10.106087698412697), (16093, 51.900000000000006, 6.1631575396825395), (32194, 58.2, 11.62825), (4026, 67.1, 10.11), (16105, 51.900000000000006, 6.1899999999999995), (32212, 58.2, 11.639999999999999)]","[4, 2, 2, 0, 0, 0]","[0, 2, 0, 0, 0, 0]"
213,"[44.03077686770911, 26.894593927425326, 15.293898578610888, 0.0, 0.0, 0.0]","[8, 10, 7, 0, 0, 0]","[420.60411407986743, 892.2524204985115, 1217.9201717016067, 0, 0, 0]","[3608.3958859201325, 7209.747579501489, 14893.079828298392, 4029, 8102, 16111]","[4029, 8102, 16111, 4029, 8102, 16111]","[1774, 2179, 2464, 0, 0, 0]","[5.340440822662011, 1.6372301125339543, 2.794998835855646, 0.0, 0.0, 0.0]","[229.37193333333335, 281.27613333333335, 960.3616, 0, 0, 0]","[0.10813333333333335, 0.0496, 14.096800000000002, 0, 0, 0]","[0.20253333333333332, 0.04213333333333333, 0.47186666666666655, 0, 0, 0]","[4065.6280666666667, 16898.723866666667, 33399.6384, 4295, 17180, 34360]","[371.89186666666666, 359.9504, 362.44320000000005, 372.0, 360.0, 376.54]","[199.79746666666668, 304.9578666666667, 266.27813333333336, 200.0, 305.0, 266.75]","[(19, 0.042783333333333326, 0.046733333333333335), (19, 6.666666666666667e-05, 0.05111111111111112), (13, 0.0003333333333333333, 0.011916666666666666), (0, 0, 0), (0, 0, 0), (0, 0, 0)]","[(4007, 67.05721666666666, 10.063266666666665), (16086, 51.89993333333334, 6.138888888888888), (32199, 58.19966666666667, 11.628083333333333), (4026, 67.1, 10.11), (16105, 51.900000000000006, 6.1899999999999995), (32212, 58.2, 11.639999999999999)]","[4, 2, 2, 0, 0, 0]","[0, 2, 0, 0, 0, 0]"
214,"[37.602382725241995, 31.942730190076524, 20.371174973620505, 0.0, 0.0, 0.0]","[7, 11, 9, 0, 0, 0]","[564.1274052842937, 1385.1515860515437, 1057.7578890891248, 0, 0, 0]","[3464.8725947157063, 6716.848413948456, 15053.242110910875, 4029, 8102, 16111]","[4029, 8102, 16111, 4029, 8102, 16111]","[1515, 2588, 3282, 0, 0, 0]","[11.486665114474194, 2.005216918897943, 2.217072759022119, 0.0, 0.0, 0.0]","[493.35226666666665, 344.4962666666666, 761.7862, 0, 0, 0]","[0.6816, 0.08373333333333333, 6.119333333333333, 0, 0, 0]","[0.30173333333333335, 0.03613333333333334, 0.13733333333333334, 0, 0, 0]","[3801.6477333333332, 16835.503733333335, 33598.2138, 4295, 17180, 34360]","[371.3184, 359.9162666666667, 370.4206666666667, 372.0, 360.0, 376.54]","[199.69826666666665, 304.96386666666666, 266.61266666666666, 200.0, 305.0, 266.75]","[(13, 3.3333333333333335e-05, 0.03036111111111111), (21, 0.026216666666666666, 0.03820238095238096), (17, 0.0, 0.008088888888888889), (0, 0, 0), (0, 0, 0), (0, 0, 0)]","[(4013, 67.09996666666666, 10.079638888888889), (16084, 51.873783333333336, 6.151797619047619), (32195, 58.2, 11.63191111111111), (4026, 67.1, 10.11), (16105, 51.900000000000006, 6.1899999999999995), (32212, 58.2, 11.639999999999999)]","[4, 4, 4, 0, 0, 0]","[0, 2, 0, 0, 0, 0]"
215,"[40.38222884090345, 30.325845470254258, 19.384271615666314, 0.0, 0.0, 0.0]","[8, 10, 8, 0, 0, 0]","[435.4036210828672, 718.6300264546817, 1175.8414964712915, 0, 0, 0]","[3593.596378917133, 7383.369973545318, 14935.158503528708, 4029, 8102, 16111]","[4029, 8102, 16111, 4029, 8102, 16111]","[1627, 2457, 3123, 0, 0, 0]","[10.818340706247575, 1.8027857974388828, 3.8494980597594104, 0.0, 0.0, 0.0]","[464.64773333333335, 309.71860000000004, 1322.6875333333335, 0, 0, 0]","[0.7033333333333333, 0.016266666666666665, 12.1424, 0, 0, 0]","[0.3112000000000001, 0.010666666666666668, 12.087066666666672, 0, 0, 0]","[3830.3522666666668, 16870.2814, 33037.31246666667, 4295, 17180, 34360]","[371.2966666666667, 359.9837333333333, 364.3976, 372.0, 360.0, 376.54]","[199.6888, 304.9893333333333, 254.66293333333334, 200.0, 305.0, 266.75]","[(17, 0.0, 0.029377777777777777), (21, 0.0002833333333333333, 0.003666666666666666), (13, 0.0, 0.0018111111111111108), (0, 0, 0), (0, 0, 0), (0, 0, 0)]","[(4009, 67.1, 10.080622222222221), (16084, 51.89971666666667, 6.186333333333333), (32199, 58.2, 11.638188888888887), (4026, 67.1, 10.11), (16105, 51.900000000000006, 6.1899999999999995), (32212, 58.2, 11.639999999999999)]","[4, 4, 4, 0, 0, 0]","[0, 2, 0, 0, 0, 0]"
216,"[21.940928270042196, 17.699333497901755, 15.75941903047607, 0.0, 0.0, 0.0]","[7, 8, 9, 0, 0, 0]","[447.7585334235814, 866.2004509223085, 1530.3217940112627, 0, 0, 0]","[3581.2414665764186, 7235.799549077691, 14580.678205988737, 4029, 8102, 16111]","[4029, 8102, 16111, 4029, 8102, 16111]","[884, 1434, 2539, 0, 0, 0]","[8.784852153667053, 2.168745052386496, 4.8325353123787345, 0.0, 0.0, 0.0]","[377.3094, 372.5904, 1660.459133333333, 0, 0, 0]","[0.6412, 0.05973333333333333, 1.0820000000000003, 0, 0, 0]","[0.30506666666666665, 0.07813333333333333, 0.3474666666666667, 0, 0, 0]","[3917.6906, 16807.4096, 32699.540866666666, 4295, 17180, 34360]","[371.3588, 359.9402666666667, 375.458, 372.0, 360.0, 376.54]","[199.69493333333332, 304.9218666666667, 266.40253333333334, 200.0, 305.0, 266.75]","[(14, 0.0487, 0.04563888888888889), (17, 0.00043333333333333337, 0.0038), (17, 3.333333333333334e-05, 0.0052166666666666655), (0, 0, 0), (0, 0, 0), (0, 0, 0)]","[(4012, 67.0513, 10.064361111111111), (16088, 51.89956666666667, 6.1861999999999995), (32195, 58.19996666666667, 11.634783333333331), (4026, 67.1, 10.11), (16105, 51.900000000000006, 6.1899999999999995), (32212, 58.2, 11.639999999999999)]","[0, 0, 0, 0, 0, 0]","[0, 0, 0, 0, 0, 0]"
217,"[15.661454455199802, 18.810170328313998, 15.492520638073366, 0.0, 0.0, 0.0]","[5, 9, 9, 0, 0, 0]","[185.47273597694794, 965.611461376212, 922.3890640012238, 0, 0, 0]","[3843.527264023052, 7136.388538623788, 15188.610935998777, 4029, 8102, 16111]","[4029, 8102, 16111, 4029, 8102, 16111]","[631, 1524, 2496, 0, 0, 0]","[0.4974047341870392, 2.1906100116414433, 4.970249902987971, 0.0, 0.0, 0.0]","[21.363533333333333, 376.3468, 1707.777866666667, 0, 0, 0]","[0.08226666666666665, 0.007600000000000001, 0.04226666666666667, 0, 0, 0]","[0.08279999999999997, 0.027333333333333338, 0.07533333333333332, 0, 0, 0]","[4273.636466666667, 16803.6532, 32652.222133333333, 4295, 17180, 34360]","[371.91773333333333, 359.9924, 376.4977333333334, 372.0, 360.0, 376.54]","[199.9172, 304.97266666666667, 266.67466666666667, 200.0, 305.0, 266.75]","[(11, 0.0, 0.0001), (19, 0.04011666666666667, 0.016294444444444448), (17, 0.0, 0.006099999999999999), (0, 0, 0), (0, 0, 0), (0, 0, 0)]","[(4015, 67.1, 10.1099), (16086, 51.859883333333336, 6.173705555555555), (32195, 58.2, 11.633899999999999), (4026, 67.1, 10.11), (16105, 51.900000000000006, 6.1899999999999995), (32212, 58.2, 11.639999999999999)]","[0, 0, 0, 0, 0, 0]","[0, 0, 0, 0, 0, 0]"
218,"[9.530900967982129, 22.142680819550726, 11.172490844764447, 0.0, 0.0, 0.0]","[3, 10, 7, 0, 0, 0]","[136.26689462024345, 913.7519554604684, 655.239328942623, 0, 0, 0]","[3892.7331053797566, 7188.248044539531, 15455.760671057376, 4029, 8102, 16111]","[4029, 8102, 16111, 4029, 8102, 16111]","[384, 1794, 1800, 0, 0, 0]","[1.944943733022895, 3.3151761738455554, 4.287805587892899, 0.0, 0.0, 0.0]","[83.53533333333333, 569.5472666666665, 1473.2900000000002, 0, 0, 0]","[0.07146666666666666, 0.059866666666666665, 0.0364, 0, 0, 0]","[0.06933333333333333, 0.05573333333333334, 0.05386666666666666, 0, 0, 0]","[4211.464666666667, 16610.45273333333, 32886.71, 4295, 17180, 34360]","[371.92853333333335, 359.94013333333334, 376.5036, 372.0, 360.0, 376.54]","[199.93066666666667, 304.9442666666667, 266.6961333333333, 200.0, 305.0, 266.75]","[(4, 0.0, 0.00025555555555555553), (21, 0.0004166666666666667, 0.0031999999999999997), (17, 0.0, 0.0049388888888888885), (0, 0, 0), (0, 0, 0), (0, 0, 0)]","[(4022, 67.1, 10.109744444444443), (16084, 51.89958333333334, 6.1868), (32195, 58.2, 11.63506111111111), (4026, 67.1, 10.11), (16105, 51.900000000000006, 6.1899999999999995), (32212, 58.2, 11.639999999999999)]","[0, 0, 0, 0, 0, 0]","[0, 0, 0, 0, 0, 0]"
219,"[11.29312484487466, 20.14317452480869, 9.000062069393582, 0.0, 0.0, 0.0]","[3, 10, 6, 0, 0, 0]","[400.07916278995475, 699.1057858350844, 1315.5192363119916, 0, 0, 0]","[3628.920837210045, 7402.894214164916, 14795.480763688009, 4029, 8102, 16111]","[4029, 8102, 16111, 4029, 8102, 16111]","[455, 1632, 1450, 0, 0, 0]","[2.1076926658905704, 3.5684741948001553, 1.6591201008925107, 0.0, 0.0, 0.0]","[90.52539999999999, 613.0638666666666, 570.0736666666667, 0, 0, 0]","[0.002266666666666667, 0.04573333333333334, 0.028666666666666667, 0, 0, 0]","[0.00026666666666666673, 0.049600000000000005, 0.07173333333333333, 0, 0, 0]","[4204.4746, 16566.936133333333, 33789.92633333334, 4295, 17180, 34360]","[371.9977333333333, 359.9542666666667, 376.51133333333337, 372.0, 360.0, 376.54]","[199.99973333333332, 304.9504, 266.6782666666667, 200.0, 305.0, 266.75]","[(5, 0.0, 0.0019722222222222216), (19, 0.0, 0.008827777777777778), (11, 0.0, 0.005644444444444443), (0, 0, 0), (0, 0, 0), (0, 0, 0)]","[(4021, 67.1, 10.108027777777778), (16086, 51.900000000000006, 6.181172222222222), (32201, 58.2, 11.634355555555555), (4026, 67.1, 10.11), (16105, 51.900000000000006, 6.1899999999999995), (32212, 58.2, 11.639999999999999)]","[0, 0, 0, 0, 0, 0]","[0, 0, 0, 0, 0, 0]"
220,"[17.74633904194589, 12.478400394964206, 15.809074545341693, 0.0, 0.0, 0.0]","[5, 6, 10, 0, 0, 0]","[503.7997656084408, 171.27743010575006, 1352.435613887025, 0, 0, 0]","[3525.200234391559, 7930.72256989425, 14758.564386112976, 4029, 8102, 16111]","[4029, 8102, 16111, 4029, 8102, 16111]","[715, 1011, 2547, 0, 0, 0]","[2.929608071400854, 3.1320853705859526, 4.675883197516492, 0.0, 0.0, 0.0]","[125.82666666666668, 538.0922666666667, 1606.6334666666667, 0, 0, 0]","[0.002266666666666667, 0.034800000000000005, 0.0344, 0, 0, 0]","[0.0032000000000000006, 0.04173333333333334, 0.06746666666666666, 0, 0, 0]","[4169.173333333333, 16641.907733333333, 32753.366533333334, 4295, 17180, 34360]","[371.9977333333333, 359.9652, 376.5056, 372.0, 360.0, 376.54]","[199.9968, 304.95826666666665, 266.6825333333333, 200.0, 305.0, 266.75]","[(8, 0.0, 0.002166666666666667), (10, 0.00046666666666666666, 0.008422222222222222), (19, 0.0, 0.005816666666666667), (0, 0, 0), (0, 0, 0), (0, 0, 0)]","[(4018, 67.1, 10.107833333333332), (16095, 51.89953333333334, 6.181577777777777), (32193, 58.2, 11.634183333333333), (4026, 67.1, 10.11), (16105, 51.900000000000006, 6.1899999999999995), (32212, 58.2, 11.639999999999999)]","[0, 0, 0, 0, 0, 0]","[0, 0, 0, 0, 0, 0]"
221,"[22.238768925291634, 5.35670204887682, 18.29185028862268, 0.0, 0.0, 0.0]","[6, 3, 11, 0, 0, 0]","[427.99944995685416, 100.65742733070701, 1478.4392446865977, 0, 0, 0]","[3601.0005500431457, 8001.342572669293, 14632.560755313403, 4029, 8102, 16111]","[4029, 8102, 16111, 4029, 8102, 16111]","[896, 434, 2947, 0, 0, 0]","[4.917294528521537, 0.6245820721769498, 5.071078967792006, 0.0, 0.0, 0.0]","[211.1978, 107.30319999999998, 1742.4227333333333, 0, 0, 0]","[0.0021333333333333334, 0.024, 1.0752, 0, 0, 0]","[0.0024000000000000007, 0.016399999999999998, 0.3390666666666667, 0, 0, 0]","[4083.8022, 17072.6968, 32617.577266666667, 4295, 17180, 34360]","[371.99786666666665, 359.976, 375.4648, 372.0, 360.0, 376.54]","[199.9976, 304.9836, 266.41093333333333, 200.0, 305.0, 266.75]","[(10, 0.0, 0.0016944444444444444), (4, 0.0, 0.0024999999999999996), (21, 0.0, 0.00754102564102564), (0, 0, 0), (0, 0, 0), (0, 0, 0)]","[(4016, 67.1, 10.108305555555555), (16101, 51.900000000000006, 6.187499999999999), (32191, 58.2, 11.632458974358974), (4026, 67.1, 10.11), (16105, 51.900000000000006, 6.1899999999999995), (32212, 58.2, 11.639999999999999)]","[0, 0, 0, 0, 0, 0]","[0, 0, 0, 0, 0, 0]"
222,"[21.34524695954331, 6.504566773636139, 15.42424430513314, 0.0, 0.0, 0.0]","[7, 3, 9, 0, 0, 0]","[454.9961843621004, 396.7503725995965, 1627.4703686490911, 0, 0, 0]","[3574.0038156378996, 7705.249627400403, 14483.52963135091, 4029, 8102, 16111]","[4029, 8102, 16111, 4029, 8102, 16111]","[860, 527, 2485, 0, 0, 0]","[3.439234769111369, 2.0812778424524643, 4.692031237873497, 0.0, 0.0, 0.0]","[147.7151333333333, 357.56353333333334, 1612.1819333333335, 0, 0, 0]","[0.011733333333333333, 0.018533333333333332, 0.024266666666666662, 0, 0, 0]","[0.004, 0.0108, 0.06466666666666666, 0, 0, 0]","[4147.284866666667, 16822.436466666666, 32747.818066666667, 4295, 17180, 34360]","[371.9882666666667, 359.9814666666667, 376.51573333333334, 372.0, 360.0, 376.54]","[199.996, 304.9892, 266.68533333333335, 200.0, 305.0, 266.75]","[(14, 0.0, 0.002133333333333333), (5, 0.00065, 0.0041111111111111105), (21, 0.0, 0.005988888888888889), (0, 0, 0), (0, 0, 0), (0, 0, 0)]","[(4012, 67.1, 10.107866666666666), (16100, 51.899350000000005, 6.185888888888888), (32191, 58.2, 11.63401111111111), (4026, 67.1, 10.11), (16105, 51.900000000000006, 6.1899999999999995), (32212, 58.2, 11.639999999999999)]","[0, 0, 0, 0, 0, 0]","[0, 0, 0, 0, 0, 0]"
223,"[17.15065773144701, 12.021723031350284, 13.903544162373532, 0.0, 0.0, 0.0]","[6, 5, 8, 0, 0, 0]","[481.1038966798099, 465.2823202485637, 1334.879012556588, 0, 0, 0]","[3547.89610332019, 7636.717679751437, 14776.120987443412, 4029, 8102, 16111]","[4029, 8102, 16111, 4029, 8102, 16111]","[691, 974, 2240, 0, 0, 0]","[2.5847729918509894, 2.5469185098952267, 4.492651144741948, 0.0, 0.0, 0.0]","[111.01599999999999, 437.56059999999997, 1543.6749333333332, 0, 0, 0]","[0.012933333333333333, 0.04053333333333334, 0.02146666666666667, 0, 0, 0]","[0.0036000000000000003, 0.03386666666666666, 0.05133333333333333, 0, 0, 0]","[4183.984, 16742.4394, 32816.325066666664, 4295, 17180, 34360]","[371.9870666666667, 359.9594666666667, 376.5185333333334, 372.0, 360.0, 376.54]","[199.9964, 304.96613333333335, 266.69866666666667, 200.0, 305.0, 266.75]","[(12, 0.0, 0.0011555555555555553), (9, 0.0, 0.004122222222222222), (18, 0.0, 0.004988888888888888), (0, 0, 0), (0, 0, 0), (0, 0, 0)]","[(4014, 67.1, 10.108844444444443), (16096, 51.900000000000006, 6.185877777777777), (32194, 58.2, 11.63501111111111), (4026, 67.1, 10.11), (16105, 51.900000000000006, 6.1899999999999995), (32212, 58.2, 11.639999999999999)]","[0, 0, 0, 0, 0, 0]","[0, 0, 0, 0, 0, 0]"
224,"[13.750310250682551, 15.749197728955814, 13.940785798522748, 0.0, 0.0, 0.0]","[5, 6, 8, 0, 0, 0]","[423.5210476089969, 847.5560213049347, 645.6444382194948, 0, 0, 0]","[3605.478952391003, 7254.443978695065, 15465.355561780505, 4029, 8102, 16111]","[4029, 8102, 16111, 4029, 8102, 16111]","[554, 1276, 2246, 0, 0, 0]","[1.5909414047341874, 1.8279743888242144, 4.826180830422973, 0.0, 0.0, 0.0]","[68.33093333333335, 314.04600000000005, 1658.2757333333334, 0, 0, 0]","[0.012533333333333332, 0.039066666666666666, 0.5981333333333333, 0, 0, 0]","[0.0036000000000000003, 0.031200000000000002, 0.16546666666666668, 0, 0, 0]","[4226.669066666666, 16865.954, 32701.724266666668, 4295, 17180, 34360]","[371.98746666666665, 359.96093333333334, 375.94186666666667, 372.0, 360.0, 376.54]","[199.9964, 304.9688, 266.58453333333335, 200.0, 305.0, 266.75]","[(9, 0.0, 0.0011666666666666668), (11, 0.0013, 0.0022777777777777774), (18, 0.0, 0.006383333333333332), (0, 0, 0), (0, 0, 0), (0, 0, 0)]","[(4017, 67.1, 10.108833333333333), (16094, 51.898700000000005, 6.187722222222222), (32194, 58.2, 11.633616666666665), (4026, 67.1, 10.11), (16105, 51.900000000000006, 6.1899999999999995), (32212, 58.2, 11.639999999999999)]","[0, 0, 0, 0, 0, 0]","[0, 0, 0, 0, 0, 0]"
225,"[15.860014892032762, 15.045667736361393, 6.7097014462168705, 0.0, 0.0, 0.0]","[5, 6, 4, 0, 0, 0]","[250.5327741930625, 526.397763701427, 751.640420303744, 0, 0, 0]","[3778.4672258069377, 7575.602236298573, 15359.359579696256, 4029, 8102, 16111]","[4029, 8102, 16111, 4029, 8102, 16111]","[639, 1219, 1081, 0, 0, 0]","[1.726233604967016, 3.1910853705859528, 1.1403261544431509, 0.0, 0.0, 0.0]","[74.14173333333333, 548.2284666666667, 391.81606666666664, 0, 0, 0]","[0.0112, 0.6137333333333332, 0.5902666666666666, 0, 0, 0]","[0.002, 0.13226666666666667, 0.10413333333333334, 0, 0, 0]","[4220.858266666667, 16631.771533333333, 33968.183933333334, 4295, 17180, 34360]","[371.9888, 359.38626666666664, 375.94973333333337, 372.0, 360.0, 376.54]","[199.998, 304.8677333333333, 266.6458666666667, 200.0, 305.0, 266.75]","[(8, 0.0, 0.0014555555555555554), (11, 1.666666666666667e-05, 0.003344444444444444), (10, 0.003533333333333333, 0.0029777777777777784), (0, 0, 0), (0, 0, 0), (0, 0, 0)]","[(4018, 67.1, 10.108544444444444), (16094, 51.89998333333334, 6.186655555555555), (32202, 58.19646666666667, 11.637022222222221), (4026, 67.1, 10.11), (16105, 51.900000000000006, 6.1899999999999995), (32212, 58.2, 11.639999999999999)]","[0, 0, 0, 0, 0, 0]","[0, 0, 0, 0, 0, 0]"
226,"[19.756763464879622, 13.255986176252776, 10.918006331078145, 0.0, 0.0, 0.0]","[5, 6, 7, 0, 0, 0]","[470.5668959171553, 469.7374977227221, 545.0624089338847, 0, 0, 0]","[3558.4331040828447, 7632.262502277278, 15565.937591066115, 4029, 8102, 16111]","[4029, 8102, 16111, 4029, 8102, 16111]","[796, 1074, 1759, 0, 0, 0]","[8.808273185875047, 2.262083042297245, 3.512537640667443, 0.0, 0.0, 0.0]","[378.3153333333333, 388.62586666666664, 1206.9079333333334, 0, 0, 0]","[0.004933333333333333, 0.6017333333333333, 1.5953333333333335, 0, 0, 0]","[0.006, 0.10733333333333334, 0.4272, 0, 0, 0]","[3916.6846666666665, 16791.374133333335, 33153.092066666664, 4295, 17180, 34360]","[371.9950666666667, 359.39826666666664, 374.9446666666667, 372.0, 360.0, 376.54]","[199.994, 304.8926666666667, 266.3228, 200.0, 305.0, 266.75]","[(11, 0.0037166666666666667, 0.004288888888888888), (12, 0.00065, 0.0035444444444444442), (16, 0.0, 0.007905555555555555), (0, 0, 0), (0, 0, 0), (0, 0, 0)]","[(4015, 67.09628333333333, 10.10571111111111), (16093, 51.899350000000005, 6.186455555555555), (32196, 58.2, 11.632094444444443), (4026, 67.1, 10.11), (16105, 51.900000000000006, 6.1899999999999995), (32212, 58.2, 11.639999999999999)]","[0, 0, 0, 0, 0, 0]","[0, 0, 0, 0, 0, 0]"
227,"[31.248448746587243, 8.13379412490743, 6.908323505679349, 0.0, 0.0, 0.0]","[9, 4, 5, 0, 0, 0]","[785.1550532654229, 374.32198799502225, 685.8047244653798, 0, 0, 0]","[3243.844946734577, 7727.678012004978, 15425.195275534621, 4029, 8102, 16111]","[4029, 8102, 16111, 4029, 8102, 16111]","[1259, 659, 1113, 0, 0, 0]","[10.94036631742336, 1.8028055878928984, 2.9614472254559563, 0.0, 0.0, 0.0]","[469.8887333333333, 309.7219999999999, 1017.5532666666666, 0, 0, 0]","[0.0208, 0.5474666666666667, 0.031599999999999996, 0, 0, 0]","[0.01813333333333333, 0.10733333333333334, 0.11533333333333332, 0, 0, 0]","[3825.111266666667, 16870.278, 33342.44673333333, 4295, 17180, 34360]","[371.9792, 359.45253333333335, 376.5084, 372.0, 360.0, 376.54]","[199.98186666666666, 304.8926666666667, 266.63466666666665, 200.0, 305.0, 266.75]","[(16, 0.009366666666666666, 0.008144444444444444), (9, 0.0, 0.003133333333333333), (10, 0.0, 0.004972222222222222), (0, 0, 0), (0, 0, 0), (0, 0, 0)]","[(4010, 67.09063333333333, 10.101855555555556), (16096, 51.900000000000006, 6.186866666666666), (32202, 58.2, 11.635027777777777), (4026, 67.1, 10.11), (16105, 51.900000000000006, 6.1899999999999995), (32212, 58.2, 11.639999999999999)]","[0, 0, 0, 0, 0, 0]","[0, 0, 0, 0, 0, 0]"
228,"[28.22040208488459, 8.664527277215504, 6.7593569610824895, 0.0, 0.0, 0.0]","[8, 5, 5, 0, 0, 0]","[587.7931577963853, 522.4452253566875, 477.1534882411431, 0, 0, 0]","[3441.2068422036145, 7579.554774643312, 15633.846511758857, 4029, 8102, 16111]","[4029, 8102, 16111, 4029, 8102, 16111]","[1137, 702, 1089, 0, 0, 0]","[16.15578424524641, 0.678998835855646, 2.7821561893674813, 0.0, 0.0, 0.0]","[693.8909333333334, 116.65199999999999, 955.9488666666666, 0, 0, 0]","[0.005866666666666666, 0.012666666666666665, 0.03386666666666667, 0, 0, 0]","[0.023066666666666666, 0.012133333333333333, 0.0864, 0, 0, 0]","[3601.109066666667, 17063.348, 33404.051133333334, 4295, 17180, 34360]","[371.9941333333333, 359.9873333333333, 376.50613333333337, 372.0, 360.0, 376.54]","[199.97693333333333, 304.98786666666666, 266.6636, 200.0, 305.0, 266.75]","[(14, 0.06178333333333332, 0.03876111111111111), (12, 8.333333333333333e-05, 0.0027666666666666673), (12, 0.03996666666666667, 0.01933888888888889), (0, 0, 0), (0, 0, 0), (0, 0, 0)]","[(4012, 67.03821666666666, 10.071238888888889), (16093, 51.89991666666667, 6.1872333333333325), (32200, 58.16003333333334, 11.62066111111111), (4026, 67.1, 10.11), (16105, 51.900000000000006, 6.1899999999999995), (32212, 58.2, 11.639999999999999)]","[0, 0, 0, 0, 0, 0]","[0, 0, 0, 0, 0, 0]"
229,"[24.869694713328368, 11.56504566773636, 5.822109117993917, 0.0, 0.0, 0.0]","[8, 6, 4, 0, 0, 0]","[543.5357767707272, 636.578076764925, 625.4326371660135, 0, 0, 0]","[3485.4642232292726, 7465.421923235075, 15485.567362833986, 4029, 8102, 16111]","[4029, 8102, 16111, 4029, 8102, 16111]","[1002, 937, 938, 0, 0, 0]","[16.432482731858748, 6.959974776872331, 4.2764922390376405, 0.0, 0.0, 0.0]","[705.7751333333332, 1195.7236666666665, 1469.4027333333333, 0, 0, 0]","[0.006666666666666666, 0.2302666666666667, 0.18573333333333333, 0, 0, 0]","[0.010400000000000001, 1.5211999999999999, 0.021066666666666664, 0, 0, 0]","[3589.224866666667, 15984.276333333333, 32890.597266666664, 4295, 17180, 34360]","[371.99333333333334, 359.7697333333333, 376.35426666666666, 372.0, 360.0, 376.54]","[199.9896, 303.4788, 266.7289333333333, 200.0, 305.0, 266.75]","[(16, 0.02958333333333333, 0.030472222222222213), (14, 0.00018333333333333334, 0.02796666666666667), (10, 0.0045833333333333325, 0.001), (0, 0, 0), (0, 0, 0), (0, 0, 0)]","[(4010, 67.07041666666666, 10.079527777777777), (16091, 51.89981666666667, 6.162033333333333), (32202, 58.19541666666667, 11.639), (4026, 67.1, 10.11), (16105, 51.900000000000006, 6.1899999999999995), (32212, 58.2, 11.639999999999999)]","[0, 0, 0, 0, 0, 0]","[0, 0, 0, 0, 0, 0]"
230,"[19.26036237279722, 16.41569982720316, 7.7897088945441, 0.0, 0.0, 0.0]","[6, 8, 5, 0, 0, 0]","[595.3913497460826, 766.6867995008141, 684.0549379254198, 0, 0, 0]","[3433.6086502539174, 7335.313200499186, 15426.945062074581, 4029, 8102, 16111]","[4029, 8102, 16111, 4029, 8102, 16111]","[776, 1330, 1255, 0, 0, 0]","[9.928248350795494, 6.090989910748934, 4.17679957314707, 0.0, 0.0, 0.0]","[426.4182666666665, 1046.4320666666667, 1435.1483333333333, 0, 0, 0]","[0.00026666666666666673, 0.18586666666666668, 0.005999999999999999, 0, 0, 0]","[0.005333333333333334, 0.794133333333333, 0.025866666666666663, 0, 0, 0]","[3868.5817333333334, 16133.567933333334, 32924.85166666667, 4295, 17180, 34360]","[371.9997333333333, 359.81413333333336, 376.53400000000005, 372.0, 360.0, 376.54]","[199.99466666666666, 304.2058666666667, 266.7241333333333, 200.0, 305.0, 266.75]","[(12, 0.030833333333333334, 0.04155555555555556), (17, 1.666666666666667e-05, 0.02759102564102564), (13, 0.0, 0.001738888888888889), (0, 0, 0), (0, 0, 0), (0, 0, 0)]","[(4014, 67.06916666666666, 10.068444444444443), (16088, 51.89998333333334, 6.162408974358974), (32199, 58.2, 11.63826111111111), (4026, 67.1, 10.11), (16105, 51.900000000000006, 6.1899999999999995), (32212, 58.2, 11.639999999999999)]","[0, 0, 0, 0, 0, 0]","[0, 0, 0, 0, 0, 0]"
231,"[19.806403574087863, 13.638607751172549, 7.423499472410154, 0.0, 0.0, 0.0]","[6, 7, 5, 0, 0, 0]","[449.79014311467074, 778.3154437654143, 715.3999557389399, 0, 0, 0]","[3579.2098568853294, 7323.684556234586, 15395.60004426106, 4029, 8102, 16111]","[4029, 8102, 16111, 4029, 8102, 16111]","[798, 1105, 1196, 0, 0, 0]","[4.898984866123398, 4.968715948777647, 4.509948971672488, 0.0, 0.0, 0.0]","[210.4114, 853.6253999999998, 1549.6184666666668, 0, 0, 0]","[0.0031999999999999997, 0.18653333333333333, 0.5814666666666666, 0, 0, 0]","[0.01, 0.6280000000000001, 0.1092, 0, 0, 0]","[4084.5886, 16326.374600000001, 32810.38153333333, 4295, 17180, 34360]","[371.9968, 359.81346666666667, 375.9585333333334, 372.0, 360.0, 376.54]","[199.99, 304.372, 266.6408, 200.0, 305.0, 266.75]","[(11, 0.019533333333333337, 0.002427777777777778), (14, 1.666666666666667e-05, 0.015955555555555556), (11, 0.0, 0.001938888888888889), (0, 0, 0), (0, 0, 0), (0, 0, 0)]","[(4015, 67.08046666666667, 10.107572222222222), (16091, 51.89998333333334, 6.174044444444444), (32201, 58.2, 11.63806111111111), (4026, 67.1, 10.11), (16105, 51.900000000000006, 6.1899999999999995), (32212, 58.2, 11.639999999999999)]","[0, 0, 0, 0, 0, 0]","[0, 0, 0, 0, 0, 0]"
232,"[22.462149416728717, 18.39052085904715, 6.312457327291912, 0.0, 0.0, 0.0]","[7, 9, 4, 0, 0, 0]","[530.7325286002231, 474.1892906477258, 225.3546067248443, 0, 0, 0]","[3498.2674713997767, 7627.810709352274, 15885.645393275156, 4029, 8102, 16111]","[4029, 8102, 16111, 4029, 8102, 16111]","[905, 1490, 1017, 0, 0, 0]","[4.177733798991076, 5.150036864571207, 3.896805781916958, 0.0, 0.0, 0.0]","[179.43366666666668, 884.7763333333332, 1338.9424666666669, 0, 0, 0]","[0.0, 0.16773333333333332, 0.5987999999999999, 0, 0, 0]","[0.012933333333333331, 0.6726666666666666, 0.11400000000000002, 0, 0, 0]","[4115.566333333333, 16295.223666666667, 33021.05753333333, 4295, 17180, 34360]","[372.0, 359.83226666666667, 375.94120000000004, 372.0, 360.0, 376.54]","[199.98706666666666, 304.32733333333334, 266.636, 200.0, 305.0, 266.75]","[(13, 0.0006000000000000001, 0.0026), (18, 0.043783333333333334, 0.03515), (8, 0.0, 0.0011), (0, 0, 0), (0, 0, 0), (0, 0, 0)]","[(4013, 67.09939999999999, 10.1074), (16087, 51.856216666666676, 6.15485), (32204, 58.2, 11.6389), (4026, 67.1, 10.11), (16105, 51.900000000000006, 6.1899999999999995), (32212, 58.2, 11.639999999999999)]","[0, 0, 0, 0, 0, 0]","[0, 0, 0, 0, 0, 0]"
233,"[24.67113427649541, 10.293754628486793, 12.277326050524486, 0.0, 0.0, 0.0]","[8, 4, 7, 0, 0, 0]","[542.7064527320964, 578.5609337596343, 1116.9867600275081, 0, 0, 0]","[3486.2935472679037, 7523.439066240366, 14994.013239972492, 4029, 8102, 16111]","[4029, 8102, 16111, 4029, 8102, 16111]","[994, 834, 1978, 0, 0, 0]","[2.267358944509119, 0.6131346526969345, 3.7947000388048124, 0.0, 0.0, 0.0]","[97.38306666666666, 105.33653333333334, 1303.8589333333334, 0, 0, 0]","[0.0005333333333333334, 0.009466666666666667, 0.21773333333333333, 0, 0, 0]","[0.008533333333333332, 0.00026666666666666673, 0.0232, 0, 0, 0]","[4197.616933333334, 17074.663466666665, 33056.14106666666, 4295, 17180, 34360]","[371.99946666666665, 359.99053333333336, 376.3222666666667, 372.0, 360.0, 376.54]","[199.99146666666667, 304.9997333333333, 266.7268, 200.0, 305.0, 266.75]","[(15, 0.00024999999999999995, 0.00255), (9, 0.0, 0.0011277777777777777), (13, 0.0, 0.08561111111111111), (0, 0, 0), (0, 0, 0), (0, 0, 0)]","[(4011, 67.09975, 10.10745), (16096, 51.900000000000006, 6.188872222222222), (32199, 58.2, 11.554388888888887), (4026, 67.1, 10.11), (16105, 51.900000000000006, 6.1899999999999995), (32212, 58.2, 11.639999999999999)]","[0, 0, 0, 0, 0, 0]","[0, 0, 0, 0, 0, 0]"
234,"[23.976172747580044, 16.181189829671684, 15.666314940103035, 0.0, 0.0, 0.0]","[7, 5, 7, 0, 0, 0]","[231.51032830838398, 761.922552827029, 1679.9496661905073, 0, 0, 0]","[3797.489671691616, 7340.077447172971, 14431.050333809493, 4029, 8102, 16111]","[4029, 8102, 16111, 4029, 8102, 16111]","[966, 1311, 2524, 0, 0, 0]","[2.793269693441987, 1.018503298409003, 1.3840849825378343, 0.0, 0.0, 0.0]","[119.97093333333333, 174.9788666666667, 475.5715999999999, 0, 0, 0]","[0.0004000000000000001, 0.0096, 0.22493333333333337, 0, 0, 0]","[0.006133333333333333, 0.00013333333333333337, 0.03266666666666667, 0, 0, 0]","[4175.029066666667, 17005.02113333333, 33884.4284, 4295, 17180, 34360]","[371.9996, 359.9904, 376.31506666666667, 372.0, 360.0, 376.54]","[199.99386666666666, 304.99986666666666, 266.71733333333333, 200.0, 305.0, 266.75]","[(14, 0.00036666666666666667, 0.007355555555555555), (8, 0.0, 0.0014333333333333331), (12, 0.0, 0.08052777777777778), (0, 0, 0), (0, 0, 0), (0, 0, 0)]","[(4012, 67.09963333333333, 10.102644444444444), (16097, 51.900000000000006, 6.1885666666666665), (32200, 58.2, 11.55947222222222), (4026, 67.1, 10.11), (16105, 51.900000000000006, 6.1899999999999995), (32212, 58.2, 11.639999999999999)]","[0, 2, 2, 0, 0, 0]","[0, 0, 0, 0, 0, 0]"
235,"[9.034499875899726, 24.72229079239694, 15.666314940103035, 0.0, 0.0, 0.0]","[3, 10, 7, 0, 0, 0]","[200.8530280359713, 1018.3076154802134, 674.4945761505658, 0, 0, 0]","[3828.1469719640286, 7083.692384519787, 15436.505423849434, 4029, 8102, 16111]","[4029, 8102, 16111, 4029, 8102, 16111]","[364, 2003, 2524, 0, 0, 0]","[2.180945285215367, 2.0990050446255335, 1.044578773767947, 0.0, 0.0, 0.0]","[93.6716, 360.60906666666665, 358.91726666666665, 0, 0, 0]","[0.0005333333333333334, 0.6072, 0.22346666666666665, 0, 0, 0]","[0.0002666666666666667, 0.49306666666666654, 0.0324, 0, 0, 0]","[4201.3284, 16819.390933333332, 34001.08273333334, 4295, 17180, 34360]","[371.99946666666665, 359.3928, 376.3165333333334, 372.0, 360.0, 376.54]","[199.99973333333332, 304.50693333333334, 266.7176, 200.0, 305.0, 266.75]","[(7, 3.3333333333333335e-05, 0.00105), (16, 0.012283333333333332, 0.06806111111111111), (12, 0.0, 0.0753), (0, 0, 0), (0, 0, 0), (0, 0, 0)]","[(4019, 67.09996666666666, 10.10895), (16089, 51.88771666666667, 6.121938888888889), (32200, 58.2, 11.564699999999998), (4026, 67.1, 10.11), (16105, 51.900000000000006, 6.1899999999999995), (32212, 58.2, 11.639999999999999)]","[0, 2, 2, 0, 0, 0]","[0, 0, 0, 0, 0, 0]"
236,"[14.445271779597915, 21.16761293507776, 12.128359505927627, 0.0, 0.0, 0.0]","[3, 9, 5, 0, 0, 0]","[137.8907945529356, 979.3422014423849, 334.50719504987, 0, 0, 0]","[3891.1092054470646, 7122.657798557615, 15776.49280495013, 4029, 8102, 16111]","[4029, 8102, 16111, 4029, 8102, 16111]","[582, 1715, 1954, 0, 0, 0]","[1.695722157547536, 2.1278121847109035, 1.1416001164144354, 0.0, 0.0, 0.0]","[72.83126666666666, 365.5581333333332, 392.25379999999996, 0, 0, 0]","[0.0, 0.4278666666666667, 0.2064, 0, 0, 0]","[0.0, 0.36306666666666665, 0.0336, 0, 0, 0]","[4222.168733333333, 16814.441866666668, 33967.7462, 4295, 17180, 34360]","[372.0, 359.57213333333334, 376.33360000000005, 372.0, 360.0, 376.54]","[200.0, 304.63693333333333, 266.7164, 200.0, 305.0, 266.75]","[(5, 0.0, 6.666666666666668e-05), (14, 0.0008333333333333334, 0.06169444444444446), (9, 1.666666666666667e-05, 0.08380555555555555), (0, 0, 0), (0, 0, 0), (0, 0, 0)]","[(4021, 67.1, 10.109933333333332), (16091, 51.89916666666667, 6.1283055555555555), (32203, 58.199983333333336, 11.556194444444444), (4026, 67.1, 10.11), (16105, 51.900000000000006, 6.1899999999999995), (32212, 58.2, 11.639999999999999)]","[2, 2, 2, 0, 0, 0]","[2, 0, 2, 0, 0, 0]"
237,"[14.221891288160835, 20.402369785238214, 8.031779529513997, 0.0, 0.0, 0.0]","[3, 9, 3, 0, 0, 0]","[268.51592590612415, 905.0351538799141, 350.134338828679, 0, 0, 0]","[3760.4840740938757, 7196.964846120086, 15760.865661171321, 4029, 8102, 16111]","[4029, 8102, 16111, 4029, 8102, 16111]","[573, 1653, 1294, 0, 0, 0]","[2.677345750873108, 1.840742724097788, 0.7018967792006208, 0.0, 0.0, 0.0]","[114.99199999999999, 316.2396, 241.17173333333332, 0, 0, 0]","[0.0, 0.4449333333333333, 0.17853333333333335, 0, 0, 0]","[0.0, 0.39906666666666657, 0.0088, 0, 0, 0]","[4180.008, 16863.7604, 34118.828266666664, 4295, 17180, 34360]","[372.0, 359.5550666666667, 376.3614666666667, 372.0, 360.0, 376.54]","[200.0, 304.60093333333333, 266.7412, 200.0, 305.0, 266.75]","[(3, 0.0487, 0.017566666666666668), (12, 0.00034999999999999994, 0.08385000000000001), (7, 3.3333333333333335e-05, 0.08088333333333333), (0, 0, 0), (0, 0, 0), (0, 0, 0)]","[(4023, 67.0513, 10.092433333333332), (16093, 51.89965000000001, 6.1061499999999995), (32205, 58.19996666666667, 11.559116666666666), (4026, 67.1, 10.11), (16105, 51.900000000000006, 6.1899999999999995), (32212, 58.2, 11.639999999999999)]","[2, 2, 2, 0, 0, 0]","[2, 0, 2, 0, 0, 0]"
238,"[22.660709853561677, 22.463589237225374, 12.910433865061139, 0.0, 0.0, 0.0]","[4, 7, 4, 0, 0, 0]","[255.7996831218238, 506.68075938404286, 846.3168876747004, 0, 0, 0]","[3773.200316878176, 7595.319240615957, 15264.6831123253, 4029, 8102, 16111]","[4029, 8102, 16111, 4029, 8102, 16111]","[913, 1820, 2080, 0, 0, 0]","[3.7363026775320143, 1.4661691889794337, 0.6901957702755143, 0.0, 0.0, 0.0]","[160.4742, 251.8878666666667, 237.1512666666667, 0, 0, 0]","[0.0, 0.4136, 0.16853333333333334, 0, 0, 0]","[0.0, 0.3564, 0.008533333333333332, 0, 0, 0]","[4134.5258, 16928.112133333332, 34122.84873333333, 4295, 17180, 34360]","[372.0, 359.5864, 376.37146666666666, 372.0, 360.0, 376.54]","[200.0, 304.6436, 266.74146666666667, 200.0, 305.0, 266.75]","[(4, 0.0, 0.0004666666666666667), (8, 0.00031666666666666665, 0.0537111111111111), (9, 0.0, 0.07705000000000001), (0, 0, 0), (0, 0, 0), (0, 0, 0)]","[(4022, 67.1, 10.109533333333333), (16097, 51.899683333333336, 6.136288888888888), (32203, 58.2, 11.562949999999999), (4026, 67.1, 10.11), (16105, 51.900000000000006, 6.1899999999999995), (32212, 58.2, 11.639999999999999)]","[4, 4, 4, 0, 0, 0]","[2, 2, 2, 0, 0, 0]"
239,"[26.309257880367337, 18.254751913107874, 17.907020048414125, 0.0, 0.0, 0.0]","[5, 5, 7, 0, 0, 0]","[348.1202048639303, 57.3693958799516, 940.8214101790738, 0, 0, 0]","[3680.87979513607, 8044.630604120049, 15170.178589820925, 4029, 8102, 16111]","[4029, 8102, 16111, 4029, 8102, 16111]","[1060, 1479, 2885, 0, 0, 0]","[1.6997625145518045, 1.5132421420256112, 0.899233993015134, 0.0, 0.0, 0.0]","[73.0048, 259.975, 308.9768, 0, 0, 0]","[0.0018666666666666664, 0.4524, 0.16893333333333332, 0, 0, 0]","[0.0037333333333333333, 0.3926666666666666, 0.008666666666666666, 0, 0, 0]","[4221.9952, 16920.025, 34051.0232, 4295, 17180, 34360]","[371.9981333333333, 359.5476, 376.3710666666667, 372.0, 360.0, 376.54]","[199.99626666666666, 304.6073333333333, 266.74133333333333, 200.0, 305.0, 266.75]","[(7, 0.0, 0.0004722222222222222), (8, 0.0, 0.058333333333333334), (14, 0.0, 0.07295555555555555), (0, 0, 0), (0, 0, 0), (0, 0, 0)]","[(4019, 67.1, 10.109527777777776), (16097, 51.900000000000006, 6.131666666666666), (32198, 58.2, 11.567044444444443), (4026, 67.1, 10.11), (16105, 51.900000000000006, 6.1899999999999995), (32212, 58.2, 11.639999999999999)]","[4, 4, 4, 0, 0, 0]","[2, 2, 2, 0, 0, 0]"
240,"[21.44452717795979, 4.900024685262898, 14.220098069641859, 0.0, 0.0, 0.0]","[8, 2, 9, 0, 0, 0]","[602.3986208691724, 156.34178272501163, 1206.7777431549084, 0, 0, 0]","[3426.601379130828, 7945.658217274989, 14904.222256845092, 4029, 8102, 16111]","[4029, 8102, 16111, 4029, 8102, 16111]","[864, 397, 2291, 0, 0, 0]","[3.980384943733023, 0.41961039968956154, 0.8641377570818783, 0.0, 0.0, 0.0]","[170.95753333333334, 72.08906666666667, 296.9177333333334, 0, 0, 0]","[0.002, 0.009333333333333334, 0.0030666666666666663, 0, 0, 0]","[0.009733333333333333, 0.0, 0.021466666666666665, 0, 0, 0]","[4124.042466666667, 17107.910933333333, 34063.082266666665, 4295, 17180, 34360]","[371.998, 359.99066666666664, 376.53693333333337, 372.0, 360.0, 376.54]","[199.99026666666666, 305.0, 266.72853333333336, 200.0, 305.0, 266.75]","[(14, 0.00013333333333333334, 0.0022055555555555552), (5, 0.0, 0.0010277777777777776), (16, 0.00039999999999999996, 0.008655555555555555), (0, 0, 0), (0, 0, 0), (0, 0, 0)]","[(4012, 67.09986666666666, 10.107794444444444), (16100, 51.900000000000006, 6.188972222222222), (32196, 58.199600000000004, 11.631344444444442), (4026, 67.1, 10.11), (16105, 51.900000000000006, 6.1899999999999995), (32212, 58.2, 11.639999999999999)]","[0, 0, 0, 0, 0, 0]","[0, 0, 0, 0, 0, 0]"
241,"[23.703152146934723, 4.640829424833375, 12.513189746136181, 0.0, 0.0, 0.0]","[9, 2, 8, 0, 0, 0]","[590.5134744449914, 49.129423339688834, 1230.8542400828196, 0, 0, 0]","[3438.4865255550085, 8052.870576660312, 14880.14575991718, 4029, 8102, 16111]","[4029, 8102, 16111, 4029, 8102, 16111]","[955, 376, 2016, 0, 0, 0]","[4.107537446643383, 0.09714047341870391, 1.166514745828483, 0.0, 0.0, 0.0]","[176.4187333333333, 16.68873333333333, 400.8144666666667, 0, 0, 0]","[0.10680000000000002, 0.0, 0.0018666666666666666, 0, 0, 0]","[0.2089333333333333, 0.00013333333333333337, 0.007866666666666668, 0, 0, 0]","[4118.581266666667, 17163.311266666668, 33959.18553333334, 4295, 17180, 34360]","[371.8932, 360.0, 376.53813333333335, 372.0, 360.0, 376.54]","[199.79106666666667, 304.99986666666666, 266.74213333333336, 200.0, 305.0, 266.75]","[(18, 0.004933333333333331, 0.03322222222222222), (4, 0.0, 0.00016666666666666666), (15, 0.00043333333333333337, 0.006355555555555555), (0, 0, 0), (0, 0, 0), (0, 0, 0)]","[(4008, 67.09506666666667, 10.076777777777778), (16101, 51.900000000000006, 6.189833333333333), (32197, 58.19956666666667, 11.633644444444442), (4026, 67.1, 10.11), (16105, 51.900000000000006, 6.1899999999999995), (32212, 58.2, 11.639999999999999)]","[0, 0, 0, 0, 0, 0]","[0, 0, 0, 0, 0, 0]"
242,"[31.099528418962525, 4.727227844976549, 10.862143876854322, 0.0, 0.0, 0.0]","[10, 3, 7, 0, 0, 0]","[602.8051877571734, 210.4876045755395, 863.7819380370111, 0, 0, 0]","[3426.1948122428266, 7891.512395424461, 15247.218061962989, 4029, 8102, 16111]","[4029, 8102, 16111, 4029, 8102, 16111]","[1253, 383, 1750, 0, 0, 0]","[4.34454792394257, 0.8504078385719829, 1.051312378734963, 0.0, 0.0, 0.0]","[186.59833333333336, 146.10006666666666, 361.23093333333327, 0, 0, 0]","[0.18333333333333335, 0.0009333333333333334, 0.0012000000000000001, 0, 0, 0]","[0.2821333333333333, 0.0009333333333333334, 0.0028000000000000004, 0, 0, 0]","[4108.401666666667, 17033.899933333334, 33998.76906666667, 4295, 17180, 34360]","[371.81666666666666, 359.9990666666667, 376.53880000000004, 372.0, 360.0, 376.54]","[199.71786666666668, 304.9990666666667, 266.7472, 200.0, 305.0, 266.75]","[(18, 3.3333333333333335e-05, 0.05307222222222222), (5, 0.0, 0.00545), (11, 0.0, 0.007083333333333333), (0, 0, 0), (0, 0, 0), (0, 0, 0)]","[(4008, 67.09996666666666, 10.056927777777776), (16100, 51.900000000000006, 6.18455), (32201, 58.2, 11.632916666666665), (4026, 67.1, 10.11), (16105, 51.900000000000006, 6.1899999999999995), (32212, 58.2, 11.639999999999999)]","[0, 0, 0, 0, 0, 0]","[0, 0, 0, 0, 0, 0]"
243,"[29.163564159841155, 13.762034065662798, 6.101421389113028, 0.0, 0.0, 0.0]","[9, 7, 4, 0, 0, 0]","[809.1948563175472, 747.9901229334755, 253.61275736291583, 0, 0, 0]","[3219.8051436824526, 7354.0098770665245, 15857.387242637084, 4029, 8102, 16111]","[4029, 8102, 16111, 4029, 8102, 16111]","[1175, 1115, 983, 0, 0, 0]","[4.259090415211485, 2.4314485836243698, 0.48827337989910746, 0.0, 0.0, 0.0]","[182.9279333333333, 417.72286666666673, 167.77073333333334, 0, 0, 0]","[0.17973333333333333, 0.003333333333333333, 0.0010666666666666667, 0, 0, 0]","[0.2856000000000001, 0.01453333333333333, 0.005866666666666667, 0, 0, 0]","[4112.072066666667, 16762.277133333333, 34192.22926666667, 4295, 17180, 34360]","[371.82026666666667, 359.99666666666667, 376.5389333333334, 372.0, 360.0, 376.54]","[199.7144, 304.98546666666664, 266.7441333333333, 200.0, 305.0, 266.75]","[(17, 0.00035, 0.029577777777777776), (12, 0.0, 0.00715), (6, 0.0004166666666666667, 0.0027444444444444443), (0, 0, 0), (0, 0, 0), (0, 0, 0)]","[(4009, 67.09965, 10.080422222222222), (16093, 51.900000000000006, 6.182849999999999), (32206, 58.19958333333334, 11.637255555555555), (4026, 67.1, 10.11), (16105, 51.900000000000006, 6.1899999999999995), (32212, 58.2, 11.639999999999999)]","[0, 0, 0, 0, 0, 0]","[0, 0, 0, 0, 0, 0]"
244,"[28.12112186646811, 13.922488274500122, 3.258643163056297, 0.0, 0.0, 0.0]","[9, 7, 2, 0, 0, 0]","[548.0130749589746, 720.9543214522004, 472.9257715853487, 0, 0, 0]","[3480.9869250410256, 7381.0456785478, 15638.07422841465, 4029, 8102, 16111]","[4029, 8102, 16111, 4029, 8102, 16111]","[1133, 1128, 525, 0, 0, 0]","[4.65582615444315, 1.9108769887466042, 1.475511059371362, 0.0, 0.0, 0.0]","[199.9677333333333, 328.28866666666664, 506.98560000000003, 0, 0, 0]","[0.10826666666666666, 0.003333333333333333, 0.0033333333333333335, 0, 0, 0]","[0.20599999999999996, 0.0144, 0.0022666666666666664, 0, 0, 0]","[4095.0322666666666, 16851.711333333333, 33853.0144, 4295, 17180, 34360]","[371.8917333333333, 359.99666666666667, 376.5366666666667, 372.0, 360.0, 376.54]","[199.794, 304.9856, 266.7477333333333, 200.0, 305.0, 266.75]","[(18, 8.333333333333334e-05, 0.029066666666666664), (12, 0.0, 0.003761111111111111), (3, 0.0, 0.0019388888888888889), (0, 0, 0), (0, 0, 0), (0, 0, 0)]","[(4008, 67.09991666666666, 10.080933333333332), (16093, 51.900000000000006, 6.186238888888888), (32209, 58.2, 11.63806111111111), (4026, 67.1, 10.11), (16105, 51.900000000000006, 6.1899999999999995), (32212, 58.2, 11.639999999999999)]","[0, 0, 0, 0, 0, 0]","[0, 0, 0, 0, 0, 0]"
245,"[24.075452965996526, 14.66304616144162, 6.641425113276643, 0.0, 0.0, 0.0]","[8, 8, 4, 0, 0, 0]","[606.0244974622818, 227.55979723181161, 827.9671869860836, 0, 0, 0]","[3422.975502537718, 7874.440202768188, 15283.032813013917, 4029, 8102, 16111]","[4029, 8102, 16111, 4029, 8102, 16111]","[970, 1188, 1070, 0, 0, 0]","[3.2917268141249525, 2.8792941404734185, 1.739228560341482, 0.0, 0.0, 0.0]","[141.3796666666667, 494.66273333333334, 597.5989333333333, 0, 0, 0]","[0.0041333333333333335, 0.012533333333333332, 0.08346666666666668, 0, 0, 0]","[0.008, 0.014666666666666666, 0.08413333333333334, 0, 0, 0]","[4153.620333333333, 16685.337266666666, 33762.401066666665, 4295, 17180, 34360]","[371.99586666666664, 359.98746666666665, 376.45653333333337, 372.0, 360.0, 376.54]","[199.992, 304.98533333333336, 266.66586666666666, 200.0, 305.0, 266.75]","[(17, 1.666666666666667e-05, 0.0014166666666666666), (15, 0.0, 0.007688888888888888), (7, 0.0, 0.0019055555555555553), (0, 0, 0), (0, 0, 0), (0, 0, 0)]","[(4009, 67.09998333333333, 10.108583333333332), (16090, 51.900000000000006, 6.182311111111111), (32205, 58.2, 11.638094444444443), (4026, 67.1, 10.11), (16105, 51.900000000000006, 6.1899999999999995), (32212, 58.2, 11.639999999999999)]","[0, 0, 0, 0, 0, 0]","[0, 0, 0, 0, 0, 0]"
246,"[29.858525688756515, 9.849419896321896, 14.400099311029733, 0.0, 0.0, 0.0]","[10, 5, 9, 0, 0, 0]","[788.9882788456501, 582.5167659978645, 1636.8277029729143, 0, 0, 0]","[3240.0117211543497, 7519.483234002136, 14474.172297027086, 4029, 8102, 16111]","[4029, 8102, 16111, 4029, 8102, 16111]","[1203, 798, 2320, 0, 0, 0]","[5.834632518432286, 2.674321691889795, 1.60431102056655, 0.0, 0.0, 0.0]","[250.59746666666666, 459.4484666666668, 551.2412666666667, 0, 0, 0]","[0.5794666666666667, 1.1973333333333334, 0.08960000000000001, 0, 0, 0]","[0.4562666666666666, 0.38399999999999995, 0.09586666666666667, 0, 0, 0]","[4044.4025333333334, 16720.55153333333, 33808.758733333336, 4295, 17180, 34360]","[371.4205333333333, 358.80266666666665, 376.4504, 372.0, 360.0, 376.54]","[199.54373333333334, 304.616, 266.65413333333333, 200.0, 305.0, 266.75]","[(19, 0.0031166666666666665, 0.060177777777777774), (11, 0.011550000000000001, 0.4351111111111111), (16, 0.0, 0.004677777777777778), (0, 0, 0), (0, 0, 0), (0, 0, 0)]","[(4007, 67.09688333333332, 10.049822222222222), (16094, 51.888450000000006, 5.754888888888888), (32196, 58.2, 11.635322222222221), (4026, 67.1, 10.11), (16105, 51.900000000000006, 6.1899999999999995), (32212, 58.2, 11.639999999999999)]","[0, 0, 0, 0, 0, 0]","[0, 0, 0, 0, 0, 0]"
247,"[34.45023579051874, 16.57615403604048, 12.475948109986966, 0.0, 0.0, 0.0]","[11, 8, 8, 0, 0, 0]","[921.9322083523564, 695.9406795633275, 1482.4446433436822, 0, 0, 0]","[3107.0677916476434, 7406.059320436672, 14628.555356656318, 4029, 8102, 16111]","[4029, 8102, 16111, 4029, 8102, 16111]","[1388, 1343, 2010, 0, 0, 0]","[8.765563057819168, 3.0445968180054326, 1.556502522312767, 0.0, 0.0, 0.0]","[376.48093333333327, 523.0617333333333, 534.8142666666668, 0, 0, 0]","[0.4241333333333334, 0.8706666666666667, 0.1, 0, 0, 0]","[0.3544, 0.2712, 0.10079999999999999, 0, 0, 0]","[3918.5190666666667, 16656.938266666668, 33825.18573333333, 4295, 17180, 34360]","[371.5758666666667, 359.1293333333333, 376.44, 372.0, 360.0, 376.54]","[199.6456, 304.7288, 266.6492, 200.0, 305.0, 266.75]","[(23, 0.00095, 0.0599388888888889), (17, 0.0001, 0.23293333333333335), (15, 1.666666666666667e-05, 0.0020666666666666667), (0, 0, 0), (0, 0, 0), (0, 0, 0)]","[(4003, 67.09904999999999, 10.050061111111111), (16088, 51.8999, 5.957066666666666), (32197, 58.199983333333336, 11.637933333333333), (4026, 67.1, 10.11), (16105, 51.900000000000006, 6.1899999999999995), (32212, 58.2, 11.639999999999999)]","[0, 0, 0, 0, 0, 0]","[0, 0, 0, 0, 0, 0]"
248,"[36.58476048647307, 14.255739323623798, 16.00148966544597, 0.0, 0.0, 0.0]","[13, 6, 10, 0, 0, 0]","[677.2143804669496, 446.2159525112411, 1364.6273784114214, 0, 0, 0]","[3351.7856195330505, 7655.784047488759, 14746.372621588578, 4029, 8102, 16111]","[4029, 8102, 16111, 4029, 8102, 16111]","[1474, 1155, 2578, 0, 0, 0]","[8.811511059371362, 2.425605355064028, 0.6042347691113698, 0.0, 0.0, 0.0]","[378.45439999999996, 416.719, 207.61506666666665, 0, 0, 0]","[0.4323999999999999, 1.0023999999999997, 0.08106666666666668, 0, 0, 0]","[0.35559999999999997, 0.31933333333333336, 0.07320000000000002, 0, 0, 0]","[3916.5456, 16763.281, 34152.384933333335, 4295, 17180, 34360]","[371.5676, 358.9976, 376.45893333333333, 372.0, 360.0, 376.54]","[199.6444, 304.68066666666664, 266.6768, 200.0, 305.0, 266.75]","[(26, 0.0006666666666666668, 0.055827777777777775), (11, 8.333333333333333e-05, 0.29024658119658114), (22, 0.0, 0.0037666666666666664), (0, 0, 0), (0, 0, 0), (0, 0, 0)]","[(4000, 67.09933333333333, 10.054172222222222), (16094, 51.89991666666667, 5.899753418803418), (32190, 58.2, 11.636233333333331), (4026, 67.1, 10.11), (16105, 51.900000000000006, 6.1899999999999995), (32212, 58.2, 11.639999999999999)]","[0, 0, 0, 0, 0, 0]","[0, 0, 0, 0, 0, 0]"
249,"[40.18366840407049, 17.674648235003705, 14.424927068462543, 0.0, 0.0, 0.0]","[13, 8, 9, 0, 0, 0]","[729.507722887801, 734.0249570015424, 970.3221786411964, 0, 0, 0]","[3299.492277112199, 7367.975042998458, 15140.677821358804, 4029, 8102, 16111]","[4029, 8102, 16111, 4029, 8102, 16111]","[1619, 1432, 2324, 0, 0, 0]","[17.492409778812572, 5.304665114474195, 0.6108418703919286, 0.0, 0.0, 0.0]","[751.299, 911.3414666666667, 209.8852666666667, 0, 0, 0]","[0.03306666666666667, 0.046266666666666664, 12.165333333333335, 0, 0, 0]","[0.02146666666666667, 0.0184, 12.105733333333337, 0, 0, 0]","[3543.701, 16268.658533333333, 34150.114733333336, 4295, 17180, 34360]","[371.9669333333333, 359.95373333333333, 364.3746666666667, 372.0, 360.0, 376.54]","[199.97853333333333, 304.9816, 254.64426666666665, 200.0, 305.0, 266.75]","[(29, 0.4711166666666667, 0.017005555555555562), (18, 0.0, 0.0071111111111111115), (21, 0.003533333333333333, 0.003438888888888889), (0, 0, 0), (0, 0, 0), (0, 0, 0)]","[(3997, 66.62888333333333, 10.092994444444443), (16087, 51.900000000000006, 6.182888888888888), (32191, 58.19646666666667, 11.63656111111111), (4026, 67.1, 10.11), (16105, 51.900000000000006, 6.1899999999999995), (32212, 58.2, 11.639999999999999)]","[0, 0, 0, 0, 0, 0]","[0, 0, 0, 0, 0, 0]"
250,"[30.007446016381234, 26.32683288077018, 11.029731239525791, 0.0, 0.0, 0.0]","[9, 11, 7, 0, 0, 0]","[705.826977321963, 1376.3915063313452, 918.6689686731579, 0, 0, 0]","[3323.173022678037, 6725.608493668655, 15192.331031326841, 4029, 8102, 16111]","[4029, 8102, 16111, 4029, 8102, 16111]","[1209, 2133, 1777, 0, 0, 0]","[11.263857198292587, 12.027876212650368, 0.4169324796274738, 0.0, 0.0, 0.0]","[483.7826666666666, 2066.389133333333, 143.258, 0, 0, 0]","[0.018266666666666667, 0.27999999999999997, 0.0004000000000000001, 0, 0, 0]","[0.014133333333333333, 1.5848, 0.0006666666666666668, 0, 0, 0]","[3811.2173333333335, 15113.610866666666, 34216.742, 4295, 17180, 34360]","[371.98173333333335, 359.72, 376.5396, 372.0, 360.0, 376.54]","[199.98586666666668, 303.4152, 266.7493333333333, 200.0, 305.0, 266.75]","[(21, 5e-05, 0.003416666666666667), (26, 0.0, 0.03161666666666667), (15, 0.00065, 0.00095), (0, 0, 0), (0, 0, 0), (0, 0, 0)]","[(4005, 67.09994999999999, 10.106583333333333), (16079, 51.900000000000006, 6.158383333333333), (32197, 58.19935, 11.63905), (4026, 67.1, 10.11), (16105, 51.900000000000006, 6.1899999999999995), (32212, 58.2, 11.639999999999999)]","[0, 0, 0, 0, 0, 0]","[0, 0, 0, 0, 0, 0]"
251,"[25.415735914619013, 28.412737595655397, 9.012475948109987, 0.0, 0.0, 0.0]","[8, 12, 6, 0, 0, 0]","[247.76309286873428, 1394.922963351556, 801.0929016518962, 0, 0, 0]","[3781.2369071312655, 6707.077036648444, 15309.907098348103, 4029, 8102, 16111]","[4029, 8102, 16111, 4029, 8102, 16111]","[1024, 2302, 1452, 0, 0, 0]","[9.850915017462166, 17.38901008925107, 0.37459332557237096, 0.0, 0.0, 0.0]","[423.09680000000003, 2987.4319333333337, 128.71026666666666, 0, 0, 0]","[0.021333333333333333, 0.43626666666666664, 0.0012000000000000001, 0, 0, 0]","[0.015466666666666667, 2.336133333333333, 0.0013333333333333335, 0, 0, 0]","[3871.9031999999997, 14192.568066666667, 34231.28973333333, 4295, 17180, 34360]","[371.97866666666664, 359.56373333333335, 376.53880000000004, 372.0, 360.0, 376.54]","[199.98453333333333, 302.66386666666665, 266.7486666666667, 200.0, 305.0, 266.75]","[(20, 0.0645, 0.02512777777777778), (31, 0.03996666666666667, 0.06919444444444445), (10, 1.666666666666667e-05, 0.0008388888888888888), (0, 0, 0), (0, 0, 0), (0, 0, 0)]","[(4006, 67.0355, 10.084872222222222), (16074, 51.86003333333334, 6.120805555555555), (32202, 58.199983333333336, 11.63916111111111), (4026, 67.1, 10.11), (16105, 51.900000000000006, 6.1899999999999995), (32212, 58.2, 11.639999999999999)]","[0, 0, 0, 0, 0, 0]","[0, 0, 0, 0, 0, 0]"
252,"[10.622983370563416, 31.992100715872624, 13.102848985165416, 0.0, 0.0, 0.0]","[4, 14, 8, 0, 0, 0]","[289.83153620156304, 1135.6590768551948, 1484.946483918353, 0, 0, 0]","[3739.168463798437, 6966.340923144805, 14626.053516081647, 4029, 8102, 16111]","[4029, 8102, 16111, 4029, 8102, 16111]","[428, 2592, 2111, 0, 0, 0]","[3.898044237485448, 13.700223515715946, 1.2789225844004657, 0.0, 0.0, 0.0]","[167.421, 2353.6983999999993, 439.43780000000004, 0, 0, 0]","[0.008, 0.3876, 0.017333333333333333, 0, 0, 0]","[0.0096, 1.4472, 0.024266666666666666, 0, 0, 0]","[4127.579, 14826.3016, 33920.5622, 4295, 17180, 34360]","[371.992, 359.6124, 376.5226666666667, 372.0, 360.0, 376.54]","[199.9904, 303.5528, 266.7257333333333, 200.0, 305.0, 266.75]","[(12, 0.0, 0.00105), (31, 0.0045833333333333325, 0.04302222222222221), (14, 0.00065, 0.004172222222222222), (0, 0, 0), (0, 0, 0), (0, 0, 0)]","[(4014, 67.1, 10.10895), (16074, 51.89541666666667, 6.146977777777777), (32198, 58.19935, 11.635827777777777), (4026, 67.1, 10.11), (16105, 51.900000000000006, 6.1899999999999995), (32212, 58.2, 11.639999999999999)]","[0, 0, 0, 0, 0, 0]","[0, 0, 0, 0, 0, 0]"
253,"[11.41722511789526, 21.056529252036533, 18.937371981875735, 0.0, 0.0, 0.0]","[5, 10, 11, 0, 0, 0]","[387.78583984034606, 1117.492702770104, 2025.928129093329, 0, 0, 0]","[3641.214160159654, 6984.507297229896, 14085.071870906671, 4029, 8102, 16111]","[4029, 8102, 16111, 4029, 8102, 16111]","[460, 1706, 3051, 0, 0, 0]","[1.6539837019790455, 7.4835921614280165, 4.438225067908421, 0.0, 0.0, 0.0]","[71.0386, 1285.6811333333333, 1524.9741333333334, 0, 0, 0]","[0.013066666666666667, 0.19240000000000002, 0.023333333333333334, 0, 0, 0]","[0.004533333333333334, 0.6355999999999999, 0.031199999999999995, 0, 0, 0]","[4223.9614, 15894.318866666667, 32835.02586666666, 4295, 17180, 34360]","[371.98693333333335, 359.8076, 376.5166666666667, 372.0, 360.0, 376.54]","[199.99546666666666, 304.3644, 266.7188, 200.0, 305.0, 266.75]","[(12, 0.0, 0.002333333333333334), (20, 5e-05, 0.02210555555555556), (25, 0.0, 0.0035499999999999993), (0, 0, 0), (0, 0, 0), (0, 0, 0)]","[(4014, 67.1, 10.107666666666667), (16085, 51.899950000000004, 6.167894444444444), (32187, 58.2, 11.636449999999998), (4026, 67.1, 10.11), (16105, 51.900000000000006, 6.1899999999999995), (32212, 58.2, 11.639999999999999)]","[0, 0, 0, 0, 0, 0]","[0, 0, 0, 0, 0, 0]"
254,"[22.362869198312236, 18.131325598617625, 17.28011917323568, 0.0, 0.0, 0.0]","[9, 9, 10, 0, 0, 0]","[452.06526500053394, 454.180918995013, 1404.8440796015866, 0, 0, 0]","[3576.934734999466, 7647.819081004987, 14706.155920398414, 4029, 8102, 16111]","[4029, 8102, 16111, 4029, 8102, 16111]","[901, 1469, 2784, 0, 0, 0]","[6.602821885913852, 7.97696003104385, 4.0767237097400075, 0.0, 0.0, 0.0]","[283.59119999999996, 1370.4417333333336, 1400.7622666666666, 0, 0, 0]","[0.2384, 0.17306666666666667, 0.016533333333333334, 0, 0, 0]","[0.23106666666666667, 0.6822666666666666, 0.024, 0, 0, 0]","[4011.4088, 15809.558266666667, 32959.237733333335, 4295, 17180, 34360]","[371.7616, 359.82693333333333, 376.5234666666667, 372.0, 360.0, 376.54]","[199.76893333333334, 304.3177333333333, 266.726, 200.0, 305.0, 266.75]","[(21, 0.47075, 0.015116666666666667), (19, 0.04375, 0.03629444444444445), (22, 0.0006833333333333333, 0.015594444444444445), (0, 0, 0), (0, 0, 0), (0, 0, 0)]","[(4005, 66.62925, 10.094883333333332), (16086, 51.85625, 6.153705555555555), (32190, 58.19931666666667, 11.624405555555555), (4026, 67.1, 10.11), (16105, 51.900000000000006, 6.1899999999999995), (32212, 58.2, 11.639999999999999)]","[0, 0, 0, 0, 0, 0]","[0, 0, 0, 0, 0, 0]"
255,"[20.749565649044428, 12.885707232782028, 20.520141518217365, 0.0, 0.0, 0.0]","[8, 6, 12, 0, 0, 0]","[406.4190104271833, 453.626365420384, 1326.2237240747213, 0, 0, 0]","[3622.5809895728166, 7648.373634579616, 14784.776275925278, 4029, 8102, 16111]","[4029, 8102, 16111, 4029, 8102, 16111]","[836, 1044, 3306, 0, 0, 0]","[7.4441102056655035, 1.2099976717112921, 4.99160884749709, 0.0, 0.0, 0.0]","[319.7245333333334, 207.8776, 1715.1168, 0, 0, 0]","[0.22013333333333332, 0.014933333333333333, 0.025866666666666663, 0, 0, 0]","[0.20853333333333332, 0.008399999999999998, 0.0292, 0, 0, 0]","[3975.2754666666665, 16972.1224, 32644.8832, 4295, 17180, 34360]","[371.7798666666667, 359.9850666666667, 376.51413333333335, 372.0, 360.0, 376.54]","[199.79146666666668, 304.9916, 266.7208, 200.0, 305.0, 266.75]","[(16, 0.008966666666666666, 0.006705555555555557), (9, 5e-05, 0.0025944444444444444), (28, 0.04713333333333334, 0.007872222222222221), (0, 0, 0), (0, 0, 0), (0, 0, 0)]","[(4010, 67.09103333333333, 10.103294444444444), (16096, 51.899950000000004, 6.187405555555555), (32184, 58.15286666666667, 11.632127777777777), (4026, 67.1, 10.11), (16105, 51.900000000000006, 6.1899999999999995), (32212, 58.2, 11.639999999999999)]","[0, 0, 0, 0, 0, 0]","[0, 0, 0, 0, 0, 0]"
256,"[14.743112434847358, 17.254998765736858, 15.970454968654957, 0.0, 0.0, 0.0]","[5, 7, 9, 0, 0, 0]","[336.6186761386459, 1112.9874291958124, 1627.526396142046, 0, 0, 0]","[3692.381323861354, 6989.012570804188, 14483.473603857954, 4029, 8102, 16111]","[4029, 8102, 16111, 4029, 8102, 16111]","[594, 1398, 2573, 0, 0, 0]","[5.480850601474583, 1.8981579355840126, 3.7739701202949165, 0.0, 0.0, 0.0]","[235.40253333333337, 326.10353333333336, 1296.7361333333333, 0, 0, 0]","[0.20253333333333332, 0.0033333333333333335, 0.01453333333333333, 0, 0, 0]","[0.1897333333333334, 0.020933333333333328, 0.006533333333333334, 0, 0, 0]","[4059.5974666666666, 16853.896466666665, 33063.26386666667, 4295, 17180, 34360]","[371.79746666666665, 359.99666666666667, 376.52546666666666, 372.0, 360.0, 376.54]","[199.81026666666668, 304.97906666666665, 266.7434666666667, 200.0, 305.0, 266.75]","[(8, 0.06446666666666667, 0.0481702380952381), (10, 0.0, 0.0033499999999999997), (23, 0.0, 0.002111111111111111), (0, 0, 0), (0, 0, 0), (0, 0, 0)]","[(4018, 67.03553333333333, 10.061829761904761), (16095, 51.900000000000006, 6.186649999999999), (32189, 58.2, 11.637888888888888), (4026, 67.1, 10.11), (16105, 51.900000000000006, 6.1899999999999995), (32212, 58.2, 11.639999999999999)]","[0, 0, 0, 0, 0, 0]","[0, 0, 0, 0, 0, 0]"
257,"[18.342020352444777, 19.87163663293014, 16.75873626714667, 0.0, 0.0, 0.0]","[5, 8, 9, 0, 0, 0]","[400.33402902344403, 1111.4639889655207, 1773.7136337223455, 0, 0, 0]","[3628.665970976556, 6990.536011034479, 14337.286366277654, 4029, 8102, 16111]","[4029, 8102, 16111, 4029, 8102, 16111]","[739, 1610, 2700, 0, 0, 0]","[3.139172681412495, 1.4927850213426466, 0.8472301125339541, 0.0, 0.0, 0.0]","[134.82746666666665, 256.46046666666666, 291.1082666666666, 0, 0, 0]","[0.021333333333333333, 0.04506666666666666, 0.025866666666666663, 0, 0, 0]","[0.008933333333333333, 0.0568, 0.0116, 0, 0, 0]","[4160.172533333333, 16923.539533333333, 34068.89173333333, 4295, 17180, 34360]","[371.97866666666664, 359.9549333333333, 376.51413333333335, 372.0, 360.0, 376.54]","[199.99106666666665, 304.9432, 266.7384, 200.0, 305.0, 266.75]","[(7, 0.0, 0.02567777777777778), (14, 0.0, 0.0018611111111111116), (21, 0.0004166666666666667, 0.003172222222222222), (0, 0, 0), (0, 0, 0), (0, 0, 0)]","[(4019, 67.1, 10.084322222222221), (16091, 51.900000000000006, 6.188138888888888), (32191, 58.19958333333334, 11.636827777777777), (4026, 67.1, 10.11), (16105, 51.900000000000006, 6.1899999999999995), (32212, 58.2, 11.639999999999999)]","[0, 0, 0, 0, 0, 0]","[0, 0, 0, 0, 0, 0]"
258,"[21.04740630429387, 20.612194519871636, 18.12426292595121, 0.0, 0.0, 0.0]","[4, 9, 8, 0, 0, 0]","[639.2061265286801, 952.8364414428004, 431.12979832939806, 0, 0, 0]","[3389.79387347132, 7149.163558557199, 15679.870201670601, 4029, 8102, 16111]","[4029, 8102, 16111, 4029, 8102, 16111]","[848, 1670, 2920, 0, 0, 0]","[3.859380675203725, 1.8244031819945674, 0.3520857586340706, 0.0, 0.0, 0.0]","[165.7604, 313.4324666666667, 120.97666666666666, 0, 0, 0]","[0.0013333333333333333, 0.006666666666666666, 0.021733333333333334, 0, 0, 0]","[0.0018666666666666669, 0.02093333333333333, 0.0026666666666666666, 0, 0, 0]","[4129.2396, 16866.567533333335, 34239.02333333333, 4295, 17180, 34360]","[371.9986666666667, 359.99333333333334, 376.5182666666667, 372.0, 360.0, 376.54]","[199.99813333333333, 304.97906666666665, 266.74733333333336, 200.0, 305.0, 266.75]","[(6, 0.0004833333333333333, 0.0010222222222222221), (15, 0.0, 0.0023555555555555556), (18, 0.0, 0.002572222222222222), (0, 0, 0), (0, 0, 0), (0, 0, 0)]","[(4020, 67.09951666666666, 10.108977777777778), (16090, 51.900000000000006, 6.187644444444444), (32194, 58.2, 11.637427777777777), (4026, 67.1, 10.11), (16105, 51.900000000000006, 6.1899999999999995), (32212, 58.2, 11.639999999999999)]","[2, 0, 2, 0, 0, 0]","[0, 0, 0, 0, 0, 0]"
259,"[26.6319185902209, 14.909898790422119, 10.936627149152752, 0.0, 0.0, 0.0]","[6, 7, 4, 0, 0, 0]","[529.4105269429969, 750.392785805254, 657.3772810935529, 0, 0, 0]","[3499.589473057003, 7351.607214194746, 15453.622718906447, 4029, 8102, 16111]","[4029, 8102, 16111, 4029, 8102, 16111]","[1073, 1208, 1762, 0, 0, 0]","[4.676194024058983, 0.47579511059371365, 0.08620624757469926, 0.0, 0.0, 0.0]","[200.8425333333333, 81.7416, 29.620466666666665, 0, 0, 0]","[0.006133333333333333, 0.0030666666666666668, 12.109333333333334, 0, 0, 0]","[0.006, 0.0036000000000000003, 12.058400000000002, 0, 0, 0]","[4094.1574666666666, 17098.2584, 34330.37953333333, 4295, 17180, 34360]","[371.9938666666667, 359.99693333333335, 364.4306666666667, 372.0, 360.0, 376.54]","[199.994, 304.9964, 254.6916, 200.0, 305.0, 266.75]","[(11, 0.05915000000000001, 0.01563888888888889), (13, 0.0, 0.0009555555555555556), (7, 0.0, 1.1111111111111112e-05), (0, 0, 0), (0, 0, 0), (0, 0, 0)]","[(4015, 67.04084999999999, 10.09436111111111), (16092, 51.900000000000006, 6.189044444444444), (32205, 58.2, 11.639988888888888), (4026, 67.1, 10.11), (16105, 51.900000000000006, 6.1899999999999995), (32212, 58.2, 11.639999999999999)]","[2, 0, 2, 0, 0, 0]","[0, 0, 0, 0, 0, 0]"
260,"[24.447753785058328, 14.823500370278945, 16.647011358699025, 0.0, 0.0, 0.0]","[6, 6, 6, 0, 0, 0]","[573.2308674407573, 520.2505765815745, 982.0656729542986, 0, 0, 0]","[3455.7691325592427, 7581.749423418425, 15128.934327045701, 4029, 8102, 16111]","[4029, 8102, 16111, 4029, 8102, 16111]","[985, 1201, 2682, 0, 0, 0]","[5.627331005044626, 0.5144516880093131, 0.3735754753589446, 0.0, 0.0, 0.0]","[241.69386666666668, 88.38279999999999, 128.36053333333336, 0, 0, 0]","[0.016533333333333334, 0.007866666666666666, 0.04906666666666667, 0, 0, 0]","[0.028666666666666667, 0.0072, 0.018, 0, 0, 0]","[4053.3061333333335, 17091.6172, 34231.63946666667, 4295, 17180, 34360]","[371.9834666666667, 359.99213333333336, 376.4909333333334, 372.0, 360.0, 376.54]","[199.97133333333332, 304.9928, 266.732, 200.0, 305.0, 266.75]","[(12, 0.0002833333333333333, 0.0023277777777777776), (12, 0.0, 0.0012444444444444445), (9, 0.026199999999999998, 0.010616666666666665), (0, 0, 0), (0, 0, 0), (0, 0, 0)]","[(4014, 67.09971666666667, 10.107672222222222), (16093, 51.900000000000006, 6.188755555555555), (32203, 58.1738, 11.629383333333331), (4026, 67.1, 10.11), (16105, 51.900000000000006, 6.1899999999999995), (32212, 58.2, 11.639999999999999)]","[2, 0, 4, 0, 0, 0]","[0, 2, 2, 0, 0, 0]"
261,"[22.90891039960288, 8.985435694890151, 21.15945627211222, 0.0, 0.0, 0.0]","[6, 4, 8, 0, 0, 0]","[403.9251956304262, 379.00368532543536, 1304.2079852708107, 0, 0, 0]","[3625.074804369574, 7722.996314674565, 14806.79201472919, 4029, 8102, 16111]","[4029, 8102, 16111, 4029, 8102, 16111]","[923, 728, 3409, 0, 0, 0]","[5.570368645712068, 0.2906651144741948, 4.3942361272797825, 0.0, 0.0, 0.0]","[239.24733333333333, 49.93626666666666, 1509.8595333333333, 0, 0, 0]","[0.010666666666666668, 0.008133333333333333, 0.214, 0, 0, 0]","[0.016933333333333335, 0.0041333333333333335, 0.005333333333333333, 0, 0, 0]","[4055.7526666666668, 17130.063733333332, 32850.140466666664, 4295, 17180, 34360]","[371.9893333333333, 359.9918666666667, 376.326, 372.0, 360.0, 376.54]","[199.98306666666667, 304.99586666666664, 266.74466666666666, 200.0, 305.0, 266.75]","[(12, 6.666666666666667e-05, 0.0025444444444444442), (9, 0.0, 0.0009888888888888888), (14, 0.0002833333333333333, 0.003927777777777778), (0, 0, 0), (0, 0, 0), (0, 0, 0)]","[(4014, 67.09993333333333, 10.107455555555555), (16096, 51.900000000000006, 6.18901111111111), (32198, 58.19971666666667, 11.636072222222221), (4026, 67.1, 10.11), (16105, 51.900000000000006, 6.1899999999999995), (32212, 58.2, 11.639999999999999)]","[2, 0, 4, 0, 0, 0]","[0, 2, 2, 0, 0, 0]"
262,"[21.02258624968975, 11.305850407306837, 18.03736577493638, 0.0, 0.0, 0.0]","[5, 6, 6, 0, 0, 0]","[378.7608620646447, 649.233368432543, 747.1915984959708, 0, 0, 0]","[3650.2391379353553, 7452.766631567457, 15363.80840150403, 4029, 8102, 16111]","[4029, 8102, 16111, 4029, 8102, 16111]","[847, 916, 2906, 0, 0, 0]","[2.479989134652697, 0.6449150174621653, 4.748749320915794, 0.0, 0.0, 0.0]","[106.51553333333334, 110.79639999999999, 1631.6702666666665, 0, 0, 0]","[0.014666666666666666, 0.017466666666666665, 1.083066666666667, 0, 0, 0]","[0.007866666666666668, 0.0044, 0.318, 0, 0, 0]","[4188.484466666667, 17069.2036, 32728.329733333332, 4295, 17180, 34360]","[371.98533333333336, 359.9825333333333, 375.4569333333334, 372.0, 360.0, 376.54]","[199.99213333333333, 304.9956, 266.432, 200.0, 305.0, 266.75]","[(10, 0.0, 0.0020444444444444447), (12, 0.0, 0.002168803418803419), (10, 0.0, 0.007327777777777776), (0, 0, 0), (0, 0, 0), (0, 0, 0)]","[(4016, 67.1, 10.107955555555556), (16093, 51.900000000000006, 6.187831196581196), (32202, 58.2, 11.63267222222222), (4026, 67.1, 10.11), (16105, 51.900000000000006, 6.1899999999999995), (32212, 58.2, 11.639999999999999)]","[2, 0, 4, 0, 0, 0]","[0, 2, 2, 0, 0, 0]"
263,"[23.454951600893523, 11.51567514194026, 13.022158773508782, 0.0, 0.0, 0.0]","[6, 6, 4, 0, 0, 0]","[332.7754095263231, 290.31890811643575, 560.7305450410048, 0, 0, 0]","[3696.224590473677, 7811.6810918835645, 15550.269454958996, 4029, 8102, 16111]","[4029, 8102, 16111, 4029, 8102, 16111]","[945, 933, 2098, 0, 0, 0]","[2.79532634846721, 0.536838571982926, 4.636977881257277, 0.0, 0.0, 0.0]","[120.05926666666667, 92.22886666666668, 1593.2656000000002, 0, 0, 0]","[0.0112, 0.0172, 0.03733333333333333, 0, 0, 0]","[0.0037333333333333333, 0.004, 0.07013333333333333, 0, 0, 0]","[4174.940733333333, 17087.77113333333, 32766.7344, 4295, 17180, 34360]","[371.9888, 359.9828, 376.5026666666667, 372.0, 360.0, 376.54]","[199.99626666666666, 304.996, 266.67986666666667, 200.0, 305.0, 266.75]","[(13, 1.666666666666667e-05, 0.0016888888888888889), (13, 0.0, 0.0012555555555555553), (8, 0.0, 0.00505), (0, 0, 0), (0, 0, 0), (0, 0, 0)]","[(4013, 67.09998333333333, 10.10831111111111), (16092, 51.900000000000006, 6.188744444444444), (32204, 58.2, 11.634949999999998), (4026, 67.1, 10.11), (16105, 51.900000000000006, 6.1899999999999995), (32212, 58.2, 11.639999999999999)]","[2, 0, 4, 0, 0, 0]","[0, 2, 2, 0, 0, 0]"
264,"[15.909655001241003, 11.528017773389285, 7.91384768170815, 0.0, 0.0, 0.0]","[6, 6, 5, 0, 0, 0]","[247.69244495006996, 194.85950154180708, 1078.090668376339, 0, 0, 0]","[3781.30755504993, 7907.140498458193, 15032.909331623661, 4029, 8102, 16111]","[4029, 8102, 16111, 4029, 8102, 16111]","[641, 934, 1275, 0, 0, 0]","[2.9448707799767173, 0.5136938300349244, 1.1531695770275514, 0.0, 0.0, 0.0]","[126.4822, 88.25260000000002, 396.22906666666665, 0, 0, 0]","[0.018133333333333335, 0.0092, 0.03346666666666667, 0, 0, 0]","[0.00013333333333333337, 0.0, 0.05466666666666666, 0, 0, 0]","[4168.5178, 17091.7474, 33963.77093333333, 4295, 17180, 34360]","[371.9818666666667, 359.9908, 376.5065333333334, 372.0, 360.0, 376.54]","[199.99986666666666, 305.0, 266.69533333333334, 200.0, 305.0, 266.75]","[(16, 0.0, 0.002633333333333333), (9, 0.0, 0.0010888888888888888), (10, 0.00015, 0.005116666666666667), (0, 0, 0), (0, 0, 0), (0, 0, 0)]","[(4010, 67.1, 10.107366666666666), (16096, 51.900000000000006, 6.188911111111111), (32202, 58.199850000000005, 11.634883333333333), (4026, 67.1, 10.11), (16105, 51.900000000000006, 6.1899999999999995), (32212, 58.2, 11.639999999999999)]","[0, 0, 0, 0, 0, 0]","[0, 0, 0, 0, 0, 0]"
265,"[11.56614544551998, 9.88644779066897, 14.468375643969958, 0.0, 0.0, 0.0]","[5, 4, 9, 0, 0, 0]","[318.43913464390033, 433.2613561350657, 1084.468784796505, 0, 0, 0]","[3710.5608653561, 7668.738643864935, 15026.531215203495, 4029, 8102, 16111]","[4029, 8102, 16111, 4029, 8102, 16111]","[466, 801, 2331, 0, 0, 0]","[2.474916569654637, 0.1853849437330229, 1.5319627473806752, 0.0, 0.0, 0.0]","[106.29766666666667, 31.849133333333334, 526.3824, 0, 0, 0]","[0.0092, 0.07706666666666666, 0.052533333333333335, 0, 0, 0]","[0.0, 0.07533333333333331, 0.07573333333333333, 0, 0, 0]","[4188.702333333334, 17148.150866666667, 33833.6176, 4295, 17180, 34360]","[371.9908, 359.92293333333333, 376.4874666666667, 372.0, 360.0, 376.54]","[200.0, 304.92466666666667, 266.67426666666665, 200.0, 305.0, 266.75]","[(14, 0.0, 0.001622222222222222), (4, 0.0, 0.00011666666666666667), (19, 0.09478333333333333, 0.028277777777777777), (0, 0, 0), (0, 0, 0), (0, 0, 0)]","[(4012, 67.1, 10.108377777777777), (16101, 51.900000000000006, 6.1898833333333325), (32193, 58.10521666666667, 11.611722222222221), (4026, 67.1, 10.11), (16105, 51.900000000000006, 6.1899999999999995), (32212, 58.2, 11.639999999999999)]","[0, 0, 0, 0, 0, 0]","[0, 0, 0, 0, 0, 0]"
266,"[14.643832216430877, 14.71241668723772, 9.713860095586867, 0.0, 0.0, 0.0]","[5, 6, 6, 0, 0, 0]","[237.97343173405218, 456.59137824083297, 578.9796176531202, 0, 0, 0]","[3791.026568265948, 7645.408621759167, 15532.02038234688, 4029, 8102, 16111]","[4029, 8102, 16111, 4029, 8102, 16111]","[590, 1192, 1565, 0, 0, 0]","[3.8022336049670162, 1.853150562669771, 1.2303513775708188, 0.0, 0.0, 0.0]","[163.30593333333334, 318.37126666666666, 422.74873333333335, 0, 0, 0]","[0.5846666666666667, 0.17373333333333335, 0.03, 0, 0, 0]","[0.4487999999999999, 0.27693333333333325, 0.051199999999999996, 0, 0, 0]","[4131.694066666667, 16861.628733333335, 33937.251266666666, 4295, 17180, 34360]","[371.4153333333333, 359.82626666666664, 376.51000000000005, 372.0, 360.0, 376.54]","[199.5512, 304.7230666666667, 266.6988, 200.0, 305.0, 266.75]","[(12, 0.0030666666666666663, 0.06021666666666666), (7, 0.0048833333333333315, 0.03132222222222222), (13, 0.0, 0.009772222222222222), (0, 0, 0), (0, 0, 0), (0, 0, 0)]","[(4014, 67.09693333333333, 10.049783333333332), (16098, 51.895116666666674, 6.158677777777777), (32199, 58.2, 11.630227777777776), (4026, 67.1, 10.11), (16105, 51.900000000000006, 6.1899999999999995), (32212, 58.2, 11.639999999999999)]","[0, 0, 0, 0, 0, 0]","[0, 0, 0, 0, 0, 0]"
267,"[11.39240506329114, 13.367069859294, 7.448327229842964, 0.0, 0.0, 0.0]","[4, 6, 5, 0, 0, 0]","[266.11192461727944, 480.99700742356447, 609.4837514378306, 0, 0, 0]","[3762.8880753827207, 7621.002992576436, 15501.51624856217, 4029, 8102, 16111]","[4029, 8102, 16111, 4029, 8102, 16111]","[459, 1083, 1200, 0, 0, 0]","[7.308920450135817, 1.3445300737291423, 1.175674815677144, 0.0, 0.0, 0.0]","[313.91813333333334, 230.99026666666666, 403.9618666666667, 0, 0, 0]","[0.4146666666666667, 0.1708, 0.053866666666666674, 0, 0, 0]","[0.3502666666666666, 0.27360000000000007, 0.03706666666666667, 0, 0, 0]","[3981.0818666666664, 16949.009733333332, 33956.038133333335, 4295, 17180, 34360]","[371.5853333333333, 359.8292, 376.4861333333333, 372.0, 360.0, 376.54]","[199.64973333333333, 304.7264, 266.71293333333335, 200.0, 305.0, 266.75]","[(9, 0.4708333333333333, 0.06431666666666667), (11, 0.0, 0.02838333333333333), (11, 0.026199999999999998, 0.012294444444444445), (0, 0, 0), (0, 0, 0), (0, 0, 0)]","[(4017, 66.62916666666666, 10.045683333333333), (16094, 51.900000000000006, 6.161616666666666), (32201, 58.1738, 11.627705555555554), (4026, 67.1, 10.11), (16105, 51.900000000000006, 6.1899999999999995), (32212, 58.2, 11.639999999999999)]","[0, 0, 0, 0, 0, 0]","[0, 0, 0, 0, 0, 0]"
268,"[23.03301067262348, 10.281411997037768, 7.510396623424989, 0.0, 0.0, 0.0]","[7, 5, 5, 0, 0, 0]","[708.5334442926909, 581.8228974252577, 838.8779997008498, 0, 0, 0]","[3320.466555707309, 7520.177102574742, 15272.12200029915, 4029, 8102, 16111]","[4029, 8102, 16111, 4029, 8102, 16111]","[928, 833, 1210, 0, 0, 0]","[20.544450135816838, 2.3004870003880478, 0.8200178502134265, 0.0, 0.0, 0.0]","[882.3841333333332, 395.22366666666665, 281.7581333333334, 0, 0, 0]","[1.1182666666666667, 0.11039999999999998, 0.02693333333333333, 0, 0, 0]","[0.6610666666666666, 0.23480000000000004, 0.03053333333333333, 0, 0, 0]","[3412.615866666667, 16784.776333333335, 34078.24186666666, 4295, 17180, 34360]","[370.88173333333333, 359.8896, 376.5130666666667, 372.0, 360.0, 376.54]","[199.33893333333333, 304.7652, 266.7194666666667, 200.0, 305.0, 266.75]","[(13, 0.004999999999999998, 0.08573333333333333), (11, 0.00013333333333333334, 0.029711111111111112), (12, 0.0002833333333333333, 0.0011500000000000002), (0, 0, 0), (0, 0, 0), (0, 0, 0)]","[(4013, 67.095, 10.024266666666666), (16094, 51.899866666666675, 6.160288888888888), (32200, 58.19971666666667, 11.638849999999998), (4026, 67.1, 10.11), (16105, 51.900000000000006, 6.1899999999999995), (32212, 58.2, 11.639999999999999)]","[0, 0, 0, 0, 0, 0]","[0, 0, 0, 0, 0, 0]"
269,"[27.32688011913626, 10.701061466304616, 8.2924709825585, 0.0, 0.0, 0.0]","[8, 5, 5, 0, 0, 0]","[639.6164032837086, 195.16536822991736, 736.5754392341926, 0, 0, 0]","[3389.3835967162913, 7906.8346317700825, 15374.424560765807, 4029, 8102, 16111]","[4029, 8102, 16111, 4029, 8102, 16111]","[1101, 867, 1336, 0, 0, 0]","[21.093857974388825, 2.5848079161816067, 0.8846164144353899, 0.0, 0.0, 0.0]","[905.9812000000002, 444.07000000000005, 303.95419999999996, 0, 0, 0]","[1.128, 0.005600000000000001, 0.06546666666666667, 0, 0, 0]","[0.6598666666666665, 0.021333333333333333, 0.04133333333333333, 0, 0, 0]","[3389.0188, 16735.93, 34056.0458, 4295, 17180, 34360]","[370.872, 359.9944, 376.47453333333334, 372.0, 360.0, 376.54]","[199.34013333333334, 304.97866666666664, 266.70866666666666, 200.0, 305.0, 266.75]","[(15, 0.06513333333333333, 0.10483888888888887), (10, 0.0438, 0.01751111111111111), (11, 1.666666666666667e-05, 0.002272222222222222), (0, 0, 0), (0, 0, 0), (0, 0, 0)]","[(4011, 67.03486666666666, 10.00516111111111), (16095, 51.85620000000001, 6.172488888888888), (32201, 58.199983333333336, 11.637727777777776), (4026, 67.1, 10.11), (16105, 51.900000000000006, 6.1899999999999995), (32212, 58.2, 11.639999999999999)]","[0, 0, 0, 0, 0, 0]","[0, 0, 0, 0, 0, 0]"
270,"[21.841648051625715, 8.639842014317454, 11.563528024331202, 0.0, 0.0, 0.0]","[7, 4, 7, 0, 0, 0]","[347.72339797709833, 347.01998661560697, 949.9863006841767, 0, 0, 0]","[3681.276602022902, 7754.980013384393, 15161.013699315823, 4029, 8102, 16111]","[4029, 8102, 16111, 4029, 8102, 16111]","[880, 700, 1863, 0, 0, 0]","[10.021220023282886, 0.9864629414047341, 1.0813220799379122, 0.0, 0.0, 0.0]","[430.41139999999996, 169.47433333333333, 371.54226666666665, 0, 0, 0]","[0.5318666666666667, 0.03239999999999999, 0.028266666666666662, 0, 0, 0]","[0.5481333333333334, 0.0364, 0.023866666666666665, 0, 0, 0]","[3864.5886, 17010.52566666667, 33988.45773333334, 4295, 17180, 34360]","[371.46813333333336, 359.9676, 376.5117333333334, 372.0, 360.0, 376.54]","[199.45186666666666, 304.9636, 266.72613333333334, 200.0, 305.0, 266.75]","[(14, 0.0018333333333333335, 0.0805111111111111), (6, 1.666666666666667e-05, 0.0012), (15, 5e-05, 0.007716666666666667), (0, 0, 0), (0, 0, 0), (0, 0, 0)]","[(4012, 67.09816666666666, 10.029488888888888), (16099, 51.89998333333334, 6.1888), (32197, 58.19995, 11.632283333333332), (4026, 67.1, 10.11), (16105, 51.900000000000006, 6.1899999999999995), (32212, 58.2, 11.639999999999999)]","[0, 0, 0, 0, 0, 0]","[0, 0, 0, 0, 0, 0]"
271,"[12.012906428394142, 13.996544063194271, 9.434547824467755, 0.0, 0.0, 0.0]","[4, 7, 6, 0, 0, 0]","[209.43793060316, 721.3071644984683, 560.4727730371139, 0, 0, 0]","[3819.56206939684, 7380.692835501532, 15550.527226962886, 4029, 8102, 16111]","[4029, 8102, 16111, 4029, 8102, 16111]","[484, 1134, 1520, 0, 0, 0]","[5.629390764454792, 4.812060147458284, 0.5513422584400466, 0.0, 0.0, 0.0]","[241.78233333333333, 826.7119333333331, 189.4412, 0, 0, 0]","[0.0010666666666666667, 0.06013333333333334, 0.0324, 0, 0, 0]","[0.0063999999999999994, 0.07413333333333334, 0.06399999999999999, 0, 0, 0]","[4053.2176666666664, 16353.288066666666, 34170.5588, 4295, 17180, 34360]","[371.99893333333335, 359.93986666666666, 376.5076, 372.0, 360.0, 376.54]","[199.9936, 304.92586666666665, 266.686, 200.0, 305.0, 266.75]","[(11, 0.0002833333333333333, 0.046127777777777774), (11, 0.00385, 0.005238888888888888), (14, 0.0, 0.002311111111111111), (0, 0, 0), (0, 0, 0), (0, 0, 0)]","[(4015, 67.09971666666667, 10.063872222222221), (16094, 51.896150000000006, 6.1847611111111105), (32198, 58.2, 11.637688888888889), (4026, 67.1, 10.11), (16105, 51.900000000000006, 6.1899999999999995), (32212, 58.2, 11.639999999999999)]","[0, 0, 0, 0, 0, 0]","[0, 0, 0, 0, 0, 0]"
272,"[9.878381732439811, 17.983214021229326, 4.84761963875613, 0.0, 0.0, 0.0]","[3, 9, 3, 0, 0, 0]","[185.8299812687111, 510.0250696739056, 601.0654536775342, 0, 0, 0]","[3843.170018731289, 7591.974930326094, 15509.934546322465, 4029, 8102, 16111]","[4029, 8102, 16111, 4029, 8102, 16111]","[398, 1457, 781, 0, 0, 0]","[6.534750485060147, 4.628697710516104, 0.412489134652697, 0.0, 0.0, 0.0]","[280.6675333333333, 795.2102666666665, 141.73126666666667, 0, 0, 0]","[0.018266666666666667, 0.06786666666666667, 0.0041333333333333335, 0, 0, 0]","[0.0112, 0.08413333333333334, 0.022533333333333336, 0, 0, 0]","[4014.3324666666667, 16384.789733333335, 34218.26873333333, 4295, 17180, 34360]","[371.98173333333335, 359.93213333333335, 376.53586666666666, 372.0, 360.0, 376.54]","[199.9888, 304.91586666666666, 266.72746666666666, 200.0, 305.0, 266.75]","[(8, 0.0, 0.0021277777777777775), (15, 0.0017166666666666663, 0.01185), (8, 0.03996666666666667, 0.014516666666666669), (0, 0, 0), (0, 0, 0), (0, 0, 0)]","[(4018, 67.1, 10.107872222222221), (16090, 51.89828333333334, 6.17815), (32204, 58.16003333333334, 11.625483333333332), (4026, 67.1, 10.11), (16105, 51.900000000000006, 6.1899999999999995), (32212, 58.2, 11.639999999999999)]","[0, 0, 0, 0, 0, 0]","[0, 0, 0, 0, 0, 0]"
273,"[14.693472325639117, 9.380399901258949, 11.141456147973434, 0.0, 0.0, 0.0]","[4, 5, 8, 0, 0, 0]","[230.19722327993856, 310.27060818704496, 1135.4043617430295, 0, 0, 0]","[3798.8027767200615, 7791.729391812955, 14975.595638256971, 4029, 8102, 16111]","[4029, 8102, 16111, 4029, 8102, 16111]","[592, 760, 1795, 0, 0, 0]","[7.343459837019791, 2.5242762902599925, 1.1169268529297633, 0.0, 0.0, 0.0]","[315.40160000000003, 433.6706666666667, 383.7760666666667, 0, 0, 0]","[0.017866666666666666, 0.0038666666666666663, 0.016266666666666665, 0, 0, 0]","[0.01, 0.008666666666666668, 0.04293333333333333, 0, 0, 0]","[3979.5984, 16746.329333333335, 33976.223933333335, 4295, 17180, 34360]","[371.9821333333333, 359.9961333333333, 376.5237333333333, 372.0, 360.0, 376.54]","[199.99, 304.99133333333333, 266.70706666666666, 200.0, 305.0, 266.75]","[(11, 0.0, 0.0016722222222222219), (8, 1.666666666666667e-05, 0.010033333333333333), (20, 0.004683333333333332, 0.0066), (0, 0, 0), (0, 0, 0), (0, 0, 0)]","[(4015, 67.1, 10.108327777777777), (16097, 51.89998333333334, 6.179966666666666), (32192, 58.19531666666667, 11.633399999999998), (4026, 67.1, 10.11), (16105, 51.900000000000006, 6.1899999999999995), (32212, 58.2, 11.639999999999999)]","[0, 0, 0, 0, 0, 0]","[0, 0, 0, 0, 0, 0]"
274,"[19.806403574087863, 5.393729943223895, 10.52696915151139, 0.0, 0.0, 0.0]","[5, 3, 8, 0, 0, 0]","[331.6690757435176, 207.78401014769403, 1296.8243257732777, 0, 0, 0]","[3697.3309242564824, 7894.215989852306, 14814.175674226723, 4029, 8102, 16111]","[4029, 8102, 16111, 4029, 8102, 16111]","[798, 437, 1696, 0, 0, 0]","[6.343489328676755, 1.647928599146294, 0.7814893286767559, 0.0, 0.0, 0.0]","[272.45286666666664, 283.1141333333333, 268.51973333333336, 0, 0, 0]","[0.0248, 0.021466666666666665, 0.020799999999999996, 0, 0, 0]","[0.0164, 0.045066666666666665, 0.024533333333333334, 0, 0, 0]","[4022.5471333333335, 16896.885866666667, 34091.480266666666, 4295, 17180, 34360]","[371.9752, 359.97853333333336, 376.5192, 372.0, 360.0, 376.54]","[199.9836, 304.9549333333333, 266.72546666666665, 200.0, 305.0, 266.75]","[(13, 0.0, 0.0015833333333333333), (4, 0.007916666666666666, 0.007966666666666667), (17, 1.666666666666667e-05, 0.006777777777777778), (0, 0, 0), (0, 0, 0), (0, 0, 0)]","[(4013, 67.1, 10.108416666666667), (16101, 51.89208333333334, 6.182033333333333), (32195, 58.199983333333336, 11.633222222222221), (4026, 67.1, 10.11), (16105, 51.900000000000006, 6.1899999999999995), (32212, 58.2, 11.639999999999999)]","[0, 0, 0, 0, 0, 0]","[0, 0, 0, 0, 0, 0]"
275,"[17.49813849590469, 8.467045174031103, 11.12904226925703, 0.0, 0.0, 0.0]","[4, 4, 8, 0, 0, 0]","[316.95151647632827, 278.14607199777714, 844.3169791338391, 0, 0, 0]","[3712.0484835236716, 7823.853928002223, 15266.683020866161, 4029, 8102, 16111]","[4029, 8102, 16111, 4029, 8102, 16111]","[705, 686, 1793, 0, 0, 0]","[1.4586790842064414, 1.7252386495925494, 4.395760380287155, 0.0, 0.0, 0.0]","[62.65026666666667, 296.39599999999996, 1510.3832666666665, 0, 0, 0]","[0.008533333333333334, 0.011333333333333332, 0.20480000000000004, 0, 0, 0]","[0.008533333333333334, 0.009733333333333332, 0.028533333333333334, 0, 0, 0]","[4232.3497333333335, 16883.604, 32849.616733333336, 4295, 17180, 34360]","[371.99146666666667, 359.9886666666667, 376.33520000000004, 372.0, 360.0, 376.54]","[199.99146666666667, 304.9902666666667, 266.7214666666667, 200.0, 305.0, 266.75]","[(8, 0.0, 0.0008521367521367522), (9, 0.0007166666666666667, 0.003266666666666667), (18, 0.0, 0.0036611111111111106), (0, 0, 0), (0, 0, 0), (0, 0, 0)]","[(4018, 67.1, 10.109147863247863), (16096, 51.89928333333334, 6.186733333333333), (32194, 58.2, 11.636338888888888), (4026, 67.1, 10.11), (16105, 51.900000000000006, 6.1899999999999995), (32212, 58.2, 11.639999999999999)]","[0, 0, 0, 0, 0, 0]","[0, 0, 0, 0, 0, 0]"
276,"[19.13626209977662, 9.18291779807455, 9.217304946930668, 0.0, 0.0, 0.0]","[6, 4, 7, 0, 0, 0]","[564.3677348311908, 573.5822137013852, 637.6990399281935, 0, 0, 0]","[3464.632265168809, 7528.417786298614, 15473.300960071807, 4029, 8102, 16111]","[4029, 8102, 16111, 4029, 8102, 16111]","[771, 744, 1485, 0, 0, 0]","[5.472530849825378, 6.525107101280558, 0.9133506014745829, 0.0, 0.0, 0.0]","[235.0452, 1121.0134, 313.8272666666667, 0, 0, 0]","[0.5914666666666667, 0.22173333333333334, 0.019600000000000003, 0, 0, 0]","[0.45573333333333327, 1.4898666666666667, 0.024266666666666666, 0, 0, 0]","[4059.9548, 16058.9866, 34046.17273333333, 4295, 17180, 34360]","[371.4085333333333, 359.77826666666664, 376.5204, 372.0, 360.0, 376.54]","[199.54426666666666, 303.51013333333333, 266.7257333333333, 200.0, 305.0, 266.75]","[(10, 0.0030666666666666663, 0.05976111111111111), (11, 0.00055, 0.026700000000000005), (16, 1.666666666666667e-05, 0.007777777777777778), (0, 0, 0), (0, 0, 0), (0, 0, 0)]","[(4016, 67.09693333333333, 10.050238888888888), (16094, 51.89945000000001, 6.1633), (32196, 58.199983333333336, 11.632222222222222), (4026, 67.1, 10.11), (16105, 51.900000000000006, 6.1899999999999995), (32212, 58.2, 11.639999999999999)]","[0, 0, 0, 0, 0, 0]","[0, 0, 0, 0, 0, 0]"
277,"[24.24919334822537, 9.18291779807455, 5.4993482713673885, 0.0, 0.0, 0.0]","[7, 4, 4, 0, 0, 0]","[610.1296724311348, 378.7169666972233, 594.9086769649509, 0, 0, 0]","[3418.870327568865, 7723.283033302777, 15516.091323035049, 4029, 8102, 16111]","[4029, 8102, 16111, 4029, 8102, 16111]","[977, 744, 886, 0, 0, 0]","[4.870554908808692, 5.840504850601475, 0.540023864959255, 0.0, 0.0, 0.0]","[209.1903333333333, 1003.3987333333333, 185.55220000000003, 0, 0, 0]","[0.4366666666666667, 0.17066666666666666, 0.0052, 0, 0, 0]","[0.3629333333333333, 0.7806666666666665, 0.008666666666666666, 0, 0, 0]","[4085.8096666666665, 16176.601266666667, 34174.4478, 4295, 17180, 34360]","[371.56333333333333, 359.82933333333335, 376.5348, 372.0, 360.0, 376.54]","[199.63706666666667, 304.21933333333334, 266.74133333333333, 200.0, 305.0, 266.75]","[(12, 0.0002333333333333333, 0.05217777777777779), (11, 0.0002833333333333333, 0.025161111111111113), (8, 0.0, 0.004288888888888889), (0, 0, 0), (0, 0, 0), (0, 0, 0)]","[(4014, 67.09976666666667, 10.05782222222222), (16094, 51.89971666666667, 6.164838888888888), (32204, 58.2, 11.63571111111111), (4026, 67.1, 10.11), (16105, 51.900000000000006, 6.1899999999999995), (32212, 58.2, 11.639999999999999)]","[0, 0, 0, 0, 0, 0]","[0, 0, 0, 0, 0, 0]"
278,"[32.216430876147925, 10.269069365588743, 5.592452361740426, 0.0, 0.0, 0.0]","[10, 5, 4, 0, 0, 0]","[736.3875733761636, 356.0195649732227, 205.96573254527198, 0, 0, 0]","[3292.6124266238367, 7745.980435026777, 15905.034267454728, 4029, 8102, 16111]","[4029, 8102, 16111, 4029, 8102, 16111]","[1298, 832, 901, 0, 0, 0]","[8.124884749708963, 4.224092743500194, 0.3738329452852153, 0.0, 0.0, 0.0]","[348.9638, 725.6991333333333, 128.44899999999998, 0, 0, 0]","[0.4754666666666666, 0.40066666666666667, 0.008266666666666667, 0, 0, 0]","[0.408, 0.8442666666666667, 0.015066666666666666, 0, 0, 0]","[3946.0362, 16454.30086666667, 34231.551, 4295, 17180, 34360]","[371.52453333333335, 359.59933333333333, 376.53173333333336, 372.0, 360.0, 376.54]","[199.592, 304.15573333333333, 266.73493333333334, 200.0, 305.0, 266.75]","[(16, 0.0004833333333333333, 0.05447222222222223), (12, 0.00043333333333333337, 0.013944444444444445), (8, 0.0, 0.004549999999999999), (0, 0, 0), (0, 0, 0), (0, 0, 0)]","[(4010, 67.09951666666666, 10.055527777777778), (16093, 51.89956666666667, 6.176055555555555), (32204, 58.2, 11.635449999999999), (4026, 67.1, 10.11), (16105, 51.900000000000006, 6.1899999999999995), (32212, 58.2, 11.639999999999999)]","[0, 0, 0, 0, 0, 0]","[0, 0, 0, 0, 0, 0]"
279,"[42.71531397369074, 8.689212540113553, 6.579355719694618, 0.0, 0.0, 0.0]","[13, 5, 4, 0, 0, 0]","[1036.3163006791522, 239.8723136998592, 624.5878648424765, 0, 0, 0]","[2992.683699320848, 7862.12768630014, 15486.412135157523, 4029, 8102, 16111]","[4029, 8102, 16111, 4029, 8102, 16111]","[1721, 704, 1060, 0, 0, 0]","[9.081133100504463, 0.3173663174233605, 0.121429957314707, 0.0, 0.0, 0.0]","[390.0346666666667, 54.52353333333333, 41.72333333333333, 0, 0, 0]","[0.4550666666666666, 0.22039999999999998, 0.010133333333333333, 0, 0, 0]","[0.38519999999999993, 0.20320000000000002, 0.004, 0, 0, 0]","[3904.9653333333335, 17125.476466666667, 34318.276666666665, 4295, 17180, 34360]","[371.54493333333335, 359.7796, 376.5298666666667, 372.0, 360.0, 376.54]","[199.6148, 304.7968, 266.746, 200.0, 305.0, 266.75]","[(22, 0.00019999999999999998, 0.054177777777777776), (9, 0.0, 0.0026777777777777776), (11, 0.0, 0.0012055555555555554), (0, 0, 0), (0, 0, 0), (0, 0, 0)]","[(4004, 67.09979999999999, 10.055822222222222), (16096, 51.900000000000006, 6.187322222222222), (32201, 58.2, 11.638794444444443), (4026, 67.1, 10.11), (16105, 51.900000000000006, 6.1899999999999995), (32212, 58.2, 11.639999999999999)]","[0, 0, 0, 0, 0, 0]","[0, 0, 0, 0, 0, 0]"
280,"[42.19409282700422, 12.379659343372007, 8.106262801812427, 0.0, 0.0, 0.0]","[12, 6, 5, 0, 0, 0]","[977.5076317077862, 614.788610981225, 241.14384834941796, 0, 0, 0]","[3051.4923682922135, 7487.211389018775, 15869.856151650582, 4029, 8102, 16111]","[4029, 8102, 16111, 4029, 8102, 16111]","[1700, 1003, 1306, 0, 0, 0]","[7.680051222351571, 1.436337989910749, 0.30605878928987196, 0.0, 0.0, 0.0]","[329.85819999999995, 246.76286666666667, 105.16180000000001, 0, 0, 0]","[0.04893333333333333, 0.20919999999999994, 0.009466666666666667, 0, 0, 0]","[0.0304, 0.18720000000000006, 0.0032, 0, 0, 0]","[3965.1418, 16933.237133333332, 34254.8382, 4295, 17180, 34360]","[371.9510666666667, 359.7908, 376.5305333333334, 372.0, 360.0, 376.54]","[199.9696, 304.8128, 266.7468, 200.0, 305.0, 266.75]","[(22, 0.00010000000000000002, 0.00485), (10, 0.0004166666666666667, 0.0038666666666666667), (12, 0.00065, 0.0013055555555555555), (0, 0, 0), (0, 0, 0), (0, 0, 0)]","[(4004, 67.09989999999999, 10.10515), (16095, 51.89958333333334, 6.186133333333333), (32200, 58.19935, 11.638694444444443), (4026, 67.1, 10.11), (16105, 51.900000000000006, 6.1899999999999995), (32212, 58.2, 11.639999999999999)]","[0, 0, 0, 0, 0, 0]","[0, 0, 0, 0, 0, 0]"
281,"[35.219657483246465, 19.402616637867194, 8.652473465334245, 0.0, 0.0, 0.0]","[9, 8, 5, 0, 0, 0]","[731.2161617077093, 960.7722555070735, 989.0850516357406, 0, 0, 0]","[3297.783838292291, 7141.227744492927, 15121.91494836426, 4029, 8102, 16111]","[4029, 8102, 16111, 4029, 8102, 16111]","[1419, 1572, 1394, 0, 0, 0]","[4.113640667442763, 1.5179635234769113, 0.4798779588668995, 0.0, 0.0, 0.0]","[176.68086666666665, 260.78613333333334, 164.88606666666666, 0, 0, 0]","[0.04053333333333333, 8.292133333333332, 0.0022666666666666664, 0, 0, 0]","[0.029199999999999997, 8.290533333333336, 0.0030666666666666668, 0, 0, 0]","[4118.319133333333, 16919.213866666665, 34195.113933333334, 4295, 17180, 34360]","[371.9594666666667, 351.7078666666667, 376.53773333333334, 372.0, 360.0, 376.54]","[199.9708, 296.7094666666667, 266.74693333333335, 200.0, 305.0, 266.75]","[(16, 3.3333333333333335e-05, 0.0024388888888888884), (15, 0.0, 0.004277777777777778), (13, 0.0, 0.0011), (0, 0, 0), (0, 0, 0), (0, 0, 0)]","[(4010, 67.09996666666666, 10.10756111111111), (16090, 51.900000000000006, 6.185722222222222), (32199, 58.2, 11.6389), (4026, 67.1, 10.11), (16105, 51.900000000000006, 6.1899999999999995), (32212, 58.2, 11.639999999999999)]","[0, 0, 0, 0, 0, 0]","[0, 0, 0, 0, 0, 0]"
282,"[28.79126334077935, 23.45099975314737, 8.931785736453355, 0.0, 0.0, 0.0]","[7, 10, 5, 0, 0, 0]","[503.824417548316, 1350.023565780908, 868.289276518618, 0, 0, 0]","[3525.175582451684, 6751.976434219092, 15242.710723481381, 4029, 8102, 16111]","[4029, 8102, 16111, 4029, 8102, 16111]","[1160, 1900, 1439, 0, 0, 0]","[4.250991074893286, 2.2269856422196352, 0.5587155607295304, 0.0, 0.0, 0.0]","[182.58006666666665, 382.59613333333334, 191.97466666666665, 0, 0, 0]","[0.010799999999999999, 24.255600000000012, 0.17079999999999998, 0, 0, 0]","[0.0006666666666666668, 24.299733333333332, 0.012, 0, 0, 0]","[4112.419933333334, 16797.403866666667, 34168.02533333333, 4295, 17180, 34360]","[371.9892, 335.7444, 376.36920000000003, 372.0, 360.0, 376.54]","[199.99933333333334, 280.70026666666666, 266.738, 200.0, 305.0, 266.75]","[(13, 0.0, 0.0027999999999999995), (20, 0.00048333333333333334, 0.005722222222222222), (12, 0.00065, 0.08196111111111111), (0, 0, 0), (0, 0, 0), (0, 0, 0)]","[(4013, 67.1, 10.107199999999999), (16085, 51.89951666666667, 6.184277777777777), (32200, 58.19935, 11.558038888888888), (4026, 67.1, 10.11), (16105, 51.900000000000006, 6.1899999999999995), (32212, 58.2, 11.639999999999999)]","[0, 0, 0, 0, 0, 0]","[2, 0, 0, 0, 0, 0]"
283,"[24.075452965996526, 27.264872870896074, 10.12351809322823, 0.0, 0.0, 0.0]","[6, 11, 6, 0, 0, 0]","[496.33918898279717, 1186.3566717674198, 723.5516089717282, 0, 0, 0]","[3532.660811017203, 6915.64332823258, 15387.448391028272, 4029, 8102, 16111]","[4029, 8102, 16111, 4029, 8102, 16111]","[970, 2209, 1631, 0, 0, 0]","[3.416872332169189, 2.4673069460613117, 1.4488038416763678, 0.0, 0.0, 0.0]","[146.75466666666668, 423.8833333333333, 497.80899999999997, 0, 0, 0]","[0.026266666666666667, 20.577200000000005, 0.746, 0, 0, 0]","[0.0014666666666666667, 20.6068, 0.11133333333333334, 0, 0, 0]","[4148.245333333333, 16756.116666666665, 33862.191, 4295, 17180, 34360]","[371.9737333333333, 339.4228, 375.79400000000004, 372.0, 360.0, 376.54]","[199.99853333333334, 284.3932, 266.63866666666667, 200.0, 305.0, 266.75]","[(12, 0.05691666666666666, 0.014705555555555555), (22, 1.666666666666667e-05, 0.005383333333333333), (12, 5e-05, 0.08343333333333333), (0, 0, 0), (0, 0, 0), (0, 0, 0)]","[(4014, 67.04308333333333, 10.095294444444443), (16083, 51.89998333333334, 6.184616666666666), (32200, 58.19995, 11.556566666666665), (4026, 67.1, 10.11), (16105, 51.900000000000006, 6.1899999999999995), (32212, 58.2, 11.639999999999999)]","[0, 0, 0, 0, 0, 0]","[2, 0, 0, 0, 0, 0]"
284,"[23.727972201538844, 30.486299679091584, 8.99385513003538, 0.0, 0.0, 0.0]","[7, 10, 6, 0, 0, 0]","[181.99019008562107, 1269.7346978517312, 593.0900265528535, 0, 0, 0]","[3847.009809914379, 6832.265302148269, 15517.909973447146, 4029, 8102, 16111]","[4029, 8102, 16111, 4029, 8102, 16111]","[956, 2470, 1449, 0, 0, 0]","[3.6803213038416756, 2.1786643383779585, 1.4692749320915794, 0.0, 0.0, 0.0]","[158.0698, 374.2945333333333, 504.8428666666667, 0, 0, 0]","[0.013333333333333332, 21.945600000000006, 0.8096, 0, 0, 0]","[0.0005333333333333335, 21.986533333333337, 0.14133333333333334, 0, 0, 0]","[4136.9302, 16805.705466666666, 33855.157133333334, 4295, 17180, 34360]","[371.9866666666667, 338.0544, 375.73040000000003, 372.0, 360.0, 376.54]","[199.99946666666668, 283.01346666666666, 266.6086666666667, 200.0, 305.0, 266.75]","[(15, 0.03351666666666667, 0.005183333333333333), (19, 0.00046666666666666666, 0.006888888888888889), (14, 0.026199999999999998, 0.08186666666666667), (0, 0, 0), (0, 0, 0), (0, 0, 0)]","[(4011, 67.06648333333332, 10.104816666666666), (16086, 51.89953333333334, 6.183111111111111), (32198, 58.1738, 11.558133333333332), (4026, 67.1, 10.11), (16105, 51.900000000000006, 6.1899999999999995), (32212, 58.2, 11.639999999999999)]","[0, 2, 0, 0, 0, 0]","[2, 0, 0, 0, 0, 0]"
285,"[16.008935219657484, 32.38706492224142, 7.665570107380051, 0.0, 0.0, 0.0]","[7, 12, 5, 0, 0, 0]","[438.78947487496714, 987.2745327320275, 653.2097459839081, 0, 0, 0]","[3590.2105251250327, 7114.725467267973, 15457.790254016092, 4029, 8102, 16111]","[4029, 8102, 16111, 4029, 8102, 16111]","[645, 2624, 1235, 0, 0, 0]","[5.958964687621265, 9.672958866899496, 0.8284130772215755, 0.0, 0.0, 0.0]","[255.9375333333333, 1661.8143333333333, 284.64273333333335, 0, 0, 0]","[0.0428, 22.04013333333334, 8.450266666666666, 0, 0, 0]","[0.0312, 22.069333333333336, 8.303466666666667, 0, 0, 0]","[4039.0624666666668, 15518.185666666666, 34075.357266666666, 4295, 17180, 34360]","[371.9572, 337.95986666666664, 368.08973333333336, 372.0, 360.0, 376.54]","[199.9688, 282.93066666666664, 258.4465333333333, 200.0, 305.0, 266.75]","[(18, 0.05013333333333333, 0.0054444444444444445), (22, 0.0037333333333333333, 0.00785), (14, 0.0002833333333333333, 0.07128333333333334), (0, 0, 0), (0, 0, 0), (0, 0, 0)]","[(4008, 67.04986666666666, 10.104555555555555), (16083, 51.89626666666667, 6.182149999999999), (32198, 58.19971666666667, 11.568716666666665), (4026, 67.1, 10.11), (16105, 51.900000000000006, 6.1899999999999995), (32212, 58.2, 11.639999999999999)]","[0, 2, 0, 0, 0, 0]","[2, 0, 0, 0, 0, 0]"
286,"[24.025812856788285, 28.19057022957295, 13.034572652225188, 0.0, 0.0, 0.0]","[8, 8, 9, 0, 0, 0]","[581.8368972458546, 599.4549285425676, 1386.4458213071646, 0, 0, 0]","[3447.1631027541453, 7502.545071457433, 14724.554178692835, 4029, 8102, 16111]","[4029, 8102, 16111, 4029, 8102, 16111]","[968, 2284, 2100, 0, 0, 0]","[5.541889018238262, 8.009256499805977, 1.9817074117190532, 0.0, 0.0, 0.0]","[238.02413333333334, 1375.9902666666667, 680.9146666666667, 0, 0, 0]","[0.04013333333333333, 0.021066666666666668, 24.276266666666675, 0, 0, 0]","[0.029066666666666668, 0.0061333333333333335, 24.31, 0, 0, 0]","[4056.9758666666667, 15804.009733333332, 33679.085333333336, 4295, 17180, 34360]","[371.95986666666664, 359.9789333333333, 352.26373333333333, 372.0, 360.0, 376.54]","[199.97093333333333, 304.9938666666667, 242.44, 200.0, 305.0, 266.75]","[(19, 0.05598333333333332, 0.006988888888888888), (13, 0.0004166666666666667, 0.01846111111111111), (19, 0.0, 0.003663247863247863), (0, 0, 0), (0, 0, 0), (0, 0, 0)]","[(4007, 67.04401666666666, 10.10301111111111), (16092, 51.89958333333334, 6.171538888888889), (32193, 58.2, 11.636336752136751), (4026, 67.1, 10.11), (16105, 51.900000000000006, 6.1899999999999995), (32212, 58.2, 11.639999999999999)]","[0, 4, 0, 0, 0, 0]","[4, 0, 0, 0, 0, 0]"
287,"[22.313229089103995, 28.00543075783757, 17.66494941344423, 0.0, 0.0, 0.0]","[7, 8, 11, 0, 0, 0]","[659.363937854485, 713.7676999259747, 1683.4434770435114, 0, 0, 0]","[3369.636062145515, 7388.232300074025, 14427.556522956489, 4029, 8102, 16111]","[4029, 8102, 16111, 4029, 8102, 16111]","[899, 2269, 2846, 0, 0, 0]","[4.542946061311602, 8.991656965463719, 3.031502716336826, 0.0, 0.0, 0.0]","[195.11953333333332, 1544.7666666666667, 1041.6243333333334, 0, 0, 0]","[0.0344, 0.0112, 20.562133333333332, 0, 0, 0]","[0.036000000000000004, 0.005066666666666666, 20.618133333333333, 0, 0, 0]","[4099.8804666666665, 15635.233333333334, 33318.37566666667, 4295, 17180, 34360]","[371.9656, 359.9888, 355.97786666666667, 372.0, 360.0, 376.54]","[199.964, 304.99493333333334, 246.13186666666667, 200.0, 305.0, 266.75]","[(14, 0.0002833333333333333, 0.003605555555555555), (15, 0.09013333333333334, 0.02247222222222222), (23, 0.0, 0.003488888888888888), (0, 0, 0), (0, 0, 0), (0, 0, 0)]","[(4012, 67.09971666666667, 10.106394444444444), (16090, 51.80986666666667, 6.167527777777777), (32189, 58.2, 11.63651111111111), (4026, 67.1, 10.11), (16105, 51.900000000000006, 6.1899999999999995), (32212, 58.2, 11.639999999999999)]","[0, 4, 0, 0, 0, 0]","[4, 0, 0, 0, 0, 0]"
288,"[36.46066021345247, 13.762034065662798, 17.76426044317547, 0.0, 0.0, 0.0]","[10, 7, 11, 0, 0, 0]","[1196.2183293714609, 441.8762537340227, 1184.0590182719704, 0, 0, 0]","[2832.7816706285394, 7660.123746265977, 14926.94098172803, 4029, 8102, 16111]","[4029, 8102, 16111, 4029, 8102, 16111]","[1469, 1115, 2862, 0, 0, 0]","[9.055410166860689, 2.721108265424912, 2.526566162204113, 0.0, 0.0, 0.0]","[388.9298666666666, 467.4863999999999, 868.1281333333333, 0, 0, 0]","[0.03213333333333333, 0.011733333333333333, 21.947866666666666, 0, 0, 0]","[0.055466666666666664, 0.0037333333333333337, 22.015733333333333, 0, 0, 0]","[3906.0701333333336, 16712.5136, 33491.87186666667, 4295, 17180, 34360]","[371.9678666666667, 359.9882666666667, 354.5921333333334, 372.0, 360.0, 376.54]","[199.94453333333334, 304.99626666666666, 244.73426666666666, 200.0, 305.0, 266.75]","[(16, 0.0005666666666666667, 0.003611111111111111), (11, 0.0, 0.003988888888888889), (22, 0.00015, 0.0022055555555555552), (0, 0, 0), (0, 0, 0), (0, 0, 0)]","[(4010, 67.09943333333332, 10.106388888888889), (16094, 51.900000000000006, 6.18601111111111), (32190, 58.199850000000005, 11.637794444444443), (4026, 67.1, 10.11), (16105, 51.900000000000006, 6.1899999999999995), (32212, 58.2, 11.639999999999999)]","[0, 0, 0, 0, 0, 0]","[0, 0, 0, 0, 0, 0]"
289,"[46.835443037974684, 7.2944951863737355, 16.678046055490036, 0.0, 0.0, 0.0]","[14, 3, 10, 0, 0, 0]","[758.2414634551475, 259.8528692204495, 1405.721928649699, 0, 0, 0]","[3270.7585365448526, 7842.147130779551, 14705.278071350302, 4029, 8102, 16111]","[4029, 8102, 16111, 4029, 8102, 16111]","[1887, 591, 2687, 0, 0, 0]","[16.64467243195299, 0.29092394256887855, 2.8403919285991464, 0.0, 0.0, 0.0]","[714.8886809523809, 49.98073333333333, 975.9586666666667, 0, 0, 0]","[0.12253333333333333, 0.0, 0.053599999999999995, 0, 0, 0]","[0.12133333333333332, 0.0, 0.046799999999999994, 0, 0, 0]","[3580.111319047619, 17130.019266666666, 33384.041333333334, 4295, 17180, 34360]","[371.8774666666667, 360.0, 376.4864, 372.0, 360.0, 376.54]","[199.87866666666667, 305.0, 266.7032, 200.0, 305.0, 266.75]","[(22, 0.0004999999999999999, 0.004628571428571428), (6, 1.666666666666667e-05, 8.333333333333333e-05), (22, 0.0948, 0.021916666666666664), (0, 0, 0), (0, 0, 0), (0, 0, 0)]","[(4004, 67.09949999999999, 10.105371428571427), (16099, 51.89998333333334, 6.189916666666666), (32190, 58.1052, 11.618083333333333), (4026, 67.1, 10.11), (16105, 51.900000000000006, 6.1899999999999995), (32212, 58.2, 11.639999999999999)]","[0, 0, 0, 0, 0, 0]","[0, 0, 0, 0, 0, 0]"
290,"[41.523951352692976, 16.711922981979757, 14.424927068462543, 0.0, 0.0, 0.0]","[13, 7, 9, 0, 0, 0]","[757.630336624238, 809.2481534941562, 973.7380260224347, 0, 0, 0]","[3271.369663375762, 7292.751846505844, 15137.261973977566, 4029, 8102, 16111]","[4029, 8102, 16111, 4029, 8102, 16111]","[1673, 1354, 2324, 0, 0, 0]","[15.07115993126005, 5.305934807916182, 2.1283203337213816, 0.0, 0.0, 0.0]","[647.3063190476191, 911.5595999999999, 731.2908666666667, 0, 0, 0]","[1.4940000000000002, 0.0248, 0.04853333333333333, 0, 0, 0]","[1.5677333333333332, 0.01933333333333333, 0.030666666666666665, 0, 0, 0]","[3647.693680952381, 16268.4404, 33628.70913333333, 4295, 17180, 34360]","[370.506, 359.9752, 376.49146666666667, 372.0, 360.0, 376.54]","[198.43226666666666, 304.98066666666665, 266.71933333333334, 200.0, 305.0, 266.75]","[(20, 0.04471666666666666, 0.052490079365079365), (13, 0.0, 0.004127777777777778), (23, 0.0006, 0.003438888888888889), (0, 0, 0), (0, 0, 0), (0, 0, 0)]","[(4006, 67.05528333333332, 10.05750992063492), (16092, 51.900000000000006, 6.185872222222222), (32189, 58.199400000000004, 11.63656111111111), (4026, 67.1, 10.11), (16105, 51.900000000000006, 6.1899999999999995), (32212, 58.2, 11.639999999999999)]","[0, 0, 0, 0, 0, 0]","[0, 0, 0, 0, 0, 0]"
291,"[29.684785306527672, 26.339175512219203, 10.080069517720812, 0.0, 0.0, 0.0]","[9, 11, 6, 0, 0, 0]","[627.4973046947912, 1371.7765948315318, 961.7707854545245, 0, 0, 0]","[3401.502695305209, 6730.223405168468, 15149.229214545476, 4029, 8102, 16111]","[4029, 8102, 16111, 4029, 8102, 16111]","[1196, 2134, 1624, 0, 0, 0]","[9.36773302289484, 11.265967403958092, 0.3542489328676756, 0.0, 0.0, 0.0]","[402.34413333333333, 1935.4932000000001, 121.71993333333334, 0, 0, 0]","[0.20346666666666668, 1.211733333333333, 0.059466666666666654, 0, 0, 0]","[0.2864, 1.199466666666667, 0.04213333333333333, 0, 0, 0]","[3892.6558666666665, 15244.5068, 34238.280066666666, 4295, 17180, 34360]","[371.79653333333334, 358.7882666666667, 376.48053333333337, 372.0, 360.0, 376.54]","[199.7136, 303.8005333333333, 266.7078666666667, 200.0, 305.0, 266.75]","[(15, 0.03793333333333333, 0.046772222222222215), (24, 0.0, 0.00445), (16, 0.0, 0.0023444444444444446), (0, 0, 0), (0, 0, 0), (0, 0, 0)]","[(4011, 67.06206666666667, 10.063227777777778), (16081, 51.900000000000006, 6.185549999999999), (32196, 58.2, 11.637655555555554), (4026, 67.1, 10.11), (16105, 51.900000000000006, 6.1899999999999995), (32212, 58.2, 11.639999999999999)]","[0, 0, 0, 0, 0, 0]","[0, 0, 0, 0, 0, 0]"
292,"[32.836932241250935, 29.30140705998519, 10.682142635466452, 0.0, 0.0, 0.0]","[9, 12, 6, 0, 0, 0]","[632.3365111988007, 1870.8752424671525, 588.2244010362231, 0, 0, 0]","[3396.6634888011995, 6231.124757532847, 15522.775598963777, 4029, 8102, 16111]","[4029, 8102, 16111, 4029, 8102, 16111]","[1323, 2374, 1721, 0, 0, 0]","[6.470604578967793, 10.454700814901049, 0.14850970120294918, 0.0, 0.0, 0.0]","[277.91246666666666, 1796.1176, 51.02793333333334, 0, 0, 0]","[0.1856, 0.08773333333333333, 0.0030666666666666668, 0, 0, 0]","[0.2705333333333334, 0.09040000000000001, 0.0028, 0, 0, 0]","[4017.0875333333333, 15383.8824, 34308.97206666667, 4295, 17180, 34360]","[371.8144, 359.91226666666665, 376.53693333333337, 372.0, 360.0, 376.54]","[199.72946666666667, 304.9096, 266.7472, 200.0, 305.0, 266.75]","[(16, 0.00013333333333333334, 0.03626666666666666), (27, 1.666666666666667e-05, 0.015855555555555557), (16, 0.0, 0.00010000000000000002), (0, 0, 0), (0, 0, 0), (0, 0, 0)]","[(4010, 67.09986666666666, 10.073733333333333), (16078, 51.89998333333334, 6.174144444444444), (32196, 58.2, 11.639899999999999), (4026, 67.1, 10.11), (16105, 51.900000000000006, 6.1899999999999995), (32212, 58.2, 11.639999999999999)]","[0, 0, 0, 0, 0, 0]","[0, 0, 0, 0, 0, 0]"
293,"[27.500620501365102, 30.770180202419155, 7.5041896840667865, 0.0, 0.0, 0.0]","[8, 14, 4, 0, 0, 0]","[633.3141840145656, 1188.5095408046182, 575.9154212745127, 0, 0, 0]","[3395.6858159854346, 6913.490459195382, 15535.084578725488, 4029, 8102, 16111]","[4029, 8102, 16111, 4029, 8102, 16111]","[1108, 2493, 1209, 0, 0, 0]","[6.003720605355065, 13.038245634458672, 0.1619904928211098, 0.0, 0.0, 0.0]","[257.85980000000006, 2239.9706, 55.65993333333333, 0, 0, 0]","[0.0284, 0.09893333333333335, 0.0006666666666666668, 0, 0, 0]","[0.017333333333333333, 0.08293333333333333, 0.0002666666666666667, 0, 0, 0]","[4037.1402, 14940.0294, 34304.340066666664, 4295, 17180, 34360]","[371.9716, 359.9010666666667, 376.53933333333333, 372.0, 360.0, 376.54]","[199.98266666666666, 304.91706666666664, 266.7497333333333, 200.0, 305.0, 266.75]","[(15, 0.008966666666666666, 0.007677777777777777), (32, 0.12840000000000001, 0.03719444444444445), (11, 0.0, 0.0007277777777777778), (0, 0, 0), (0, 0, 0), (0, 0, 0)]","[(4011, 67.09103333333333, 10.102322222222222), (16073, 51.77160000000001, 6.152805555555555), (32201, 58.2, 11.639272222222221), (4026, 67.1, 10.11), (16105, 51.900000000000006, 6.1899999999999995), (32212, 58.2, 11.639999999999999)]","[0, 0, 0, 0, 0, 0]","[0, 0, 0, 0, 0, 0]"
294,"[20.054604120129063, 23.20414712416687, 13.301471044627894, 0.0, 0.0, 0.0]","[7, 11, 8, 0, 0, 0]","[662.1692650302148, 756.0635321797486, 1600.3382055976472, 0, 0, 0]","[3366.830734969785, 7345.936467820251, 14510.661794402353, 4029, 8102, 16111]","[4029, 8102, 16111, 4029, 8102, 16111]","[808, 1880, 2143, 0, 0, 0]","[4.0078789289871946, 3.488359720605355, 4.015564221963523, 0.0, 0.0, 0.0]","[172.13840000000002, 599.3002, 1379.7478666666664, 0, 0, 0]","[0.017866666666666666, 0.044000000000000004, 1.2773333333333334, 0, 0, 0]","[0.012, 0.0388, 1.8077333333333334, 0, 0, 0]","[4122.8616, 16580.6998, 32980.252133333335, 4295, 17180, 34360]","[371.9821333333333, 359.956, 375.2626666666667, 372.0, 360.0, 376.54]","[199.988, 304.9612, 264.9422666666667, 200.0, 305.0, 266.75]","[(13, 0.0, 0.00355), (24, 0.0, 0.048133333333333334), (20, 1.666666666666667e-05, 0.03113888888888889), (0, 0, 0), (0, 0, 0), (0, 0, 0)]","[(4013, 67.1, 10.106449999999999), (16081, 51.900000000000006, 6.141866666666666), (32192, 58.199983333333336, 11.60886111111111), (4026, 67.1, 10.11), (16105, 51.900000000000006, 6.1899999999999995), (32212, 58.2, 11.639999999999999)]","[0, 0, 0, 0, 0, 0]","[0, 0, 0, 0, 0, 0]"
295,"[25.564656242243732, 12.354974080473957, 18.23598783439886, 0.0, 0.0, 0.0]","[9, 7, 11, 0, 0, 0]","[214.03091768083385, 524.6440690631425, 1612.5486760832528, 0, 0, 0]","[3814.9690823191663, 7577.3559309368575, 14498.451323916746, 4029, 8102, 16111]","[4029, 8102, 16111, 4029, 8102, 16111]","[1030, 1001, 2938, 0, 0, 0]","[6.9751587116802485, 1.1507458284827319, 3.827116026387272, 0.0, 0.0, 0.0]","[299.5830666666667, 197.69813333333332, 1314.9970666666666, 0, 0, 0]","[0.02693333333333333, 0.027733333333333332, 0.20653333333333335, 0, 0, 0]","[0.012666666666666666, 0.009866666666666666, 0.8422666666666665, 0, 0, 0]","[3995.4169333333334, 16982.30186666667, 33045.00293333334, 4295, 17180, 34360]","[371.9730666666667, 359.97226666666666, 376.3334666666667, 372.0, 360.0, 376.54]","[199.98733333333334, 304.99013333333335, 265.90773333333334, 200.0, 305.0, 266.75]","[(17, 0.0006666666666666666, 0.0053), (17, 0.0, 0.0024277777777777774), (31, 0.0, 0.031000000000000003), (0, 0, 0), (0, 0, 0), (0, 0, 0)]","[(4009, 67.09933333333333, 10.1047), (16088, 51.900000000000006, 6.187572222222221), (32181, 58.2, 11.608999999999998), (4026, 67.1, 10.11), (16105, 51.900000000000006, 6.1899999999999995), (32212, 58.2, 11.639999999999999)]","[0, 0, 0, 0, 0, 0]","[0, 0, 0, 0, 0, 0]"
296,"[20.724745594440307, 22.537645025919524, 16.90149587238533, 0.0, 0.0, 0.0]","[8, 10, 11, 0, 0, 0]","[474.04207297477353, 1096.0363446126025, 1352.6538334998081, 0, 0, 0]","[3554.9579270252266, 7005.963655387397, 14758.346166500192, 4029, 8102, 16111]","[4029, 8102, 16111, 4029, 8102, 16111]","[835, 1826, 2723, 0, 0, 0]","[8.62477953323355, 3.059842840512224, 4.202987388436165, 0.0, 0.0, 0.0]","[370.43428095238096, 525.681, 1444.1464666666666, 0, 0, 0]","[0.020266666666666665, 0.040533333333333324, 0.7902666666666667, 0, 0, 0]","[0.0036, 0.03986666666666667, 0.7709333333333334, 0, 0, 0]","[3924.565719047619, 16654.319, 32915.853533333335, 4295, 17180, 34360]","[371.97973333333334, 359.9594666666667, 375.7497333333334, 372.0, 360.0, 376.54]","[199.9964, 304.9601333333333, 265.97906666666665, 200.0, 305.0, 266.75]","[(16, 0.0027666666666666664, 0.020361904761904758), (22, 0.0037166666666666667, 0.0047), (26, 0.0004166666666666667, 0.022968803418803425), (0, 0, 0), (0, 0, 0), (0, 0, 0)]","[(4010, 67.09723333333332, 10.089638095238096), (16083, 51.896283333333336, 6.1853), (32186, 58.19958333333334, 11.617031196581195), (4026, 67.1, 10.11), (16105, 51.900000000000006, 6.1899999999999995), (32212, 58.2, 11.639999999999999)]","[0, 0, 0, 0, 0, 0]","[0, 0, 0, 0, 0, 0]"
297,"[24.025812856788285, 21.081214514934583, 13.574576376388803, 0.0, 0.0, 0.0]","[9, 10, 9, 0, 0, 0]","[581.360700760216, 1186.784614095062, 623.19856191891, 0, 0, 0]","[3447.639299239784, 6915.215385904938, 15487.80143808109, 4029, 8102, 16111]","[4029, 8102, 16111, 4029, 8102, 16111]","[968, 1708, 2187, 0, 0, 0]","[9.495675259160706, 2.863263484672099, 2.445446643383779, 0.0, 0.0, 0.0]","[407.8392523809523, 491.9086666666666, 840.2554666666666, 0, 0, 0]","[0.0096, 0.037599999999999995, 1.7990666666666668, 0, 0, 0]","[0.0032, 0.037733333333333334, 0.4901333333333333, 0, 0, 0]","[3887.1607476190475, 16688.091333333334, 33519.74453333333, 4295, 17180, 34360]","[371.9904, 359.9624, 374.7409333333334, 372.0, 360.0, 376.54]","[199.9968, 304.96226666666666, 266.25986666666665, 200.0, 305.0, 266.75]","[(20, 0.0003, 0.08325674603174604), (22, 0.0004, 0.005077777777777778), (19, 0.011550000000000001, 0.4351055555555556), (0, 0, 0), (0, 0, 0), (0, 0, 0)]","[(4006, 67.0997, 10.026743253968254), (16083, 51.89960000000001, 6.184922222222221), (32193, 58.18845, 11.204894444444443), (4026, 67.1, 10.11), (16105, 51.900000000000006, 6.1899999999999995), (32212, 58.2, 11.639999999999999)]","[0, 0, 0, 0, 0, 0]","[0, 0, 0, 0, 0, 0]"
298,"[35.145197319434104, 21.537891878548507, 12.022841536838184, 0.0, 0.0, 0.0]","[11, 9, 8, 0, 0, 0]","[1042.4873535652505, 806.1178931778655, 896.3049370979707, 0, 0, 0]","[2986.5126464347495, 7295.882106822134, 15214.695062902028, 4029, 8102, 16111]","[4029, 8102, 16111, 4029, 8102, 16111]","[1416, 1745, 1937, 0, 0, 0]","[10.145876600698484, 1.5006655025223123, 2.3175291036088472, 0.0, 0.0, 0.0]","[435.76539999999994, 257.81433333333325, 796.3029999999999, 0, 0, 0]","[0.05213333333333334, 0.0488, 1.3932, 0, 0, 0]","[0.04693333333333333, 0.05879999999999999, 0.39653333333333335, 0, 0, 0]","[3859.2346000000002, 16922.185666666668, 33563.697, 4295, 17180, 34360]","[371.94786666666664, 359.9512, 375.14680000000004, 372.0, 360.0, 376.54]","[199.95306666666667, 304.9412, 266.3534666666667, 200.0, 305.0, 266.75]","[(23, 0.0012166666666666665, 0.07527991452991452), (20, 0.00013333333333333334, 0.0044222222222222215), (15, 0.0005, 0.23127777777777778), (0, 0, 0), (0, 0, 0), (0, 0, 0)]","[(4003, 67.09878333333333, 10.034720085470084), (16085, 51.899866666666675, 6.185577777777778), (32197, 58.1995, 11.40872222222222), (4026, 67.1, 10.11), (16105, 51.900000000000006, 6.1899999999999995), (32212, 58.2, 11.639999999999999)]","[0, 0, 0, 0, 0, 0]","[0, 0, 0, 0, 0, 0]"
299,"[36.78332092330603, 13.255986176252776, 15.095276519148406, 0.0, 0.0, 0.0]","[11, 6, 9, 0, 0, 0]","[784.7428572285304, 782.3510749932452, 1877.1122126769603, 0, 0, 0]","[3244.2571427714697, 7319.648925006755, 14233.88778732304, 4029, 8102, 16111]","[4029, 8102, 16111, 4029, 8102, 16111]","[1482, 1074, 2432, 0, 0, 0]","[8.82956461001164, 1.204408226620101, 1.3993362436942178, 0.0, 0.0, 0.0]","[379.22979999999995, 206.91733333333335, 480.8119333333333, 0, 0, 0]","[0.0544, 0.05466666666666667, 0.9994666666666665, 0, 0, 0]","[0.031466666666666664, 0.037466666666666655, 0.3236, 0, 0, 0]","[3915.7702, 16973.082666666665, 33879.18806666667, 4295, 17180, 34360]","[371.9456, 359.94533333333334, 375.54053333333337, 372.0, 360.0, 376.54]","[199.96853333333334, 304.96253333333334, 266.4264, 200.0, 305.0, 266.75]","[(22, 1.666666666666667e-05, 0.07173888888888888), (11, 0.03963333333333333, 0.01783888888888889), (22, 0.0001, 0.2893111111111111), (0, 0, 0), (0, 0, 0), (0, 0, 0)]","[(4004, 67.09998333333333, 10.03826111111111), (16094, 51.86036666666667, 6.1721611111111105), (32190, 58.1999, 11.350688888888888), (4026, 67.1, 10.11), (16105, 51.900000000000006, 6.1899999999999995), (32212, 58.2, 11.639999999999999)]","[0, 0, 0, 0, 0, 0]","[0, 0, 0, 0, 0, 0]"
300,"[34.42541573591462, 21.340409775364108, 14.952516913909752, 0.0, 0.0, 0.0]","[9, 10, 9, 0, 0, 0]","[1102.0845356746972, 1236.5412874126682, 1125.7183354913147, 0, 0, 0]","[2926.9154643253028, 6865.458712587331, 14985.281664508686, 4029, 8102, 16111]","[4029, 8102, 16111, 4029, 8102, 16111]","[1387, 1729, 2409, 0, 0, 0]","[4.331321691889794, 2.939313154831199, 1.6169000776096232, 0.0, 0.0, 0.0]","[186.03026666666668, 504.974, 555.5668666666666, 0, 0, 0]","[0.06293333333333334, 0.06773333333333333, 1.2144, 0, 0, 0]","[0.05053333333333333, 0.02786666666666667, 0.39453333333333335, 0, 0, 0]","[4108.969733333333, 16675.026, 33804.43313333333, 4295, 17180, 34360]","[371.9370666666667, 359.9322666666667, 375.3256, 372.0, 360.0, 376.54]","[199.94946666666667, 304.9721333333333, 266.35546666666664, 200.0, 305.0, 266.75]","[(19, 3.3333333333333335e-05, 0.05904658119658119), (18, 0.05734999999999999, 0.04163690476190476), (24, 0.00019999999999999998, 0.3801722222222223), (0, 0, 0), (0, 0, 0), (0, 0, 0)]","[(4007, 67.09996666666666, 10.050953418803418), (16087, 51.842650000000006, 6.1483630952380945), (32188, 58.1998, 11.259827777777776), (4026, 67.1, 10.11), (16105, 51.900000000000006, 6.1899999999999995), (32212, 58.2, 11.639999999999999)]","[0, 0, 0, 0, 0, 0]","[0, 0, 0, 0, 0, 0]"
301,"[37.45346239761728, 21.439150826956308, 12.178015020793246, 0.0, 0.0, 0.0]","[10, 10, 7, 0, 0, 0]","[569.4199741126622, 814.9957670869185, 482.98951125444864, 0, 0, 0]","[3459.580025887338, 7287.004232913081, 15628.01048874555, 4029, 8102, 16111]","[4029, 8102, 16111, 4029, 8102, 16111]","[1509, 1737, 1962, 0, 0, 0]","[12.148866123399301, 2.5352110981761733, 0.9625607295304617, 0.0, 0.0, 0.0]","[521.7938, 435.54926666666654, 330.73586666666665, 0, 0, 0]","[0.05946666666666666, 0.04426666666666667, 0.014666666666666666, 0, 0, 0]","[0.047466666666666664, 0.02213333333333333, 0.004266666666666667, 0, 0, 0]","[3773.2062, 16744.450733333335, 34029.26413333333, 4295, 17180, 34360]","[371.94053333333335, 359.95573333333334, 376.5253333333334, 372.0, 360.0, 376.54]","[199.95253333333332, 304.97786666666667, 266.7457333333333, 200.0, 305.0, 266.75]","[(20, 0.0, 0.05920555555555555), (17, 0.03355, 0.030738888888888892), (18, 1.666666666666667e-05, 0.007466666666666667), (0, 0, 0), (0, 0, 0), (0, 0, 0)]","[(4006, 67.1, 10.050794444444444), (16088, 51.86645000000001, 6.15926111111111), (32194, 58.199983333333336, 11.632533333333333), (4026, 67.1, 10.11), (16105, 51.900000000000006, 6.1899999999999995), (32212, 58.2, 11.639999999999999)]","[0, 0, 0, 0, 0, 0]","[0, 0, 0, 0, 0, 0]"
302,"[24.72077438570365, 20.661565045667736, 11.867668052883124, 0.0, 0.0, 0.0]","[8, 10, 7, 0, 0, 0]","[337.1593299530624, 1095.0580719987129, 1297.1267914050675, 0, 0, 0]","[3691.8406700469377, 7006.941928001287, 14813.873208594932, 4029, 8102, 16111]","[4029, 8102, 16111, 4029, 8102, 16111]","[996, 1674, 1912, 0, 0, 0]","[7.4888909584788514, 1.9408816453240199, 0.787846720993403, 0.0, 0.0, 0.0]","[321.6478666666667, 333.4434666666666, 270.7041333333333, 0, 0, 0]","[0.030000000000000002, 0.05533333333333333, 12.118533333333334, 0, 0, 0]","[0.021333333333333336, 0.028000000000000004, 12.070000000000002, 0, 0, 0]","[3973.3521333333333, 16846.556533333332, 34089.29586666667, 4295, 17180, 34360]","[371.97, 359.94466666666665, 364.4214666666667, 372.0, 360.0, 376.54]","[199.97866666666667, 304.972, 254.68, 200.0, 305.0, 266.75]","[(19, 5e-05, 0.0032111111111111108), (14, 0.05048333333333333, 0.05398373015873016), (14, 1.666666666666667e-05, 0.004938888888888889), (0, 0, 0), (0, 0, 0), (0, 0, 0)]","[(4007, 67.09994999999999, 10.106788888888888), (16091, 51.84951666666667, 6.136016269841269), (32198, 58.199983333333336, 11.63506111111111), (4026, 67.1, 10.11), (16105, 51.900000000000006, 6.1899999999999995), (32212, 58.2, 11.639999999999999)]","[0, 0, 0, 0, 0, 0]","[0, 0, 0, 0, 0, 0]"
303,"[14.594192107222636, 24.450752900518392, 13.33871268077711, 0.0, 0.0, 0.0]","[6, 11, 8, 0, 0, 0]","[299.1397328189523, 1166.5445519943248, 1209.4737586068682, 0, 0, 0]","[3729.8602671810477, 6935.455448005675, 14901.526241393132, 4029, 8102, 16111]","[4029, 8102, 16111, 4029, 8102, 16111]","[588, 1981, 2149, 0, 0, 0]","[2.628495149398525, 2.0292440822662012, 0.7842875436554132, 0.0, 0.0, 0.0]","[112.89386666666665, 348.62413333333336, 269.4812, 0, 0, 0]","[0.011066666666666667, 0.08293333333333333, 0.02813333333333333, 0, 0, 0]","[0.013466666666666667, 0.06706666666666666, 0.010933333333333333, 0, 0, 0]","[4182.106133333334, 16831.375866666665, 34090.5188, 4295, 17180, 34360]","[371.9889333333333, 359.91706666666664, 376.51186666666666, 372.0, 360.0, 376.54]","[199.98653333333334, 304.9329333333333, 266.73906666666664, 200.0, 305.0, 266.75]","[(16, 0.0, 0.002038888888888889), (15, 0.03933333333333333, 0.1211111111111111), (13, 5e-05, 0.012361111111111111), (0, 0, 0), (0, 0, 0), (0, 0, 0)]","[(4010, 67.1, 10.107961111111111), (16090, 51.860666666666674, 6.068888888888888), (32199, 58.19995, 11.627638888888887), (4026, 67.1, 10.11), (16105, 51.900000000000006, 6.1899999999999995), (32212, 58.2, 11.639999999999999)]","[0, 0, 0, 0, 0, 0]","[0, 0, 0, 0, 0, 0]"
304,"[17.49813849590469, 22.117995556652676, 14.52423809819378, 0.0, 0.0, 0.0]","[8, 10, 9, 0, 0, 0]","[429.73826877117017, 1346.8363021682949, 1718.3774313521117, 0, 0, 0]","[3599.26173122883, 6755.163697831706, 14392.622568647888, 4029, 8102, 16111]","[4029, 8102, 16111, 4029, 8102, 16111]","[705, 1792, 2340, 0, 0, 0]","[5.909091191307722, 1.7159355840124175, 3.7859218083042294, 0.0, 0.0, 0.0]","[253.79546666666667, 294.7977333333333, 1300.8427333333332, 0, 0, 0]","[0.009733333333333333, 0.0612, 0.024133333333333333, 0, 0, 0]","[0.007333333333333332, 0.03973333333333333, 0.009066666666666667, 0, 0, 0]","[4041.2045333333335, 16885.202266666667, 33059.15726666667, 4295, 17180, 34360]","[371.9902666666667, 359.9388, 376.5158666666667, 372.0, 360.0, 376.54]","[199.99266666666668, 304.96026666666666, 266.7409333333333, 200.0, 305.0, 266.75]","[(22, 0.4706, 0.039872222222222226), (13, 0.00031666666666666665, 0.07989126984126986), (15, 0.0, 0.005233333333333335), (0, 0, 0), (0, 0, 0), (0, 0, 0)]","[(4004, 66.62939999999999, 10.070127777777778), (16092, 51.899683333333336, 6.110108730158729), (32197, 58.2, 11.634766666666666), (4026, 67.1, 10.11), (16105, 51.900000000000006, 6.1899999999999995), (32212, 58.2, 11.639999999999999)]","[0, 0, 0, 0, 0, 0]","[0, 0, 0, 0, 0, 0]"
305,"[21.692727724000992, 23.05603554677857, 15.008379368133573, 0.0, 0.0, 0.0]","[9, 10, 9, 0, 0, 0]","[532.5346154815586, 824.5665294437902, 1026.66547174573, 0, 0, 0]","[3496.465384518441, 7277.43347055621, 15084.33452825427, 4029, 8102, 16111]","[4029, 8102, 16111, 4029, 8102, 16111]","[874, 1868, 2418, 0, 0, 0]","[6.770689949553745, 1.5306445479239423, 3.456588086922778, 0.0, 0.0, 0.0]","[290.8011333333333, 262.9647333333333, 1187.6836666666666, 0, 0, 0]","[0.010133333333333333, 0.06186666666666667, 0.03186666666666667, 0, 0, 0]","[0.007333333333333334, 0.036800000000000006, 0.009199999999999998, 0, 0, 0]","[4004.1988666666666, 16917.035266666666, 33172.316333333336, 4295, 17180, 34360]","[371.98986666666667, 359.9381333333333, 376.5081333333334, 372.0, 360.0, 376.54]","[199.99266666666668, 304.9632, 266.7408, 200.0, 305.0, 266.75]","[(22, 0.0, 0.004291025641025641), (13, 3.3333333333333335e-05, 0.08063333333333332), (16, 0.0, 0.005311111111111111), (0, 0, 0), (0, 0, 0), (0, 0, 0)]","[(4004, 67.1, 10.105708974358974), (16092, 51.89996666666667, 6.109366666666666), (32196, 58.2, 11.634688888888888), (4026, 67.1, 10.11), (16105, 51.900000000000006, 6.1899999999999995), (32212, 58.2, 11.639999999999999)]","[0, 0, 0, 0, 0, 0]","[0, 0, 0, 0, 0, 0]"
306,"[21.816827997021594, 24.99382868427549, 18.856681770219105, 0.0, 0.0, 0.0]","[8, 8, 11, 0, 0, 0]","[602.3997475821977, 1012.0609124318567, 1206.946450285879, 0, 0, 0]","[3426.600252417802, 7089.939087568144, 14904.05354971412, 4029, 8102, 16111]","[4029, 8102, 16111, 4029, 8102, 16111]","[879, 2025, 3038, 0, 0, 0]","[15.057171905316258, 1.4431959642995733, 3.9750000000000005, 0.0, 0.0, 0.0]","[646.7055333333333, 247.94106666666667, 1365.8100000000002, 0, 0, 0]","[0.0184, 0.036933333333333325, 0.08666666666666667, 0, 0, 0]","[0.012666666666666668, 0.03186666666666666, 0.05880000000000001, 0, 0, 0]","[3648.2944666666667, 16932.058933333334, 32994.19, 4295, 17180, 34360]","[371.9816, 359.9630666666667, 376.4533333333334, 372.0, 360.0, 376.54]","[199.98733333333334, 304.96813333333336, 266.6912, 200.0, 305.0, 266.75]","[(18, 0.06446666666666667, 0.025066666666666675), (13, 0.0, 0.05772222222222222), (23, 5e-05, 0.005638888888888889), (0, 0, 0), (0, 0, 0), (0, 0, 0)]","[(4008, 67.03553333333333, 10.084933333333332), (16092, 51.900000000000006, 6.1322777777777775), (32189, 58.19995, 11.63436111111111), (4026, 67.1, 10.11), (16105, 51.900000000000006, 6.1899999999999995), (32212, 58.2, 11.639999999999999)]","[0, 2, 0, 0, 0, 0]","[2, 0, 0, 0, 0, 0]"
307,"[31.769669893273765, 23.191804492717846, 11.613183539196822, 0.0, 0.0, 0.0]","[11, 7, 7, 0, 0, 0]","[594.0722919125598, 828.6038295809924, 1299.9883056299977, 0, 0, 0]","[3434.9277080874404, 7273.396170419008, 14811.011694370001, 4029, 8102, 16111]","[4029, 8102, 16111, 4029, 8102, 16111]","[1280, 1879, 1871, 0, 0, 0]","[20.212535506402794, 0.9073643771827707, 0.3091078773767947, 0.0, 0.0, 0.0]","[868.1283999999999, 155.8852, 106.20946666666666, 0, 0, 0]","[0.13266666666666668, 0.0005333333333333335, 0.05666666666666668, 0, 0, 0]","[0.21239999999999995, 0.0036000000000000003, 0.04719999999999999, 0, 0, 0]","[3426.8716, 17024.1148, 34253.79053333333, 4295, 17180, 34360]","[371.8673333333333, 359.99946666666665, 376.48333333333335, 372.0, 360.0, 376.54]","[199.7876, 304.9964, 266.7028, 200.0, 305.0, 266.75]","[(24, 0.00988333333333333, 0.037627777777777774), (12, 0.0, 0.0007833333333333333), (17, 0.0003333333333333333, 0.002022222222222222), (0, 0, 0), (0, 0, 0), (0, 0, 0)]","[(4002, 67.09011666666666, 10.072372222222223), (16093, 51.900000000000006, 6.189216666666666), (32195, 58.19966666666667, 11.637977777777776), (4026, 67.1, 10.11), (16105, 51.900000000000006, 6.1899999999999995), (32212, 58.2, 11.639999999999999)]","[0, 2, 0, 0, 0, 0]","[2, 0, 0, 0, 0, 0]"
308,"[24.621494167287167, 25.672673413971857, 16.18769784619204, 0.0, 0.0, 0.0]","[8, 8, 9, 0, 0, 0]","[446.9764199302298, 1423.9033068519298, 1817.6079473216764, 0, 0, 0]","[3582.02358006977, 6678.096693148071, 14293.392052678324, 4029, 8102, 16111]","[4029, 8102, 16111, 4029, 8102, 16111]","[992, 2080, 2608, 0, 0, 0]","[15.606494373302285, 1.6545300737291424, 0.21958866899495538, 0.0, 0.0, 0.0]","[670.2989333333331, 284.24826666666667, 75.45066666666666, 0, 0, 0]","[0.23440000000000003, 0.030933333333333334, 0.10306666666666667, 0, 0, 0]","[0.4057333333333333, 0.007733333333333333, 0.0944, 0, 0, 0]","[3624.701066666667, 16895.751733333334, 34284.549333333336, 4295, 17180, 34360]","[371.7656, 359.96906666666666, 376.43693333333334, 372.0, 360.0, 376.54]","[199.59426666666667, 304.9922666666667, 266.6556, 200.0, 305.0, 266.75]","[(17, 0.005283333333333332, 0.06306666666666666), (15, 0.05691666666666666, 0.01554102564102564), (21, 0.0, 0.0013166666666666667), (0, 0, 0), (0, 0, 0), (0, 0, 0)]","[(4009, 67.09471666666666, 10.046933333333333), (16090, 51.84308333333334, 6.1744589743589735), (32191, 58.2, 11.638683333333333), (4026, 67.1, 10.11), (16105, 51.900000000000006, 6.1899999999999995), (32212, 58.2, 11.639999999999999)]","[0, 2, 0, 0, 0, 0]","[2, 2, 0, 0, 0, 0]"
309,"[29.36212459667411, 33.13996544063194, 16.18769784619204, 0.0, 0.0, 0.0]","[8, 11, 9, 0, 0, 0]","[864.0119318502512, 725.4569728154703, 489.7173488434678, 0, 0, 0]","[3164.988068149749, 7376.54302718453, 15621.282651156533, 4029, 8102, 16111]","[4029, 8102, 16111, 4029, 8102, 16111]","[1183, 2685, 2608, 0, 0, 0]","[9.961789677920061, 1.8823903764066747, 0.21132266201008926, 0.0, 0.0, 0.0]","[427.8588666666666, 323.3946666666667, 72.61046666666667, 0, 0, 0]","[1.3717333333333332, 0.01773333333333333, 0.06, 0, 0, 0]","[1.5556, 0.006933333333333334, 0.05, 0, 0, 0]","[3867.1411333333335, 16856.605333333333, 34287.389533333335, 4295, 17180, 34360]","[370.62826666666666, 359.98226666666665, 376.48, 372.0, 360.0, 376.54]","[198.4444, 304.99306666666666, 266.7, 200.0, 305.0, 266.75]","[(15, 0.0008666666666666668, 0.05869444444444444), (20, 0.03356666666666667, 0.01156111111111111), (21, 0.0, 0.0012722222222222225), (0, 0, 0), (0, 0, 0), (0, 0, 0)]","[(4011, 67.09913333333333, 10.051305555555555), (16085, 51.86643333333334, 6.178438888888889), (32191, 58.2, 11.638727777777776), (4026, 67.1, 10.11), (16105, 51.900000000000006, 6.1899999999999995), (32212, 58.2, 11.639999999999999)]","[0, 2, 0, 0, 0, 0]","[2, 2, 0, 0, 0, 0]"
310,"[33.06031273268801, 29.49888916316959, 14.338029917447706, 0.0, 0.0, 0.0]","[10, 7, 8, 0, 0, 0]","[895.9533470946366, 896.0750877981997, 826.8513554076878, 0, 0, 0]","[3133.0466529053633, 7205.9249122018, 15284.148644592313, 4029, 8102, 16111]","[4029, 8102, 16111, 4029, 8102, 16111]","[1332, 2390, 2310, 0, 0, 0]","[3.786073729142413, 0.9877287543655413, 1.4550312378734964, 0.0, 0.0, 0.0]","[162.61186666666666, 169.6918, 499.9487333333334, 0, 0, 0]","[0.48506666666666665, 0.012133333333333333, 0.0248, 0, 0, 0]","[0.6572000000000001, 0.00013333333333333337, 0.017333333333333336, 0, 0, 0]","[4132.388133333333, 17010.3082, 33860.05126666667, 4295, 17180, 34360]","[371.5149333333333, 359.98786666666666, 376.5152, 372.0, 360.0, 376.54]","[199.3428, 304.99986666666666, 266.73266666666666, 200.0, 305.0, 266.75]","[(20, 0.0002333333333333333, 0.0583611111111111), (12, 0.04946666666666666, 0.00505), (13, 0.0, 0.009116666666666667), (0, 0, 0), (0, 0, 0), (0, 0, 0)]","[(4006, 67.09976666666667, 10.051638888888888), (16093, 51.85053333333334, 6.18495), (32199, 58.2, 11.630883333333331), (4026, 67.1, 10.11), (16105, 51.900000000000006, 6.1899999999999995), (32212, 58.2, 11.639999999999999)]","[0, 4, 0, 0, 0, 0]","[2, 2, 0, 0, 0, 0]"
311,"[27.724000992802182, 30.214761787213035, 10.868350816212526, 0.0, 0.0, 0.0]","[9, 7, 6, 0, 0, 0]","[578.6628165649064, 595.407781562388, 985.3790831450788, 0, 0, 0]","[3450.3371834350937, 7506.592218437612, 15125.620916854921, 4029, 8102, 16111]","[4029, 8102, 16111, 4029, 8102, 16111]","[1117, 2448, 1751, 0, 0, 0]","[4.256058983313931, 6.175419868063639, 1.226534924330617, 0.0, 0.0, 0.0]","[182.79773333333333, 1060.9371333333333, 421.4374, 0, 0, 0]","[0.35039999999999993, 0.22666666666666668, 0.02453333333333333, 0, 0, 0]","[0.4301333333333333, 1.4918666666666667, 0.017866666666666666, 0, 0, 0]","[4112.202266666667, 16119.062866666667, 33938.5626, 4295, 17180, 34360]","[371.6496, 359.7733333333333, 376.51546666666667, 372.0, 360.0, 376.54]","[199.56986666666666, 303.5081333333333, 266.7321333333333, 200.0, 305.0, 266.75]","[(18, 0.00031666666666666665, 0.029566666666666665), (14, 0.05543333333333332, 0.05364444444444445), (9, 0.0, 0.050644444444444436), (0, 0, 0), (0, 0, 0), (0, 0, 0)]","[(4008, 67.09968333333333, 10.080433333333334), (16091, 51.84456666666667, 6.136355555555555), (32203, 58.2, 11.589355555555555), (4026, 67.1, 10.11), (16105, 51.900000000000006, 6.1899999999999995), (32212, 58.2, 11.639999999999999)]","[0, 4, 0, 0, 0, 0]","[2, 2, 0, 0, 0, 0]"
312,"[18.093819806403573, 17.526536657615406, 13.49388616473217, 0.0, 0.0, 0.0]","[7, 7, 8, 0, 0, 0]","[400.66483256774995, 957.8790649277291, 965.831303860242, 0, 0, 0]","[3628.3351674322503, 7144.120935072271, 15145.168696139757, 4029, 8102, 16111]","[4029, 8102, 16111, 4029, 8102, 16111]","[729, 1420, 2174, 0, 0, 0]","[2.9336717112922, 5.413252619324797, 1.1602857974388825, 0.0, 0.0, 0.0]","[126.0012, 929.9968, 398.6742, 0, 0, 0]","[0.23359999999999997, 0.1656, 0.028666666666666663, 0, 0, 0]","[0.21720000000000003, 0.7817333333333332, 0.014933333333333333, 0, 0, 0]","[4168.9988, 16250.0032, 33961.3258, 4295, 17180, 34360]","[371.7664, 359.8344, 376.51133333333337, 372.0, 360.0, 376.54]","[199.7828, 304.2182666666667, 266.7350666666667, 200.0, 305.0, 266.75]","[(15, 0.0, 0.002288888888888889), (13, 0.0335, 0.027111111111111114), (14, 6.666666666666667e-05, 0.009877777777777777), (0, 0, 0), (0, 0, 0), (0, 0, 0)]","[(4011, 67.1, 10.10771111111111), (16092, 51.86650000000001, 6.162888888888888), (32198, 58.199933333333334, 11.630122222222221), (4026, 67.1, 10.11), (16105, 51.900000000000006, 6.1899999999999995), (32212, 58.2, 11.639999999999999)]","[0, 0, 0, 0, 0, 0]","[0, 0, 0, 0, 0, 0]"
313,"[14.494911888806156, 19.377931374969144, 10.986282664018372, 0.0, 0.0, 0.0]","[6, 8, 7, 0, 0, 0]","[145.87015774626883, 718.6361171817828, 855.8207090482036, 0, 0, 0]","[3883.129842253731, 7383.3638828182175, 15255.179290951797, 4029, 8102, 16111]","[4029, 8102, 16111, 4029, 8102, 16111]","[584, 1570, 1770, 0, 0, 0]","[2.1646332945285214, 5.518526193247962, 0.6036014745828483, 0.0, 0.0, 0.0]","[92.971, 948.0827999999999, 207.39746666666665, 0, 0, 0]","[0.2278666666666667, 0.18053333333333335, 0.046933333333333334, 0, 0, 0]","[0.2116, 0.6221333333333335, 0.02866666666666666, 0, 0, 0]","[4202.029, 16231.9172, 34152.60253333333, 4295, 17180, 34360]","[371.77213333333333, 359.81946666666664, 376.49306666666666, 372.0, 360.0, 376.54]","[199.7884, 304.37786666666665, 266.72133333333335, 200.0, 305.0, 266.75]","[(12, 0.0, 0.0018055555555555555), (16, 0.0020666666666666663, 0.03244444444444445), (11, 0.0, 0.004383333333333334), (0, 0, 0), (0, 0, 0), (0, 0, 0)]","[(4014, 67.1, 10.108194444444443), (16089, 51.89793333333334, 6.157555555555555), (32201, 58.2, 11.635616666666666), (4026, 67.1, 10.11), (16105, 51.900000000000006, 6.1899999999999995), (32212, 58.2, 11.639999999999999)]","[0, 0, 0, 0, 0, 0]","[0, 0, 0, 0, 0, 0]"
314,"[18.739141226110696, 20.82201925450506, 12.66215629073304, 0.0, 0.0, 0.0]","[8, 8, 8, 0, 0, 0]","[496.5898434463886, 1042.0630273000272, 695.0060647763858, 0, 0, 0]","[3532.410156553611, 7059.936972699973, 15415.993935223614, 4029, 8102, 16111]","[4029, 8102, 16111, 4029, 8102, 16111]","[755, 1687, 2040, 0, 0, 0]","[5.181766395032985, 6.56833022894839, 0.8305714008537058, 0.0, 0.0, 0.0]","[222.55686666666668, 1128.4391333333333, 285.38433333333336, 0, 0, 0]","[0.027466666666666667, 0.16399999999999995, 0.0392, 0, 0, 0]","[0.017466666666666665, 0.6789333333333333, 0.02093333333333333, 0, 0, 0]","[4072.443133333333, 16051.560866666667, 34074.615666666665, 4295, 17180, 34360]","[371.97253333333333, 359.836, 376.5008, 372.0, 360.0, 376.54]","[199.98253333333332, 304.32106666666664, 266.72906666666665, 200.0, 305.0, 266.75]","[(18, 0.0020666666666666663, 0.019099999999999995), (16, 0.0446, 0.1156555555555556), (13, 0.0, 0.008100000000000001), (0, 0, 0), (0, 0, 0), (0, 0, 0)]","[(4008, 67.09793333333333, 10.0909), (16089, 51.8554, 6.074344444444444), (32199, 58.2, 11.631899999999998), (4026, 67.1, 10.11), (16105, 51.900000000000006, 6.1899999999999995), (32212, 58.2, 11.639999999999999)]","[0, 0, 0, 0, 0, 0]","[0, 0, 0, 0, 0, 0]"
315,"[28.76644328617523, 16.51444087879536, 10.713177332257464, 0.0, 0.0, 0.0]","[9, 7, 7, 0, 0, 0]","[949.6135954347174, 913.0190129722721, 1028.0439561406176, 0, 0, 0]","[3079.3864045652826, 7188.980987027728, 15082.956043859382, 4029, 8102, 16111]","[4029, 8102, 16111, 4029, 8102, 16111]","[1159, 1338, 1726, 0, 0, 0]","[6.476693830034923, 2.7104307334109423, 2.2755688785409394, 0.0, 0.0, 0.0]","[278.1739999999999, 465.65199999999993, 781.8854666666667, 0, 0, 0]","[0.014, 0.012799999999999999, 0.0336, 0, 0, 0]","[0.008133333333333334, 0.004, 0.024133333333333333, 0, 0, 0]","[4016.826, 16714.348, 33578.11453333333, 4295, 17180, 34360]","[371.986, 359.9872, 376.50640000000004, 372.0, 360.0, 376.54]","[199.99186666666665, 304.996, 266.72586666666666, 200.0, 305.0, 266.75]","[(21, 6.666666666666667e-05, 0.08271880341880344), (10, 1.666666666666667e-05, 0.01956111111111111), (13, 0.0035499999999999998, 0.007466666666666667), (0, 0, 0), (0, 0, 0), (0, 0, 0)]","[(4005, 67.09993333333333, 10.027281196581196), (16095, 51.89998333333334, 6.170438888888889), (32199, 58.196450000000006, 11.632533333333333), (4026, 67.1, 10.11), (16105, 51.900000000000006, 6.1899999999999995), (32212, 58.2, 11.639999999999999)]","[0, 0, 0, 0, 0, 0]","[0, 0, 0, 0, 0, 0]"
316,"[35.84015884834947, 16.279930881263883, 10.502141394078581, 0.0, 0.0, 0.0]","[11, 7, 7, 0, 0, 0]","[926.8517523146025, 324.71915980043207, 756.9557560305501, 0, 0, 0]","[3102.1482476853976, 7777.280840199568, 15354.04424396945, 4029, 8102, 16111]","[4029, 8102, 16111, 4029, 8102, 16111]","[1444, 1319, 1692, 0, 0, 0]","[7.400327512611563, 2.983566162204114, 2.216059565386108, 0.0, 0.0, 0.0]","[317.8440666666666, 512.5766666666667, 761.4380666666667, 0, 0, 0]","[0.012266666666666665, 0.026266666666666667, 0.041466666666666666, 0, 0, 0]","[0.006266666666666667, 0.06653333333333332, 0.029333333333333336, 0, 0, 0]","[3977.1559333333335, 16667.423333333332, 33598.56193333333, 4295, 17180, 34360]","[371.9877333333333, 359.9737333333333, 376.49853333333334, 372.0, 360.0, 376.54]","[199.99373333333332, 304.9334666666667, 266.72066666666666, 200.0, 305.0, 266.75]","[(22, 1.666666666666667e-05, 0.01916111111111112), (12, 0.0008500000000000001, 0.016788888888888888), (13, 0.0, 0.005811111111111111), (0, 0, 0), (0, 0, 0), (0, 0, 0)]","[(4004, 67.09998333333333, 10.090838888888888), (16093, 51.899150000000006, 6.173211111111111), (32199, 58.2, 11.634188888888888), (4026, 67.1, 10.11), (16105, 51.900000000000006, 6.1899999999999995), (32212, 58.2, 11.639999999999999)]","[0, 0, 0, 0, 0, 0]","[0, 0, 0, 0, 0, 0]"
317,"[48.67212707867957, 11.268822512959762, 12.513189746136181, 0.0, 0.0, 0.0]","[14, 5, 8, 0, 0, 0]","[1053.7504806331758, 487.67167806869526, 1159.1830323090376, 0, 0, 0]","[2975.249519366824, 7614.328321931304, 14951.816967690962, 4029, 8102, 16111]","[4029, 8102, 16111, 4029, 8102, 16111]","[1961, 913, 2016, 0, 0, 0]","[11.162083042297246, 1.1006461001164145, 1.680986030267753, 0.0, 0.0, 0.0]","[479.4114666666667, 189.091, 577.5868, 0, 0, 0]","[1.3286666666666669, 0.013066666666666667, 0.04373333333333334, 0, 0, 0]","[1.314266666666667, 0.02346666666666667, 0.029066666666666664, 0, 0, 0]","[3815.5885333333335, 16990.909, 33782.4132, 4295, 17180, 34360]","[370.67133333333334, 359.98693333333335, 376.4962666666667, 372.0, 360.0, 376.54]","[198.68573333333333, 304.97653333333335, 266.72093333333333, 200.0, 305.0, 266.75]","[(26, 0.00021666666666666668, 0.04522777777777778), (8, 0.03996666666666667, 0.01545555555555556), (18, 1.666666666666667e-05, 0.005238888888888888), (0, 0, 0), (0, 0, 0), (0, 0, 0)]","[(4000, 67.09978333333333, 10.064772222222222), (16097, 51.86003333333334, 6.174544444444444), (32194, 58.199983333333336, 11.63476111111111), (4026, 67.1, 10.11), (16105, 51.900000000000006, 6.1899999999999995), (32212, 58.2, 11.639999999999999)]","[0, 0, 0, 0, 0, 0]","[0, 0, 0, 0, 0, 0]"
318,"[36.113179448994785, 19.16810664033572, 10.520762212153187, 0.0, 0.0, 0.0]","[11, 8, 7, 0, 0, 0]","[864.9065664216414, 690.287431359846, 653.588396752756, 0, 0, 0]","[3164.0934335783586, 7411.712568640154, 15457.411603247245, 4029, 8102, 16111]","[4029, 8102, 16111, 4029, 8102, 16111]","[1455, 1553, 1695, 0, 0, 0]","[6.662848273185874, 1.4790531625921615, 1.832303065580132, 0.0, 0.0, 0.0]","[286.1693333333333, 254.10133333333332, 629.5793333333334, 0, 0, 0]","[0.03813333333333334, 0.011466666666666667, 0.037200000000000004, 0, 0, 0]","[0.03373333333333334, 0.017066666666666664, 0.0252, 0, 0, 0]","[4008.8306666666667, 16925.898666666668, 33730.420666666665, 4295, 17180, 34360]","[371.96186666666665, 359.98853333333335, 376.50280000000004, 372.0, 360.0, 376.54]","[199.96626666666666, 304.98293333333334, 266.7248, 200.0, 305.0, 266.75]","[(22, 0.0, 0.009000000000000001), (14, 0.0045833333333333325, 0.002933333333333333), (16, 3.3333333333333335e-05, 0.006805555555555555), (0, 0, 0), (0, 0, 0), (0, 0, 0)]","[(4004, 67.1, 10.100999999999999), (16091, 51.89541666666667, 6.1870666666666665), (32196, 58.19996666666667, 11.633194444444444), (4026, 67.1, 10.11), (16105, 51.900000000000006, 6.1899999999999995), (32212, 58.2, 11.639999999999999)]","[0, 0, 0, 0, 0, 0]","[0, 0, 0, 0, 0, 0]"
319,"[30.007446016381234, 20.908417674648234, 8.652473465334245, 0.0, 0.0, 0.0]","[8, 10, 6, 0, 0, 0]","[593.6233860317859, 958.4196326542486, 821.0735484652147, 0, 0, 0]","[3435.376613968214, 7143.580367345751, 15289.926451534786, 4029, 8102, 16111]","[4029, 8102, 16111, 4029, 8102, 16111]","[1209, 1694, 1394, 0, 0, 0]","[9.925178114086146, 0.9271920838183935, 1.8877446643383782, 0.0, 0.0, 0.0]","[426.28639999999996, 159.29160000000002, 648.6290666666667, 0, 0, 0]","[0.055466666666666664, 0.018799999999999997, 0.08706666666666667, 0, 0, 0]","[0.0392, 0.013066666666666666, 0.07706666666666667, 0, 0, 0]","[3868.7136, 17020.7084, 33711.37093333333, 4295, 17180, 34360]","[371.9445333333333, 359.9812, 376.45293333333336, 372.0, 360.0, 376.54]","[199.9608, 304.98693333333335, 266.67293333333333, 200.0, 305.0, 266.75]","[(17, 8.333333333333333e-05, 0.0066166666666666665), (18, 0.03961666666666667, 0.016294444444444445), (16, 0.0, 0.008338888888888889), (0, 0, 0), (0, 0, 0), (0, 0, 0)]","[(4009, 67.09991666666666, 10.103383333333333), (16087, 51.86038333333334, 6.173705555555555), (32196, 58.2, 11.63166111111111), (4026, 67.1, 10.11), (16105, 51.900000000000006, 6.1899999999999995), (32212, 58.2, 11.639999999999999)]","[0, 0, 0, 0, 0, 0]","[0, 0, 0, 0, 0, 0]"
320,"[27.2524199553239, 22.88323870649222, 8.813853888647508, 0.0, 0.0, 0.0]","[8, 11, 6, 0, 0, 0]","[534.8044953234803, 1365.6738932529395, 843.4586541214265, 0, 0, 0]","[3494.1955046765197, 6736.32610674706, 15267.541345878573, 4029, 8102, 16111]","[4029, 8102, 16111, 4029, 8102, 16111]","[1098, 1854, 1420, 0, 0, 0]","[10.021828482731857, 2.2529196740395805, 0.5348081102056655, 0.0, 0.0, 0.0]","[430.43753333333325, 387.05159999999995, 183.76006666666666, 0, 0, 0]","[0.026799999999999997, 0.024399999999999998, 0.056533333333333345, 0, 0, 0]","[0.0144, 0.009333333333333334, 0.04719999999999999, 0, 0, 0]","[3864.5624666666668, 16792.9484, 34176.23993333333, 4295, 17180, 34360]","[371.9732, 359.9756, 376.4834666666667, 372.0, 360.0, 376.54]","[199.9856, 304.99066666666664, 266.7028, 200.0, 305.0, 266.75]","[(17, 0.0, 0.006699999999999999), (24, 0.0035666666666666663, 0.00843888888888889), (15, 0.0, 0.004502136752136752), (0, 0, 0), (0, 0, 0), (0, 0, 0)]","[(4009, 67.1, 10.103299999999999), (16081, 51.89643333333334, 6.181561111111111), (32197, 58.2, 11.635497863247862), (4026, 67.1, 10.11), (16105, 51.900000000000006, 6.1899999999999995), (32212, 58.2, 11.639999999999999)]","[0, 0, 0, 0, 0, 0]","[0, 0, 0, 0, 0, 0]"
321,"[19.061801935964258, 25.598617625277708, 9.080752281050215, 0.0, 0.0, 0.0]","[7, 12, 6, 0, 0, 0]","[403.4848616749638, 989.1073206436383, 867.620302151173, 0, 0, 0]","[3625.5151383250363, 7112.892679356361, 15243.379697848826, 4029, 8102, 16111]","[4029, 8102, 16111, 4029, 8102, 16111]","[768, 2074, 1463, 0, 0, 0]","[7.26916259216143, 2.1962021730694605, 0.4684346138921226, 0.0, 0.0, 0.0]","[312.2105333333334, 377.30753333333337, 160.95413333333332, 0, 0, 0]","[0.03213333333333333, 0.03613333333333334, 0.014133333333333333, 0, 0, 0]","[0.012933333333333333, 0.03226666666666666, 0.002666666666666667, 0, 0, 0]","[3982.7894666666666, 16802.692466666667, 34199.04586666667, 4295, 17180, 34360]","[371.9678666666667, 359.96386666666666, 376.5258666666667, 372.0, 360.0, 376.54]","[199.98706666666666, 304.96773333333334, 266.74733333333336, 200.0, 305.0, 266.75]","[(15, 0.0, 0.0049), (26, 0.0, 0.00816111111111111), (13, 0.0, 0.004583333333333333), (0, 0, 0), (0, 0, 0), (0, 0, 0)]","[(4011, 67.1, 10.1051), (16079, 51.900000000000006, 6.181838888888889), (32199, 58.2, 11.635416666666666), (4026, 67.1, 10.11), (16105, 51.900000000000006, 6.1899999999999995), (32212, 58.2, 11.639999999999999)]","[0, 0, 0, 0, 0, 0]","[0, 0, 0, 0, 0, 0]"
322,"[24.298833457433606, 19.205134534682795, 13.078021227732606, 0.0, 0.0, 0.0]","[8, 10, 8, 0, 0, 0]","[515.7504577825177, 764.5345576745882, 886.4817040402312, 0, 0, 0]","[3513.2495422174825, 7337.4654423254115, 15224.51829595977, 4029, 8102, 16111]","[4029, 8102, 16111, 4029, 8102, 16111]","[979, 1556, 2107, 0, 0, 0]","[5.4482824990298795, 1.8221102056655023, 4.288186651144741, 0.0, 0.0, 0.0]","[234.00373333333332, 313.0385333333333, 1473.4209333333333, 0, 0, 0]","[0.031599999999999996, 0.04066666666666666, 0.19706666666666667, 0, 0, 0]","[0.013999999999999999, 0.039066666666666666, 0.006, 0, 0, 0]","[4060.9962666666665, 16866.961466666668, 32886.579066666665, 4295, 17180, 34360]","[371.9684, 359.95933333333335, 376.34293333333335, 372.0, 360.0, 376.54]","[199.986, 304.96093333333334, 266.744, 200.0, 305.0, 266.75]","[(15, 5e-05, 0.00883888888888889), (21, 6.666666666666667e-05, 0.0039611111111111106), (17, 3.3333333333333335e-05, 0.0069), (0, 0, 0), (0, 0, 0), (0, 0, 0)]","[(4011, 67.09994999999999, 10.10116111111111), (16084, 51.89993333333334, 6.186038888888889), (32195, 58.19996666666667, 11.633099999999999), (4026, 67.1, 10.11), (16105, 51.900000000000006, 6.1899999999999995), (32212, 58.2, 11.639999999999999)]","[0, 0, 0, 0, 0, 0]","[0, 0, 0, 0, 0, 0]"
323,"[26.40853809878382, 13.29301407059985, 13.872509465582523, 0.0, 0.0, 0.0]","[9, 7, 9, 0, 0, 0]","[410.7908207191747, 445.2468635312902, 1508.3981201869008, 0, 0, 0]","[3618.209179280825, 7656.75313646871, 14602.601879813099, 4029, 8102, 16111]","[4029, 8102, 16111, 4029, 8102, 16111]","[1064, 1077, 2235, 0, 0, 0]","[2.967203725261933, 1.4950760574311213, 4.42474990298797, 0.0, 0.0, 0.0]","[127.44140000000002, 256.85406666666665, 1520.3440666666665, 0, 0, 0]","[0.013733333333333334, 0.031733333333333336, 0.02, 0, 0, 0]","[0.010266666666666665, 0.0304, 0.012133333333333331, 0, 0, 0]","[4167.5586, 16923.145933333333, 32839.655933333335, 4295, 17180, 34360]","[371.98626666666667, 359.9682666666667, 376.52000000000004, 372.0, 360.0, 376.54]","[199.98973333333333, 304.9696, 266.73786666666666, 200.0, 305.0, 266.75]","[(14, 0.0006000000000000001, 0.0020555555555555553), (15, 0.04858333333333333, 0.02081111111111111), (19, 0.0, 0.010205555555555555), (0, 0, 0), (0, 0, 0), (0, 0, 0)]","[(4012, 67.09939999999999, 10.107944444444444), (16090, 51.85141666666667, 6.169188888888889), (32193, 58.2, 11.629794444444443), (4026, 67.1, 10.11), (16105, 51.900000000000006, 6.1899999999999995), (32212, 58.2, 11.639999999999999)]","[0, 0, 0, 0, 0, 0]","[0, 0, 0, 0, 0, 0]"
324,"[21.14668652271035, 15.61342878301654, 18.39736825771212, 0.0, 0.0, 0.0]","[7, 7, 12, 0, 0, 0]","[387.48370955206, 787.6833918894089, 1825.5992813174923, 0, 0, 0]","[3641.51629044794, 7314.316608110591, 14285.400718682507, 4029, 8102, 16111]","[4029, 8102, 16111, 4029, 8102, 16111]","[852, 1265, 2964, 0, 0, 0]","[1.5634256887854094, 1.0490186263096624, 4.409232634846721, 0.0, 0.0, 0.0]","[67.14913333333334, 180.2214, 1515.0123333333336, 0, 0, 0]","[0.0088, 0.038933333333333334, 8.282266666666667, 0, 0, 0]","[0.0038666666666666667, 0.02706666666666667, 8.293066666666668, 0, 0, 0]","[4227.850866666667, 16999.7786, 32844.98766666667, 4295, 17180, 34360]","[371.9912, 359.9610666666667, 368.25773333333336, 372.0, 360.0, 376.54]","[199.99613333333335, 304.97293333333334, 258.4569333333333, 200.0, 305.0, 266.75]","[(9, 0.0002333333333333333, 0.002616666666666667), (13, 0.0, 0.0034222222222222215), (25, 0.0, 0.007088888888888889), (0, 0, 0), (0, 0, 0), (0, 0, 0)]","[(4017, 67.09976666666667, 10.107383333333333), (16092, 51.900000000000006, 6.186577777777777), (32187, 58.2, 11.63291111111111), (4026, 67.1, 10.11), (16105, 51.900000000000006, 6.1899999999999995), (32212, 58.2, 11.639999999999999)]","[0, 0, 0, 0, 0, 0]","[0, 0, 0, 0, 0, 0]"
325,"[14.420451724993796, 21.031843989138483, 16.547700328967785, 0.0, 0.0, 0.0]","[5, 9, 11, 0, 0, 0]","[329.75536578552703, 946.8494379303543, 1372.444207906917, 0, 0, 0]","[3699.244634214473, 7155.150562069646, 14738.555792093082, 4029, 8102, 16111]","[4029, 8102, 16111, 4029, 8102, 16111]","[581, 1704, 2666, 0, 0, 0]","[1.73637407838572, 1.0713903764066743, 3.7510770275514167, 0.0, 0.0, 0.0]","[74.57726666666667, 184.06486666666666, 1288.8700666666668, 0, 0, 0]","[0.008933333333333333, 0.03866666666666667, 24.229866666666673, 0, 0, 0]","[0.0036000000000000003, 0.028933333333333325, 24.288799999999995, 0, 0, 0]","[4220.422733333333, 16995.935133333332, 33071.12993333333, 4295, 17180, 34360]","[371.99106666666665, 359.96133333333336, 352.31013333333334, 372.0, 360.0, 376.54]","[199.9964, 304.9710666666667, 242.46120000000002, 200.0, 305.0, 266.75]","[(8, 0.00031666666666666665, 0.0013722222222222222), (17, 0.0, 0.003494444444444445), (23, 0.0, 0.0059055555555555545), (0, 0, 0), (0, 0, 0), (0, 0, 0)]","[(4018, 67.09968333333333, 10.108627777777777), (16088, 51.900000000000006, 6.186505555555555), (32189, 58.2, 11.634094444444443), (4026, 67.1, 10.11), (16105, 51.900000000000006, 6.1899999999999995), (32212, 58.2, 11.639999999999999)]","[0, 0, 0, 0, 0, 0]","[0, 0, 0, 0, 0, 0]"
326,"[12.335567138247704, 17.921500863984203, 15.846316181490907, 0.0, 0.0, 0.0]","[4, 8, 10, 0, 0, 0]","[453.367462575037, 1028.9764004505432, 1351.5961107731778, 0, 0, 0]","[3575.632537424963, 7073.023599549457, 14759.403889226822, 4029, 8102, 16111]","[4029, 8102, 16111, 4029, 8102, 16111]","[497, 1452, 2553, 0, 0, 0]","[1.6865518044237484, 0.8064020178502133, 4.9688490492821105, 0.0, 0.0, 0.0]","[72.4374, 138.53986666666665, 1707.2965333333332, 0, 0, 0]","[0.0088, 0.036666666666666674, 20.7536, 0, 0, 0]","[0.0004, 0.029199999999999997, 20.639866666666666, 0, 0, 0]","[4222.5626, 17041.460133333334, 32652.703466666666, 4295, 17180, 34360]","[371.9912, 359.9633333333333, 355.7864, 372.0, 360.0, 376.54]","[199.9996, 304.9708, 246.11013333333332, 200.0, 305.0, 266.75]","[(8, 0.0, 0.001061111111111111), (17, 0.0, 0.0033944444444444447), (19, 6.666666666666667e-05, 0.004894444444444444), (0, 0, 0), (0, 0, 0), (0, 0, 0)]","[(4018, 67.1, 10.108938888888888), (16088, 51.900000000000006, 6.1866055555555555), (32193, 58.199933333333334, 11.635105555555555), (4026, 67.1, 10.11), (16105, 51.900000000000006, 6.1899999999999995), (32212, 58.2, 11.639999999999999)]","[0, 0, 0, 0, 0, 0]","[0, 0, 0, 0, 0, 0]"
327,"[21.22114668652271, 15.934337200691187, 11.45801005524176, 0.0, 0.0, 0.0]","[7, 7, 7, 0, 0, 0]","[363.5658256451036, 414.4867280311489, 1229.5934477423725, 0, 0, 0]","[3665.4341743548966, 7687.513271968851, 14881.406552257627, 4029, 8102, 16111]","[4029, 8102, 16111, 4029, 8102, 16111]","[855, 1291, 1846, 0, 0, 0]","[6.611014357780366, 0.9073616608459449, 4.459084400465657, 0.0, 0.0, 0.0]","[283.9430666666667, 155.88473333333334, 1532.1413999999997, 0, 0, 0]","[0.017866666666666666, 0.038266666666666664, 21.9324, 0, 0, 0]","[0.006933333333333334, 0.0296, 21.995066666666666, 0, 0, 0]","[4011.0569333333333, 17024.115266666668, 32827.8586, 4295, 17180, 34360]","[371.9821333333333, 359.9617333333333, 354.60760000000005, 372.0, 360.0, 376.54]","[199.99306666666666, 304.9704, 244.75493333333333, 200.0, 305.0, 266.75]","[(14, 0.4712, 0.015211111111111113), (15, 1.666666666666667e-05, 0.004788888888888888), (17, 1.666666666666667e-05, 0.002461111111111111), (0, 0, 0), (0, 0, 0), (0, 0, 0)]","[(4012, 66.6288, 10.094788888888889), (16090, 51.89998333333334, 6.18521111111111), (32195, 58.199983333333336, 11.637538888888887), (4026, 67.1, 10.11), (16105, 51.900000000000006, 6.1899999999999995), (32212, 58.2, 11.639999999999999)]","[0, 0, 0, 0, 0, 0]","[0, 0, 0, 0, 0, 0]"
328,"[21.66790766939687, 11.88595408541101, 17.404257960399725, 0.0, 0.0, 0.0]","[7, 6, 10, 0, 0, 0]","[463.69018831436716, 516.5115265209436, 1591.8632520948706, 0, 0, 0]","[3565.3098116856327, 7585.488473479057, 14519.13674790513, 4029, 8102, 16111]","[4029, 8102, 16111, 4029, 8102, 16111]","[873, 963, 2804, 0, 0, 0]","[14.733712068296468, 7.080516880093132, 4.531304423748545, 0.0, 0.0, 0.0]","[632.8129333333333, 1216.4328, 1556.9562, 0, 0, 0]","[0.05106666666666667, 0.026000000000000002, 22.01866666666667, 0, 0, 0]","[0.03506666666666666, 0.027466666666666667, 22.076666666666668, 0, 0, 0]","[3662.187066666667, 15963.5672, 32803.0438, 4295, 17180, 34360]","[371.94893333333334, 359.974, 354.52133333333336, 372.0, 360.0, 376.54]","[199.96493333333333, 304.97253333333333, 244.67333333333335, 200.0, 305.0, 266.75]","[(13, 0.0002333333333333333, 0.005472222222222222), (12, 0.0, 0.001972222222222222), (22, 1.666666666666667e-05, 0.0021), (0, 0, 0), (0, 0, 0), (0, 0, 0)]","[(4013, 67.09976666666667, 10.104527777777777), (16093, 51.900000000000006, 6.188027777777777), (32190, 58.199983333333336, 11.637899999999998), (4026, 67.1, 10.11), (16105, 51.900000000000006, 6.1899999999999995), (32212, 58.2, 11.639999999999999)]","[0, 0, 0, 0, 0, 0]","[0, 0, 0, 0, 0, 0]"
329,"[20.327624720774388, 9.614909898790422, 17.149773446713425, 0.0, 0.0, 0.0]","[7, 5, 10, 0, 0, 0]","[367.5230058198876, 417.7943531958397, 1082.730419411262, 0, 0, 0]","[3661.4769941801123, 7684.20564680416, 15028.269580588738, 4029, 8102, 16111]","[4029, 8102, 16111, 4029, 8102, 16111]","[819, 779, 2763, 0, 0, 0]","[11.970882421420256, 6.620216918897942, 4.18277299185099, 0.0, 0.0, 0.0]","[514.1494, 1137.3532666666665, 1437.2008, 0, 0, 0]","[0.060000000000000005, 0.0056, 0.02146666666666667, 0, 0, 0]","[0.03213333333333333, 0.007333333333333333, 0.02013333333333333, 0, 0, 0]","[3780.8505999999998, 16042.646733333333, 32922.7992, 4295, 17180, 34360]","[371.94, 359.9944, 376.5185333333334, 372.0, 360.0, 376.54]","[199.96786666666668, 304.99266666666665, 266.7298666666667, 200.0, 305.0, 266.75]","[(12, 0.06478333333333335, 0.028000000000000004), (9, 1.666666666666667e-05, 0.015305555555555557), (19, 1.666666666666667e-05, 0.0030666666666666668), (0, 0, 0), (0, 0, 0), (0, 0, 0)]","[(4014, 67.03521666666666, 10.081999999999999), (16096, 51.89998333333334, 6.174694444444444), (32193, 58.199983333333336, 11.636933333333332), (4026, 67.1, 10.11), (16105, 51.900000000000006, 6.1899999999999995), (32212, 58.2, 11.639999999999999)]","[0, 0, 0, 0, 0, 0]","[0, 0, 0, 0, 0, 0]"
330,"[28.64234301315463, 7.319180449271785, 10.973868785301967, 0.0, 0.0, 0.0]","[7, 4, 7, 0, 0, 0]","[321.8562432606753, 392.37218939263073, 971.0291211504094, 0, 0, 0]","[3707.1437567393245, 7709.62781060737, 15139.97087884959, 4029, 8102, 16111]","[4029, 8102, 16111, 4029, 8102, 16111]","[1154, 593, 1768, 0, 0, 0]","[11.116405122235157, 8.832725649980597, 0.567743500194024, 0.0, 0.0, 0.0]","[477.44960000000003, 1517.4622666666667, 195.07666666666665, 0, 0, 0]","[0.061066666666666665, 0.0009333333333333334, 0.019333333333333334, 0, 0, 0]","[0.028933333333333332, 0.020399999999999998, 0.002133333333333333, 0, 0, 0]","[3817.5504, 15662.537733333333, 34164.92333333333, 4295, 17180, 34360]","[371.93893333333335, 359.9990666666667, 376.52066666666667, 372.0, 360.0, 376.54]","[199.97106666666667, 304.9796, 266.74786666666665, 200.0, 305.0, 266.75]","[(12, 0.0012833333333333334, 0.005183333333333333), (8, 0.10823333333333332, 0.041583333333333326), (14, 1.666666666666667e-05, 0.0030833333333333333), (0, 0, 0), (0, 0, 0), (0, 0, 0)]","[(4014, 67.09871666666666, 10.104816666666666), (16097, 51.791766666666675, 6.148416666666666), (32198, 58.199983333333336, 11.636916666666666), (4026, 67.1, 10.11), (16105, 51.900000000000006, 6.1899999999999995), (32212, 58.2, 11.639999999999999)]","[2, 0, 0, 0, 0, 0]","[0, 0, 0, 0, 0, 0]"
331,"[24.149913129808887, 17.06985929400148, 9.52144497548259, 0.0, 0.0, 0.0]","[6, 7, 6, 0, 0, 0]","[301.741529916654, 765.3727043463833, 449.11703352764243, 0, 0, 0]","[3727.258470083346, 7336.627295653617, 15661.882966472358, 4029, 8102, 16111]","[4029, 8102, 16111, 4029, 8102, 16111]","[973, 1383, 1534, 0, 0, 0]","[5.019029879705082, 16.937111757857974, 0.4679260768335273, 0.0, 0.0, 0.0]","[215.5673333333333, 2909.7958, 160.77939999999998, 0, 0, 0]","[0.010133333333333333, 0.194, 0.01893333333333333, 0, 0, 0]","[0.0, 0.008266666666666667, 0.002, 0, 0, 0]","[4079.4326666666666, 14270.2042, 34199.2206, 4295, 17180, 34360]","[371.98986666666667, 359.806, 376.5210666666667, 372.0, 360.0, 376.54]","[200.0, 304.99173333333334, 266.748, 200.0, 305.0, 266.75]","[(11, 0.0, 0.0019222222222222223), (14, 0.02943333333333333, 0.028627777777777773), (14, 0.0, 0.0028944444444444443), (0, 0, 0), (0, 0, 0), (0, 0, 0)]","[(4015, 67.1, 10.108077777777778), (16091, 51.870566666666676, 6.161372222222222), (32198, 58.2, 11.637105555555554), (4026, 67.1, 10.11), (16105, 51.900000000000006, 6.1899999999999995), (32212, 58.2, 11.639999999999999)]","[2, 0, 0, 0, 0, 0]","[0, 0, 0, 0, 0, 0]"
332,"[26.929759245470343, 17.921500863984203, 10.229036062317672, 0.0, 0.0, 0.0]","[6, 7, 5, 0, 0, 0]","[433.28325402490145, 1065.591125346592, 384.1082496355084, 0, 0, 0]","[3595.7167459750985, 7036.408874653408, 15726.891750364492, 4029, 8102, 16111]","[4029, 8102, 16111, 4029, 8102, 16111]","[1085, 1452, 1648, 0, 0, 0]","[9.867228560341482, 9.419672099340318, 1.471185487000388, 0.0, 0.0, 0.0]","[423.79746666666665, 1618.2996666666666, 505.4993333333333, 0, 0, 0]","[0.013066666666666666, 0.009866666666666666, 0.584, 0, 0, 0]","[0.004266666666666667, 0.0030666666666666668, 0.10093333333333333, 0, 0, 0]","[3871.202533333333, 15561.700333333334, 33854.50066666667, 4295, 17180, 34360]","[371.98693333333335, 359.99013333333335, 375.956, 372.0, 360.0, 376.54]","[199.99573333333333, 304.99693333333335, 266.64906666666667, 200.0, 305.0, 266.75]","[(12, 0.0037166666666666667, 0.004655555555555555), (14, 0.038233333333333334, 0.042488888888888895), (10, 0.0, 0.008588888888888889), (0, 0, 0), (0, 0, 0), (0, 0, 0)]","[(4014, 67.09628333333333, 10.105344444444444), (16091, 51.861766666666675, 6.14751111111111), (32202, 58.2, 11.63141111111111), (4026, 67.1, 10.11), (16105, 51.900000000000006, 6.1899999999999995), (32212, 58.2, 11.639999999999999)]","[2, 0, 2, 0, 0, 0]","[0, 0, 0, 0, 0, 0]"
333,"[26.607098535616778, 22.043939767958527, 5.530382968158401, 0.0, 0.0, 0.0]","[5, 9, 2, 0, 0, 0]","[439.73995318503637, 1094.5864150916634, 0, 0, 0, 0]","[3589.2600468149635, 7007.413584908337, 16111, 4029, 8102, 16111]","[4029, 8102, 16111, 4029, 8102, 16111]","[1072, 1786, 891, 0, 0, 0]","[7.967020566550251, 9.279287543655416, 1.3305537446643385, 0.0, 0.0, 0.0]","[342.1835333333333, 1594.1816000000003, 457.1782666666667, 0, 0, 0]","[0.0112, 0.0192, 0.5908, 0, 0, 0]","[0.0030666666666666668, 0.0024000000000000002, 0.10413333333333334, 0, 0, 0]","[3952.8164666666667, 15585.8184, 33902.82173333333, 4295, 17180, 34360]","[371.9888, 359.9808, 375.9492, 372.0, 360.0, 376.54]","[199.99693333333335, 304.9976, 266.6458666666667, 200.0, 305.0, 266.75]","[(11, 0.0004, 0.003394444444444444), (19, 0.04693333333333333, 0.03275555555555555), (2, 0.0, 0.04819444444444444), (0, 0, 0), (0, 0, 0), (0, 0, 0)]","[(4015, 67.0996, 10.106605555555555), (16086, 51.85306666666667, 6.157244444444444), (32210, 58.2, 11.591805555555554), (4026, 67.1, 10.11), (16105, 51.900000000000006, 6.1899999999999995), (32212, 58.2, 11.639999999999999)]","[2, 0, 2, 0, 0, 0]","[0, 0, 0, 0, 0, 0]"
334,"[25.564656242243732, 17.896815601086153, 5.35038172677053, 0.0, 0.0, 0.0]","[5, 8, 2, 0, 0, 0]","[335.24592880767756, 700.1953214731034, 406.5922731596745, 0, 0, 0]","[3693.7540711923225, 7401.804678526896, 15704.407726840325, 4029, 8102, 16111]","[4029, 8102, 16111, 4029, 8102, 16111]","[1030, 1450, 862, 0, 0, 0]","[8.094173069460611, 1.7104881645324022, 0.013983896003104386, 0.0, 0.0, 0.0]","[347.64473333333325, 293.8618666666667, 4.804866666666666, 0, 0, 0]","[0.011333333333333332, 0.0276, 0.058133333333333335, 0, 0, 0]","[0.0032, 0.0005333333333333334, 0.057733333333333345, 0, 0, 0]","[3947.355266666667, 16886.138133333334, 34355.195133333335, 4295, 17180, 34360]","[371.9886666666667, 359.9724, 376.4818666666667, 372.0, 360.0, 376.54]","[199.9968, 304.99946666666665, 266.6922666666667, 200.0, 305.0, 266.75]","[(11, 0.00026666666666666673, 0.003922222222222223), (16, 0.0, 0.006772222222222222), (5, 0.0, 2.2222222222222223e-05), (0, 0, 0), (0, 0, 0), (0, 0, 0)]","[(4015, 67.09973333333333, 10.106077777777777), (16089, 51.900000000000006, 6.183227777777777), (32207, 58.2, 11.639977777777776), (4026, 67.1, 10.11), (16105, 51.900000000000006, 6.1899999999999995), (32212, 58.2, 11.639999999999999)]","[2, 0, 2, 0, 0, 0]","[0, 0, 0, 0, 0, 0]"
335,"[33.08513278729213, 14.058257220439396, 12.438706473837751, 0.0, 0.0, 0.0]","[7, 6, 6, 0, 0, 0]","[598.9974305080392, 576.8246657447743, 1271.7870557043818, 0, 0, 0]","[3430.002569491961, 7525.175334255226, 14839.212944295617, 4029, 8102, 16111]","[4029, 8102, 16111, 4029, 8102, 16111]","[1333, 1139, 2004, 0, 0, 0]","[21.017212262320527, 1.0350329840900272, 3.413483896003104, 0.0, 0.0, 0.0]","[902.6892666666666, 177.81866666666667, 1172.8730666666665, 0, 0, 0]","[0.024, 0.009333333333333334, 0.054800000000000015, 0, 0, 0]","[0.04493333333333333, 0.0010666666666666667, 0.05413333333333333, 0, 0, 0]","[3392.3107333333332, 17002.181333333334, 33187.12693333333, 4295, 17180, 34360]","[371.976, 359.99066666666664, 376.4852, 372.0, 360.0, 376.54]","[199.95506666666665, 304.99893333333335, 266.6958666666667, 200.0, 305.0, 266.75]","[(17, 0.06158333333333332, 0.04046111111111111), (15, 0.0, 0.005572222222222222), (15, 0.0, 0.0009277777777777778), (0, 0, 0), (0, 0, 0), (0, 0, 0)]","[(4009, 67.03841666666666, 10.069538888888887), (16090, 51.900000000000006, 6.184427777777778), (32197, 58.2, 11.639072222222222), (4026, 67.1, 10.11), (16105, 51.900000000000006, 6.1899999999999995), (32212, 58.2, 11.639999999999999)]","[2, 0, 2, 0, 0, 0]","[0, 0, 0, 0, 0, 0]"
336,"[23.0578307272276, 10.207356208343619, 14.077338464403203, 0.0, 0.0, 0.0]","[7, 5, 8, 0, 0, 0]","[693.5224488567018, 600.7051243709724, 1352.3492687461726, 0, 0, 0]","[3335.477551143298, 7501.294875629028, 14758.650731253827, 4029, 8102, 16111]","[4029, 8102, 16111, 4029, 8102, 16111]","[929, 827, 2268, 0, 0, 0]","[16.024586728754368, 0.6693333333333333, 3.4888849437330234, 0.0, 0.0, 0.0]","[688.2560000000001, 114.99146666666667, 1198.7808666666667, 0, 0, 0]","[0.020666666666666667, 0.008666666666666666, 0.06960000000000001, 0, 0, 0]","[0.013200000000000002, 0.0, 0.06906666666666667, 0, 0, 0]","[3606.7439999999997, 17065.008533333334, 33161.21913333333, 4295, 17180, 34360]","[371.97933333333333, 359.99133333333333, 376.47040000000004, 372.0, 360.0, 376.54]","[199.9868, 305.0, 266.6809333333333, 200.0, 305.0, 266.75]","[(17, 0.031516666666666665, 0.044344444444444436), (12, 8.333333333333333e-05, 0.003449999999999999), (18, 0.0, 0.0008388888888888888), (0, 0, 0), (0, 0, 0), (0, 0, 0)]","[(4009, 67.06848333333333, 10.065655555555555), (16093, 51.89991666666667, 6.1865499999999995), (32194, 58.2, 11.63916111111111), (4026, 67.1, 10.11), (16105, 51.900000000000006, 6.1899999999999995), (32212, 58.2, 11.639999999999999)]","[0, 0, 0, 0, 0, 0]","[0, 0, 0, 0, 0, 0]"
337,"[27.07867957309506, 10.466551468773142, 14.67320464279064, 0.0, 0.0, 0.0]","[8, 5, 8, 0, 0, 0]","[295.197011190341, 662.15016373596, 1059.025607786446, 0, 0, 0]","[3733.802988809659, 7439.84983626404, 15051.974392213553, 4029, 8102, 16111]","[4029, 8102, 16111, 4029, 8102, 16111]","[1091, 848, 2364, 0, 0, 0]","[18.119096623981367, 1.1799941792782305, 3.5782759022118746, 0.0, 0.0, 0.0]","[778.2151999999998, 202.72299999999998, 1229.4956000000002, 0, 0, 0]","[0.028800000000000003, 0.020666666666666667, 0.05733333333333334, 0, 0, 0]","[0.012133333333333335, 0.05253333333333333, 0.05693333333333334, 0, 0, 0]","[3516.7848000000004, 16977.277, 33130.5044, 4295, 17180, 34360]","[371.9712, 359.97933333333333, 376.48266666666666, 372.0, 360.0, 376.54]","[199.98786666666666, 304.9474666666667, 266.69306666666665, 200.0, 305.0, 266.75]","[(20, 0.03038333333333334, 0.12254444444444446), (13, 0.0, 0.003933333333333332), (18, 0.0003333333333333333, 0.0011555555555555557), (0, 0, 0), (0, 0, 0), (0, 0, 0)]","[(4006, 67.06961666666666, 9.987455555555554), (16092, 51.900000000000006, 6.186066666666666), (32194, 58.19966666666667, 11.638844444444443), (4026, 67.1, 10.11), (16105, 51.900000000000006, 6.1899999999999995), (32212, 58.2, 11.639999999999999)]","[0, 0, 0, 0, 0, 0]","[0, 0, 0, 0, 0, 0]"
338,"[17.870439314966493, 18.5633176993335, 11.892495810315932, 0.0, 0.0, 0.0]","[6, 8, 7, 0, 0, 0]","[464.60218575741976, 995.8317661869153, 455.31718850666016, 0, 0, 0]","[3564.3978142425804, 7106.168233813085, 15655.68281149334, 4029, 8102, 16111]","[4029, 8102, 16111, 4029, 8102, 16111]","[720, 1504, 1916, 0, 0, 0]","[13.885341094295692, 2.1473795110593716, 3.413611369809857, 0.0, 0.0, 0.0]","[596.3754, 368.9198, 1172.9168666666667, 0, 0, 0]","[0.028266666666666666, 0.013066666666666667, 0.0076, 0, 0, 0]","[0.010799999999999999, 0.02266666666666667, 0.007333333333333334, 0, 0, 0]","[3698.6246, 16811.0802, 33187.08313333333, 4295, 17180, 34360]","[371.97173333333336, 359.98693333333335, 376.5324, 372.0, 360.0, 376.54]","[199.9892, 304.9773333333333, 266.74266666666665, 200.0, 305.0, 266.75]","[(15, 5.000000000000001e-05, 0.023616666666666668), (18, 0.04001666666666667, 0.020300000000000006), (13, 0.0, 0.00039999999999999996), (0, 0, 0), (0, 0, 0), (0, 0, 0)]","[(4011, 67.09994999999999, 10.086383333333332), (16087, 51.85998333333334, 6.1697), (32199, 58.2, 11.639599999999998), (4026, 67.1, 10.11), (16105, 51.900000000000006, 6.1899999999999995), (32212, 58.2, 11.639999999999999)]","[0, 0, 0, 0, 0, 0]","[0, 0, 0, 0, 0, 0]"
339,"[25.16753536857781, 16.97111824240928, 4.518651852771399, 0.0, 0.0, 0.0]","[7, 8, 3, 0, 0, 0]","[818.9378620899286, 932.2595968450652, 394.69663703282447, 0, 0, 0]","[3210.062137910071, 7169.740403154935, 15716.303362967175, 4029, 8102, 16111]","[4029, 8102, 16111, 4029, 8102, 16111]","[1014, 1375, 728, 0, 0, 0]","[17.71628249902988, 2.3485471478463333, 0.3824821497865735, 0.0, 0.0, 0.0]","[760.9143333333333, 403.48040000000003, 131.42086666666665, 0, 0, 0]","[0.046799999999999994, 0.020266666666666665, 0.009466666666666667, 0, 0, 0]","[0.020533333333333334, 0.01453333333333333, 0.00013333333333333337, 0, 0, 0]","[3534.085666666667, 16776.5196, 34228.57913333333, 4295, 17180, 34360]","[371.9532, 359.97973333333334, 376.5305333333334, 372.0, 360.0, 376.54]","[199.97946666666667, 304.98546666666664, 266.74986666666666, 200.0, 305.0, 266.75]","[(18, 1.666666666666667e-05, 0.024261111111111112), (16, 0.0045833333333333325, 0.006933333333333334), (4, 0.0, 0.0014888888888888888), (0, 0, 0), (0, 0, 0), (0, 0, 0)]","[(4008, 67.09998333333333, 10.085738888888889), (16089, 51.89541666666667, 6.183066666666666), (32208, 58.2, 11.638511111111109), (4026, 67.1, 10.11), (16105, 51.900000000000006, 6.1899999999999995), (32212, 58.2, 11.639999999999999)]","[0, 0, 0, 0, 0, 0]","[0, 0, 0, 0, 0, 0]"
340,"[31.471829238024323, 15.255492470994817, 4.67382533672646, 0.0, 0.0, 0.0]","[9, 7, 3, 0, 0, 0]","[538.7340231319583, 401.6589717069494, 473.0008220381501, 0, 0, 0]","[3490.2659768680414, 7700.341028293051, 15637.99917796185, 4029, 8102, 16111]","[4029, 8102, 16111, 4029, 8102, 16111]","[1268, 1236, 753, 0, 0, 0]","[16.910606131160264, 1.599600698486612, 0.2197237097400077, 0.0, 0.0, 0.0]","[726.3105333333333, 274.81139999999994, 75.49706666666665, 0, 0, 0]","[0.054933333333333334, 0.06293333333333333, 0.010133333333333333, 0, 0, 0]","[0.020533333333333337, 0.061733333333333335, 0.0036, 0, 0, 0]","[3568.6894666666667, 16905.1886, 34284.50293333334, 4295, 17180, 34360]","[371.94506666666666, 359.9370666666667, 376.5298666666667, 372.0, 360.0, 376.54]","[199.97946666666667, 304.93826666666666, 266.7464, 200.0, 305.0, 266.75]","[(21, 0.00015000000000000001, 0.02421111111111111), (13, 0.0, 0.005333333333333332), (3, 1.666666666666667e-05, 0.0012888888888888891), (0, 0, 0), (0, 0, 0), (0, 0, 0)]","[(4005, 67.09984999999999, 10.085788888888889), (16092, 51.900000000000006, 6.184666666666666), (32209, 58.199983333333336, 11.63871111111111), (4026, 67.1, 10.11), (16105, 51.900000000000006, 6.1899999999999995), (32212, 58.2, 11.639999999999999)]","[0, 0, 0, 0, 0, 0]","[0, 0, 0, 0, 0, 0]"
341,"[27.351700173740383, 16.58849666748951, 11.389733722301534, 0.0, 0.0, 0.0]","[9, 7, 7, 0, 0, 0]","[561.1977323511637, 730.4138755697941, 1284.2635409875386, 0, 0, 0]","[3467.8022676488363, 7371.586124430206, 14826.736459012462, 4029, 8102, 16111]","[4029, 8102, 16111, 4029, 8102, 16111]","[1102, 1344, 1835, 0, 0, 0]","[7.064675203725261, 1.409116026387272, 0.7727186651144741, 0.0, 0.0, 0.0]","[303.4278, 242.08613333333335, 265.5061333333333, 0, 0, 0]","[0.030266666666666664, 0.04426666666666666, 0.0184, 0, 0, 0]","[0.018799999999999997, 0.09439999999999998, 0.00013333333333333337, 0, 0, 0]","[3991.5722, 16937.913866666666, 34094.493866666664, 4295, 17180, 34360]","[371.96973333333335, 359.95573333333334, 376.52160000000003, 372.0, 360.0, 376.54]","[199.9812, 304.9056, 266.74986666666666, 200.0, 305.0, 266.75]","[(19, 5e-05, 0.050555555555555555), (12, 0.0012833333333333332, 0.00846111111111111), (10, 0.00019999999999999998, 0.0036888888888888887), (0, 0, 0), (0, 0, 0), (0, 0, 0)]","[(4007, 67.09994999999999, 10.059444444444443), (16093, 51.89871666666667, 6.1815388888888885), (32202, 58.1998, 11.63631111111111), (4026, 67.1, 10.11), (16105, 51.900000000000006, 6.1899999999999995), (32212, 58.2, 11.639999999999999)]","[0, 0, 0, 0, 0, 0]","[0, 0, 0, 0, 0, 0]"
342,"[28.98982377761231, 18.24240928165885, 14.381478492955125, 0.0, 0.0, 0.0]","[9, 7, 9, 0, 0, 0]","[671.8630625948988, 1155.1725560645095, 1450.8365741171654, 0, 0, 0]","[3357.136937405101, 6946.82744393549, 14660.163425882834, 4029, 8102, 16111]","[4029, 8102, 16111, 4029, 8102, 16111]","[1168, 1478, 2317, 0, 0, 0]","[6.212031043849437, 3.4937019790454014, 0.5096311602638727, 0.0, 0.0, 0.0]","[266.8067333333333, 600.218, 175.10926666666666, 0, 0, 0]","[0.5906666666666667, 1.0641333333333336, 0.08346666666666668, 0, 0, 0]","[0.4561333333333333, 0.34386666666666665, 0.06466666666666668, 0, 0, 0]","[4028.1932666666667, 16579.782, 34184.89073333333, 4295, 17180, 34360]","[371.40933333333334, 358.93586666666664, 376.45653333333337, 372.0, 360.0, 376.54]","[199.54386666666667, 304.65613333333334, 266.68533333333335, 200.0, 305.0, 266.75]","[(16, 0.0030999999999999995, 0.061683333333333326), (12, 0.03996666666666667, 0.027183333333333337), (18, 0.09475, 0.020733333333333333), (0, 0, 0), (0, 0, 0), (0, 0, 0)]","[(4010, 67.09689999999999, 10.048316666666667), (16093, 51.86003333333334, 6.162816666666666), (32194, 58.105250000000005, 11.619266666666665), (4026, 67.1, 10.11), (16105, 51.900000000000006, 6.1899999999999995), (32212, 58.2, 11.639999999999999)]","[0, 0, 0, 0, 0, 0]","[0, 0, 0, 0, 0, 0]"
343,"[30.404566890047157, 20.291286102196988, 13.146297560672831, 0.0, 0.0, 0.0]","[11, 8, 8, 0, 0, 0]","[922.7730367374302, 990.9730897511638, 1143.3103270921308, 0, 0, 0]","[3106.22696326257, 7111.026910248836, 14967.689672907869, 4029, 8102, 16111]","[4029, 8102, 16111, 4029, 8102, 16111]","[1225, 1644, 2118, 0, 0, 0]","[7.4380504462553345, 3.3083077221575476, 0.2016589057043073, 0.0, 0.0, 0.0]","[319.4642666666666, 568.3672666666666, 69.28999999999999, 0, 0, 0]","[0.4382666666666667, 0.04493333333333333, 0.09786666666666666, 0, 0, 0]","[0.36706666666666665, 0.10333333333333333, 0.08866666666666666, 0, 0, 0]","[3975.535733333333, 16611.632733333332, 34290.71, 4295, 17180, 34360]","[371.56173333333334, 359.95506666666665, 376.44213333333335, 372.0, 360.0, 376.54]","[199.63293333333334, 304.89666666666665, 266.66133333333335, 200.0, 305.0, 266.75]","[(21, 0.0002333333333333333, 0.05345555555555556), (15, 0.0, 0.011461111111111111), (18, 0.0, 0.002111111111111111), (0, 0, 0), (0, 0, 0), (0, 0, 0)]","[(4005, 67.09976666666667, 10.056544444444445), (16090, 51.900000000000006, 6.178538888888888), (32194, 58.2, 11.637888888888888), (4026, 67.1, 10.11), (16105, 51.900000000000006, 6.1899999999999995), (32212, 58.2, 11.639999999999999)]","[0, 0, 0, 0, 0, 0]","[0, 0, 0, 0, 0, 0]"
344,"[32.19161082154381, 19.99506294742039, 11.786977841226491, 0.0, 0.0, 0.0]","[10, 8, 7, 0, 0, 0]","[1027.3077055850276, 1043.2035447266412, 782.0425945014954, 0, 0, 0]","[3001.6922944149724, 7058.796455273359, 15328.957405498504, 4029, 8102, 16111]","[4029, 8102, 16111, 4029, 8102, 16111]","[1297, 1620, 1899, 0, 0, 0]","[7.667127667830813, 3.2528758246022504, 0.11849941792782305, 0.0, 0.0, 0.0]","[329.3031333333334, 558.8440666666667, 40.7164, 0, 0, 0]","[0.4393333333333333, 0.028133333333333337, 0.06613333333333335, 0, 0, 0]","[0.35946666666666666, 0.048666666666666664, 0.066, 0, 0, 0]","[3965.6968666666667, 16621.15593333333, 34319.2836, 4295, 17180, 34360]","[371.5606666666667, 359.97186666666664, 376.4738666666667, 372.0, 360.0, 376.54]","[199.64053333333334, 304.9513333333333, 266.684, 200.0, 305.0, 266.75]","[(19, 0.00011666666666666667, 0.05545), (17, 0.00065, 0.009744444444444444), (17, 0.0, 0.0009166666666666665), (0, 0, 0), (0, 0, 0), (0, 0, 0)]","[(4007, 67.09988333333332, 10.054549999999999), (16088, 51.899350000000005, 6.180255555555555), (32195, 58.2, 11.639083333333332), (4026, 67.1, 10.11), (16105, 51.900000000000006, 6.1899999999999995), (32212, 58.2, 11.639999999999999)]","[0, 0, 0, 0, 0, 0]","[0, 0, 0, 0, 0, 0]"
345,"[40.977910151402334, 20.106146630461613, 8.435230587797157, 0.0, 0.0, 0.0]","[13, 8, 5, 0, 0, 0]","[1023.8098034974589, 923.3861847322835, 566.7821021429322, 0, 0, 0]","[3005.190196502541, 7178.613815267717, 15544.217897857068, 4029, 8102, 16111]","[4029, 8102, 16111, 4029, 8102, 16111]","[1651, 1629, 1359, 0, 0, 0]","[13.373938688397363, 3.6343426464881645, 0.9925686845168804, 0.0, 0.0, 0.0]","[574.4106666666668, 624.3800666666667, 341.0466000000001, 0, 0, 0]","[0.44226666666666664, 8.307866666666666, 1.1996, 0, 0, 0]","[0.35519999999999996, 8.38226666666667, 0.39239999999999997, 0, 0, 0]","[3720.5893333333333, 16555.61993333333, 34018.9534, 4295, 17180, 34360]","[371.5577333333333, 351.69213333333335, 375.34040000000005, 372.0, 360.0, 376.54]","[199.6448, 296.6177333333333, 266.3576, 200.0, 305.0, 266.75]","[(23, 0.0, 0.05972777777777778), (17, 0.0, 0.012605555555555557), (13, 0.011550000000000001, 0.4307333333333334), (0, 0, 0), (0, 0, 0), (0, 0, 0)]","[(4003, 67.1, 10.050272222222222), (16088, 51.900000000000006, 6.1773944444444435), (32199, 58.18845, 11.209266666666664), (4026, 67.1, 10.11), (16105, 51.900000000000006, 6.1899999999999995), (32212, 58.2, 11.639999999999999)]","[0, 0, 0, 0, 0, 0]","[0, 0, 0, 0, 0, 0]"
346,"[37.37900223380491, 19.414959269316217, 10.092483396437217, 0.0, 0.0, 0.0]","[12, 8, 6, 0, 0, 0]","[664.5807100542672, 709.964805624859, 1107.951798409477, 0, 0, 0]","[3364.419289945733, 7392.035194375141, 15003.048201590524, 4029, 8102, 16111]","[4029, 8102, 16111, 4029, 8102, 16111]","[1506, 1573, 1626, 0, 0, 0]","[16.471507954986418, 0.9861986806363987, 1.019905510283275, 0.0, 0.0, 0.0]","[707.4512666666666, 169.4289333333333, 350.4395333333333, 0, 0, 0]","[0.4674666666666666, 24.25373333333334, 25.068533333333335, 0, 0, 0]","[0.38519999999999993, 24.308799999999998, 24.39386666666667, 0, 0, 0]","[3587.5487333333335, 17010.571066666667, 34009.56046666667, 4295, 17180, 34360]","[371.53253333333333, 335.74626666666666, 351.4714666666667, 372.0, 360.0, 376.54]","[199.6148, 280.6912, 242.35613333333333, 200.0, 305.0, 266.75]","[(22, 0.008166666666666666, 0.06215), (16, 0.00065, 0.0020388888888888887), (11, 6.666666666666667e-05, 0.23340000000000002), (0, 0, 0), (0, 0, 0), (0, 0, 0)]","[(4004, 67.09183333333333, 10.047849999999999), (16089, 51.899350000000005, 6.187961111111111), (32201, 58.199933333333334, 11.4066), (4026, 67.1, 10.11), (16105, 51.900000000000006, 6.1899999999999995), (32212, 58.2, 11.639999999999999)]","[0, 0, 0, 0, 0, 0]","[0, 0, 0, 0, 0, 0]"
347,"[24.547034003474806, 25.20365341890891, 13.282850226553286, 0.0, 0.0, 0.0]","[8, 10, 8, 0, 0, 0]","[438.79285276729115, 952.2161945625397, 1448.1808937044361, 0, 0, 0]","[3590.207147232709, 7149.783805437461, 14662.819106295563, 4029, 8102, 16111]","[4029, 8102, 16111, 4029, 8102, 16111]","[989, 2042, 2140, 0, 0, 0]","[9.602724097788126, 1.8912902599922392, 4.746197710516102, 0.0, 0.0, 0.0]","[412.437, 324.9236666666667, 1630.793533333333, 0, 0, 0]","[0.020666666666666667, 20.574800000000003, 2.259333333333333, 0, 0, 0]","[0.005333333333333334, 20.645999999999997, 2.1332, 0, 0, 0]","[3882.563, 16855.076333333334, 32729.206466666667, 4295, 17180, 34360]","[371.97933333333333, 339.4252, 374.28066666666666, 372.0, 360.0, 376.54]","[199.99466666666666, 284.354, 264.6168, 200.0, 305.0, 266.75]","[(14, 0.00023333333333333333, 0.00736111111111111), (19, 0.00021666666666666666, 0.002177777777777778), (15, 0.0001, 0.31604444444444435), (0, 0, 0), (0, 0, 0), (0, 0, 0)]","[(4012, 67.09976666666667, 10.102638888888889), (16086, 51.89978333333334, 6.187822222222222), (32197, 58.1999, 11.323955555555555), (4026, 67.1, 10.11), (16105, 51.900000000000006, 6.1899999999999995), (32212, 58.2, 11.639999999999999)]","[0, 0, 0, 0, 0, 0]","[0, 0, 0, 0, 0, 0]"
348,"[17.597418714321172, 26.30214761787213, 14.412513189746138, 0.0, 0.0, 0.0]","[5, 11, 9, 0, 0, 0]","[308.7461613630454, 1178.7151034984313, 1143.8370461480165, 0, 0, 0]","[3720.2538386369547, 6923.284896501569, 14967.162953851983, 4029, 8102, 16111]","[4029, 8102, 16111, 4029, 8102, 16111]","[709, 2131, 2322, 0, 0, 0]","[5.948805587892899, 2.725429181218471, 4.180100504462554, 0.0, 0.0, 0.0]","[255.5012, 468.2287333333333, 1436.2825333333335, 0, 0, 0]","[0.0124, 21.94653333333334, 1.3874666666666664, 0, 0, 0]","[0.005600000000000001, 22.018533333333334, 1.2359999999999998, 0, 0, 0]","[4039.4988, 16711.771266666667, 32923.71746666667, 4295, 17180, 34360]","[371.9876, 338.0534666666667, 375.15253333333334, 372.0, 360.0, 376.54]","[199.9944, 282.9814666666667, 265.514, 200.0, 305.0, 266.75]","[(9, 1.666666666666667e-05, 0.004177777777777778), (23, 0.09486666666666667, 0.02404444444444444), (17, 0.0008166666666666666, 0.4008833333333333), (0, 0, 0), (0, 0, 0), (0, 0, 0)]","[(4017, 67.09998333333333, 10.105822222222221), (16082, 51.80513333333334, 6.165955555555555), (32195, 58.19918333333334, 11.239116666666666), (4026, 67.1, 10.11), (16105, 51.900000000000006, 6.1899999999999995), (32212, 58.2, 11.639999999999999)]","[0, 0, 0, 0, 0, 0]","[0, 0, 0, 0, 0, 0]"
349,"[13.70067014147431, 21.760059244630956, 14.561479734342994, 0.0, 0.0, 0.0]","[4, 10, 9, 0, 0, 0]","[410.54364062985, 972.7109094355973, 1255.6946335032005, 0, 0, 0]","[3618.45635937015, 7129.289090564403, 14855.3053664968, 4029, 8102, 16111]","[4029, 8102, 16111, 4029, 8102, 16111]","[552, 1763, 2346, 0, 0, 0]","[3.8654854481955763, 3.0130543267365155, 6.892330811020566, 0.0, 0.0, 0.0]","[166.0226, 517.6427333333334, 2368.204866666666, 0, 0, 0]","[0.0037333333333333333, 22.08600000000001, 0.37120000000000003, 0, 0, 0]","[0.006133333333333333, 22.13226666666667, 0.6624000000000001, 0, 0, 0]","[4128.9774, 16662.357266666666, 31991.795133333333, 4295, 17180, 34360]","[371.99626666666666, 337.914, 376.16880000000003, 372.0, 360.0, 376.54]","[199.99386666666666, 282.8677333333333, 266.0876, 200.0, 305.0, 266.75]","[(6, 5e-05, 0.0014444444444444444), (20, 0.0018166666666666665, 0.06295555555555556), (18, 0.0, 0.017611111111111112), (0, 0, 0), (0, 0, 0), (0, 0, 0)]","[(4020, 67.09994999999999, 10.108555555555554), (16085, 51.898183333333336, 6.127044444444444), (32194, 58.2, 11.622388888888887), (4026, 67.1, 10.11), (16105, 51.900000000000006, 6.1899999999999995), (32212, 58.2, 11.639999999999999)]","[0, 0, 0, 0, 0, 0]","[0, 0, 0, 0, 0, 0]"
350,"[12.831968230330107, 15.46531720562824, 15.790453727267085, 0.0, 0.0, 0.0]","[4, 8, 9, 0, 0, 0]","[144.61781433075592, 682.9943243941259, 1754.1339140519524, 0, 0, 0]","[3884.382185669244, 7419.005675605874, 14356.866085948048, 4029, 8102, 16111]","[4029, 8102, 16111, 4029, 8102, 16111]","[517, 1253, 2544, 0, 0, 0]","[2.285710516103997, 2.5517392316647265, 4.639262320527745, 0.0, 0.0, 0.0]","[98.17126666666667, 438.3888, 1594.0505333333333, 0, 0, 0]","[0.0009333333333333334, 0.05106666666666666, 0.0184, 0, 0, 0]","[0.0021333333333333334, 0.03346666666666666, 0.06160000000000001, 0, 0, 0]","[4196.828733333334, 16741.6112, 32765.949466666665, 4295, 17180, 34360]","[371.9990666666667, 359.94893333333334, 376.52160000000003, 372.0, 360.0, 376.54]","[199.99786666666665, 304.96653333333336, 266.6884, 200.0, 305.0, 266.75]","[(6, 0.0, 0.0001388888888888889), (16, 0.0, 0.06051666666666667), (19, 0.00065, 0.004338888888888887), (0, 0, 0), (0, 0, 0), (0, 0, 0)]","[(4020, 67.1, 10.10986111111111), (16089, 51.900000000000006, 6.129483333333333), (32193, 58.19935, 11.63566111111111), (4026, 67.1, 10.11), (16105, 51.900000000000006, 6.1899999999999995), (32212, 58.2, 11.639999999999999)]","[0, 0, 0, 0, 0, 0]","[0, 0, 0, 0, 0, 0]"
351,"[18.9873417721519, 15.452974574179215, 17.54081062628018, 0.0, 0.0, 0.0]","[6, 7, 10, 0, 0, 0]","[502.1884994353961, 731.8049280054556, 1636.4211999195074, 0, 0, 0]","[3526.811500564604, 7370.195071994544, 14474.578800080493, 4029, 8102, 16111]","[4029, 8102, 16111, 4029, 8102, 16111]","[765, 1252, 2826, 0, 0, 0]","[3.78407450523865, 2.0522731858750487, 8.651400853705859, 0.0, 0.0, 0.0]","[162.526, 352.58053333333334, 2972.6213333333335, 0, 0, 0]","[0.24719999999999998, 8.309199999999999, 0.19853333333333334, 0, 0, 0]","[0.24453333333333335, 8.31386666666667, 0.05013333333333333, 0, 0, 0]","[4132.474, 16827.419466666666, 31387.378666666667, 4295, 17180, 34360]","[371.7528, 351.6908, 376.3414666666667, 372.0, 360.0, 376.54]","[199.75546666666668, 296.6861333333333, 266.69986666666665, 200.0, 305.0, 266.75]","[(11, 0.0006000000000000001, 0.0032722222222222224), (16, 5.000000000000001e-05, 0.06052222222222221), (18, 0.0, 0.010422222222222222), (0, 0, 0), (0, 0, 0), (0, 0, 0)]","[(4015, 67.09939999999999, 10.106727777777778), (16089, 51.899950000000004, 6.129477777777777), (32194, 58.2, 11.629577777777776), (4026, 67.1, 10.11), (16105, 51.900000000000006, 6.1899999999999995), (32212, 58.2, 11.639999999999999)]","[0, 0, 0, 0, 0, 0]","[0, 0, 0, 0, 0, 0]"
352,"[19.558203028046663, 13.29301407059985, 17.11253181056421, 0.0, 0.0, 0.0]","[6, 6, 10, 0, 0, 0]","[575.7886143402274, 607.581897501899, 1385.1273167594622, 0, 0, 0]","[3453.2113856597725, 7494.418102498101, 14725.872683240537, 4029, 8102, 16111]","[4029, 8102, 16111, 4029, 8102, 16111]","[788, 1077, 2757, 0, 0, 0]","[3.8909072564998057, 1.1283655413271247, 7.385822856034148, 0.0, 0.0, 0.0]","[167.11446666666666, 193.85320000000002, 2537.7687333333333, 0, 0, 0]","[0.23053333333333334, 24.267466666666675, 0.02413333333333333, 0, 0, 0]","[0.21973333333333334, 24.313999999999997, 0.0176, 0, 0, 0]","[4127.885533333333, 16986.1468, 31822.231266666666, 4295, 17180, 34360]","[371.7694666666667, 335.7325333333333, 376.5158666666667, 372.0, 360.0, 376.54]","[199.78026666666668, 280.686, 266.7324, 200.0, 305.0, 266.75]","[(11, 0.0002333333333333333, 0.0045000000000000005), (13, 0.0, 0.05767222222222222), (21, 0.00065, 0.048938888888888886), (0, 0, 0), (0, 0, 0), (0, 0, 0)]","[(4015, 67.09976666666667, 10.1055), (16092, 51.900000000000006, 6.132327777777777), (32191, 58.19935, 11.59106111111111), (4026, 67.1, 10.11), (16105, 51.900000000000006, 6.1899999999999995), (32212, 58.2, 11.639999999999999)]","[0, 0, 0, 0, 0, 0]","[0, 0, 0, 0, 0, 0]"
353,"[25.341275750806652, 14.021229326092321, 16.22493948234126, 0.0, 0.0, 0.0]","[8, 5, 9, 0, 0, 0]","[371.5653451716326, 491.3491485964479, 1044.3018334200056, 0, 0, 0]","[3657.4346548283675, 7610.650851403552, 15066.698166579994, 4029, 8102, 16111]","[4029, 8102, 16111, 4029, 8102, 16111]","[1021, 1136, 2614, 0, 0, 0]","[6.4584027939464494, 0.8814280170741172, 8.691837407838573, 0.0, 0.0, 0.0]","[277.3884, 151.42933333333335, 2986.5153333333337, 0, 0, 0]","[0.20973333333333327, 20.609466666666666, 9.635733333333336, 0, 0, 0]","[0.20493333333333336, 20.630266666666664, 0.06426666666666668, 0, 0, 0]","[4017.6116, 17028.570666666667, 31373.484666666667, 4295, 17180, 34360]","[371.79026666666664, 339.39053333333334, 366.9042666666667, 372.0, 360.0, 376.54]","[199.79506666666666, 284.36973333333333, 266.68573333333336, 200.0, 305.0, 266.75]","[(14, 0.0004333333333333333, 0.003927777777777777), (9, 0.00011666666666666667, 0.053505555555555556), (19, 0.0, 0.025500000000000005), (0, 0, 0), (0, 0, 0), (0, 0, 0)]","[(4012, 67.09956666666666, 10.106072222222222), (16096, 51.89988333333334, 6.136494444444444), (32193, 58.2, 11.6145), (4026, 67.1, 10.11), (16105, 51.900000000000006, 6.1899999999999995), (32212, 58.2, 11.639999999999999)]","[0, 0, 0, 0, 0, 0]","[0, 0, 0, 0, 0, 0]"
354,"[14.941672871680318, 16.958775610960256, 12.463534231270561, 0.0, 0.0, 0.0]","[6, 6, 7, 0, 0, 0]","[186.48511670391133, 872.7584942154792, 1320.1935746838521, 0, 0, 0]","[3842.5148832960886, 7229.241505784521, 14790.806425316148, 4029, 8102, 16111]","[4029, 8102, 16111, 4029, 8102, 16111]","[602, 1374, 2008, 0, 0, 0]","[6.884661233993014, 9.37592937524253, 4.208971478463329, 0.0, 0.0, 0.0]","[295.6962, 1610.7846666666667, 1446.2026, 0, 0, 0]","[0.016666666666666666, 22.10186666666667, 3.9339999999999997, 0, 0, 0]","[0.004666666666666666, 21.994133333333338, 0.1208, 0, 0, 0]","[3999.3038, 15569.215333333334, 32913.7974, 4295, 17180, 34360]","[371.98333333333335, 337.8981333333333, 372.606, 372.0, 360.0, 376.54]","[199.99533333333332, 283.00586666666663, 266.6292, 200.0, 305.0, 266.75]","[(9, 3.3333333333333335e-05, 0.0031833333333333327), (11, 0.06151666666666666, 0.035672222222222216), (18, 0.0, 0.007249999999999999), (0, 0, 0), (0, 0, 0), (0, 0, 0)]","[(4017, 67.09996666666666, 10.106816666666665), (16094, 51.838483333333336, 6.154327777777778), (32194, 58.2, 11.632749999999998), (4026, 67.1, 10.11), (16105, 51.900000000000006, 6.1899999999999995), (32212, 58.2, 11.639999999999999)]","[0, 0, 0, 0, 0, 0]","[0, 0, 2, 0, 0, 0]"
355,"[10.722263588979896, 18.575660330782522, 13.133883681956426, 0.0, 0.0, 0.0]","[5, 7, 7, 0, 0, 0]","[100.96610310330661, 640.8101567190006, 830.3568083061182, 0, 0, 0]","[3928.0338968966935, 7461.189843280999, 15280.643191693882, 4029, 8102, 16111]","[4029, 8102, 16111, 4029, 8102, 16111]","[432, 1505, 2116, 0, 0, 0]","[4.371045401629801, 8.887903376018627, 4.478161428017073, 0.0, 0.0, 0.0]","[187.73639999999997, 1526.9418, 1538.6962666666666, 0, 0, 0]","[0.0014666666666666665, 22.021466666666672, 7.7358666666666664, 0, 0, 0]","[0.0026666666666666666, 22.065866666666672, 0.14146666666666666, 0, 0, 0]","[4107.2636, 15653.0582, 32821.303733333334, 4295, 17180, 34360]","[371.99853333333334, 337.9785333333333, 368.80413333333337, 372.0, 360.0, 376.54]","[199.99733333333333, 282.9341333333333, 266.60853333333336, 200.0, 305.0, 266.75]","[(7, 0.0487, 0.01782222222222223), (15, 0.02943333333333333, 0.02602777777777777), (17, 0.00031666666666666665, 0.007166666666666666), (0, 0, 0), (0, 0, 0), (0, 0, 0)]","[(4019, 67.0513, 10.092177777777778), (16090, 51.870566666666676, 6.163972222222221), (32195, 58.19968333333333, 11.632833333333332), (4026, 67.1, 10.11), (16105, 51.900000000000006, 6.1899999999999995), (32212, 58.2, 11.639999999999999)]","[0, 0, 0, 0, 0, 0]","[0, 0, 2, 0, 0, 0]"
356,"[14.271531397369074, 17.36608244877808, 9.775929489168892, 0.0, 0.0, 0.0]","[5, 6, 6, 0, 0, 0]","[215.7074678605617, 678.5876996348669, 980.3466931521502, 0, 0, 0]","[3813.292532139438, 7423.412300365133, 15130.65330684785, 4029, 8102, 16111]","[4029, 8102, 16111, 4029, 8102, 16111]","[575, 1407, 1575, 0, 0, 0]","[1.9204951493985256, 7.296686069072567, 1.5252266201008926, 0.0, 0.0, 0.0]","[82.48526666666667, 1253.570666666667, 524.0678666666668, 0, 0, 0]","[0.0084, 0.06333333333333332, 6.1508, 0, 0, 0]","[0.0084, 0.04173333333333334, 0.1638666666666667, 0, 0, 0]","[4212.514733333333, 15926.429333333333, 33835.932133333336, 4295, 17180, 34360]","[371.9916, 359.93666666666667, 370.3892, 372.0, 360.0, 376.54]","[199.9916, 304.95826666666665, 266.58613333333335, 200.0, 305.0, 266.75]","[(11, 0.0487, 0.017361111111111115), (11, 0.0, 0.025631349206349203), (11, 0.0, 0.006144444444444444), (0, 0, 0), (0, 0, 0), (0, 0, 0)]","[(4015, 67.0513, 10.092638888888889), (16094, 51.900000000000006, 6.164368650793651), (32201, 58.2, 11.633855555555554), (4026, 67.1, 10.11), (16105, 51.900000000000006, 6.1899999999999995), (32212, 58.2, 11.639999999999999)]","[0, 2, 0, 0, 0, 0]","[0, 2, 2, 0, 0, 0]"
357,"[17.870439314966493, 21.11824240928166, 8.956613493886165, 0.0, 0.0, 0.0]","[5, 7, 6, 0, 0, 0]","[563.0124213702763, 1065.9762059494046, 722.5029277753431, 0, 0, 0]","[3465.9875786297234, 7036.023794050596, 15388.497072224656, 4029, 8102, 16111]","[4029, 8102, 16111, 4029, 8102, 16111]","[720, 1711, 1443, 0, 0, 0]","[3.7647714396585172, 6.468139309274351, 0.1753418703919286, 0.0, 0.0, 0.0]","[161.69693333333333, 1111.2263333333335, 60.24746666666667, 0, 0, 0]","[0.0144, 0.06480000000000001, 0.056933333333333336, 0, 0, 0]","[0.008666666666666666, 0.04386666666666668, 0.047200000000000006, 0, 0, 0]","[4133.303066666666, 16068.773666666666, 34299.75253333333, 4295, 17180, 34360]","[371.9856, 359.9352, 376.4830666666667, 372.0, 360.0, 376.54]","[199.99133333333333, 304.95613333333336, 266.7028, 200.0, 305.0, 266.75]","[(12, 0.0, 0.0018111111111111112), (14, 0.0, 0.025777777777777785), (11, 0.0, 0.0010944444444444445), (0, 0, 0), (0, 0, 0), (0, 0, 0)]","[(4014, 67.1, 10.108188888888888), (16091, 51.900000000000006, 6.164222222222222), (32201, 58.2, 11.638905555555555), (4026, 67.1, 10.11), (16105, 51.900000000000006, 6.1899999999999995), (32212, 58.2, 11.639999999999999)]","[0, 2, 0, 0, 0, 0]","[0, 2, 2, 0, 0, 0]"
358,"[22.685529908165798, 21.056529252036533, 6.827633294022717, 0.0, 0.0, 0.0]","[5, 7, 5, 0, 0, 0]","[384.0382409740339, 694.4250555190689, 841.9101355886417, 0, 0, 0]","[3644.961759025966, 7407.574944480931, 15269.089864411359, 4029, 8102, 16111]","[4029, 8102, 16111, 4029, 8102, 16111]","[914, 1706, 1100, 0, 0, 0]","[2.8319813736903376, 6.945227396197129, 0.16148311990686848, 0.0, 0.0, 0.0]","[121.6336, 1193.1900666666668, 55.485600000000005, 0, 0, 0]","[0.0172, 0.04053333333333333, 0.009466666666666667, 0, 0, 0]","[0.011866666666666668, 0.020133333333333336, 0.0002666666666666667, 0, 0, 0]","[4173.3664, 15986.809933333334, 34304.5144, 4295, 17180, 34360]","[371.9828, 359.9594666666667, 376.5305333333334, 372.0, 360.0, 376.54]","[199.98813333333334, 304.9798666666667, 266.7497333333333, 200.0, 305.0, 266.75]","[(13, 0.0, 0.0022055555555555557), (14, 0.0, 0.025580158730158734), (9, 0.0, 0.0010666666666666667), (0, 0, 0), (0, 0, 0), (0, 0, 0)]","[(4013, 67.1, 10.107794444444444), (16091, 51.900000000000006, 6.164419841269841), (32203, 58.2, 11.638933333333332), (4026, 67.1, 10.11), (16105, 51.900000000000006, 6.1899999999999995), (32212, 58.2, 11.639999999999999)]","[2, 2, 0, 0, 0, 0]","[2, 4, 2, 0, 0, 0]"
359,"[17.22511789525937, 19.007652431498396, 9.043510644901, 0.0, 0.0, 0.0]","[4, 7, 6, 0, 0, 0]","[404.91085709657204, 322.0535982437749, 1167.7923004896859, 0, 0, 0]","[3624.089142903428, 7779.946401756225, 14943.207699510314, 4029, 8102, 16111]","[4029, 8102, 16111, 4029, 8102, 16111]","[694, 1540, 1457, 0, 0, 0]","[1.8340582072176945, 0.9991722933643772, 0.465638921226232, 0.0, 0.0, 0.0]","[78.77279999999999, 171.65779999999998, 159.99353333333332, 0, 0, 0]","[0.013466666666666667, 0.0392, 0.010133333333333333, 0, 0, 0]","[0.008, 0.0184, 0.0037333333333333333, 0, 0, 0]","[4216.2272, 17008.3422, 34200.006466666666, 4295, 17180, 34360]","[371.98653333333334, 359.9608, 376.5298666666667, 372.0, 360.0, 376.54]","[199.992, 304.9816, 266.74626666666666, 200.0, 305.0, 266.75]","[(8, 0.0, 0.0018611111111111111), (15, 0.00015, 0.026138888888888892), (8, 1.666666666666667e-05, 0.0017055555555555554), (0, 0, 0), (0, 0, 0), (0, 0, 0)]","[(4018, 67.1, 10.108138888888888), (16090, 51.89985000000001, 6.16386111111111), (32204, 58.199983333333336, 11.638294444444444), (4026, 67.1, 10.11), (16105, 51.900000000000006, 6.1899999999999995), (32212, 58.2, 11.639999999999999)]","[2, 2, 0, 0, 0, 0]","[2, 4, 2, 0, 0, 0]"
360,"[17.42367833209233, 7.059985188842262, 15.734591273043264, 0.0, 0.0, 0.0]","[5, 4, 10, 0, 0, 0]","[425.0295713134028, 264.1893936634494, 1448.3116762172915, 0, 0, 0]","[3603.970428686597, 7837.81060633655, 14662.688323782708, 4029, 8102, 16111]","[4029, 8102, 16111, 4029, 8102, 16111]","[702, 572, 2535, 0, 0, 0]","[1.4118975552968567, 0.4269805975941017, 0.8636315483119905, 0.0, 0.0, 0.0]","[60.641, 73.35526666666667, 296.74379999999996, 0, 0, 0]","[0.02826666666666667, 0.01746666666666667, 0.011066666666666666, 0, 0, 0]","[0.024266666666666666, 0.009866666666666666, 0.0015999999999999999, 0, 0, 0]","[4234.359, 17106.644733333334, 34063.2562, 4295, 17180, 34360]","[371.97173333333336, 359.9825333333333, 376.5289333333333, 372.0, 360.0, 376.54]","[199.97573333333332, 304.99013333333335, 266.7484, 200.0, 305.0, 266.75]","[(8, 0.0, 0.002811111111111111), (10, 0.0, 0.0013555555555555556), (12, 0.00065, 0.030344444444444445), (0, 0, 0), (0, 0, 0), (0, 0, 0)]","[(4018, 67.1, 10.107188888888889), (16095, 51.900000000000006, 6.188644444444444), (32200, 58.19935, 11.609655555555554), (4026, 67.1, 10.11), (16105, 51.900000000000006, 6.1899999999999995), (32212, 58.2, 11.639999999999999)]","[0, 0, 0, 0, 0, 0]","[0, 0, 0, 0, 0, 0]"
361,"[21.494167287168032, 6.739076771167612, 12.674570169449446, 0.0, 0.0, 0.0]","[6, 4, 8, 0, 0, 0]","[675.4344164192565, 268.3692582147316, 1621.3744222200257, 0, 0, 0]","[3353.5655835807434, 7833.630741785269, 14489.625577779974, 4029, 8102, 16111]","[4029, 8102, 16111, 4029, 8102, 16111]","[866, 546, 2042, 0, 0, 0]","[7.575376018626311, 0.7278335273573924, 0.7260516103996896, 0.0, 0.0, 0.0]","[325.36240000000004, 125.04180000000001, 249.47133333333335, 0, 0, 0]","[0.5988, 0.0112, 0.010933333333333331, 0, 0, 0]","[0.11773333333333333, 0.0030666666666666668, 0.0006666666666666668, 0, 0, 0]","[3969.6376, 17054.9582, 34110.528666666665, 4295, 17180, 34360]","[371.4012, 359.9888, 376.52906666666667, 372.0, 360.0, 376.54]","[199.88226666666668, 304.99693333333335, 266.7493333333333, 200.0, 305.0, 266.75]","[(10, 1.666666666666667e-05, 0.0021944444444444446), (9, 0.0, 0.0012555555555555553), (10, 0.0, 0.003038888888888889), (0, 0, 0), (0, 0, 0), (0, 0, 0)]","[(4016, 67.09998333333333, 10.107805555555554), (16096, 51.900000000000006, 6.188744444444444), (32202, 58.2, 11.636961111111109), (4026, 67.1, 10.11), (16105, 51.900000000000006, 6.1899999999999995), (32212, 58.2, 11.639999999999999)]","[0, 0, 0, 0, 0, 0]","[0, 0, 0, 0, 0, 0]"
362,"[20.451724993794986, 4.714885213527524, 13.897337223015333, 0.0, 0.0, 0.0]","[6, 3, 9, 0, 0, 0]","[357.7905976259642, 364.12471098838523, 1074.9110164207525, 0, 0, 0]","[3671.2094023740356, 7737.875289011615, 15036.088983579248, 4029, 8102, 16111]","[4029, 8102, 16111, 4029, 8102, 16111]","[824, 382, 2239, 0, 0, 0]","[7.195941016686068, 0.9877365153279009, 0.9752747380675202, 0.0, 0.0, 0.0]","[309.06566666666663, 169.69313333333335, 335.10439999999994, 0, 0, 0]","[0.614, 0.0037333333333333333, 0.02213333333333333, 0, 0, 0]","[0.12026666666666667, 0.002666666666666667, 0.053599999999999995, 0, 0, 0]","[3985.9343333333336, 17010.306866666666, 34024.8956, 4295, 17180, 34360]","[371.386, 359.99626666666666, 376.5178666666667, 372.0, 360.0, 376.54]","[199.87973333333332, 304.99733333333336, 266.6964, 200.0, 305.0, 266.75]","[(11, 0.0, 0.0018444444444444446), (5, 0.0020666666666666663, 0.017683333333333332), (13, 0.00065, 0.003902136752136752), (0, 0, 0), (0, 0, 0), (0, 0, 0)]","[(4015, 67.1, 10.108155555555555), (16100, 51.89793333333334, 6.172316666666666), (32199, 58.19935, 11.636097863247862), (4026, 67.1, 10.11), (16105, 51.900000000000006, 6.1899999999999995), (32212, 58.2, 11.639999999999999)]","[0, 0, 0, 0, 0, 0]","[0, 0, 0, 0, 0, 0]"
363,"[24.91933482253661, 10.195013576894594, 7.361430078828129, 0.0, 0.0, 0.0]","[7, 5, 5, 0, 0, 0]","[349.0022925403189, 788.0627483509334, 483.4631535331973, 0, 0, 0]","[3679.997707459681, 7313.937251649067, 15627.536846466803, 4029, 8102, 16111]","[4029, 8102, 16111, 4029, 8102, 16111]","[1004, 826, 1186, 0, 0, 0]","[10.134559565386109, 8.843659681800542, 0.6830737291424137, 0.0, 0.0, 0.0]","[435.27933333333334, 1519.3407333333332, 234.70413333333335, 0, 0, 0]","[1.1358666666666666, 1.0574666666666668, 0.013733333333333334, 0, 0, 0]","[0.5766666666666665, 0.32000000000000006, 0.02266666666666667, 0, 0, 0]","[3859.7206666666666, 15660.659266666667, 34125.29586666667, 4295, 17180, 34360]","[370.8641333333333, 358.94253333333336, 376.5262666666667, 372.0, 360.0, 376.54]","[199.42333333333335, 304.68, 266.7273333333333, 200.0, 305.0, 266.75]","[(11, 0.003666666666666666, 0.06203888888888888), (10, 1.666666666666667e-05, 0.08457222222222223), (7, 0.03996666666666667, 0.015583333333333336), (0, 0, 0), (0, 0, 0), (0, 0, 0)]","[(4015, 67.09633333333333, 10.04796111111111), (16095, 51.89998333333334, 6.105427777777777), (32205, 58.16003333333334, 11.624416666666665), (4026, 67.1, 10.11), (16105, 51.900000000000006, 6.1899999999999995), (32212, 58.2, 11.639999999999999)]","[0, 0, 0, 0, 0, 0]","[0, 0, 0, 0, 0, 0]"
364,"[13.278729213204269, 14.058257220439396, 4.183477127428465, 0.0, 0.0, 0.0]","[5, 8, 3, 0, 0, 0]","[253.38239871061373, 537.0985575201778, 311.18729824852505, 0, 0, 0]","[3775.617601289386, 7564.901442479822, 15799.812701751474, 4029, 8102, 16111]","[4029, 8102, 16111, 4029, 8102, 16111]","[535, 1139, 674, 0, 0, 0]","[3.935725261932478, 8.760747380675202, 0.4244402405898331, 0.0, 0.0, 0.0]","[169.03939999999994, 1505.0963999999997, 145.83766666666665, 0, 0, 0]","[0.4388, 0.32306666666666667, 0.002, 0, 0, 0]","[0.3698666666666666, 0.3629333333333333, 0.0136, 0, 0, 0]","[4125.9606, 15674.9036, 34214.162333333334, 4295, 17180, 34360]","[371.5612, 359.67693333333335, 376.538, 372.0, 360.0, 376.54]","[199.63013333333333, 304.63706666666667, 266.7364, 200.0, 305.0, 266.75]","[(9, 0.0004666666666666666, 0.052611111111111115), (16, 3.333333333333334e-05, 0.033600000000000005), (5, 0.0045833333333333325, 0.0003722222222222222), (0, 0, 0), (0, 0, 0), (0, 0, 0)]","[(4017, 67.09953333333333, 10.05738888888889), (16089, 51.89996666666667, 6.1564), (32207, 58.19541666666667, 11.639627777777777), (4026, 67.1, 10.11), (16105, 51.900000000000006, 6.1899999999999995), (32212, 58.2, 11.639999999999999)]","[0, 0, 0, 0, 0, 0]","[0, 0, 0, 0, 0, 0]"
365,"[14.569372052618515, 12.280918291779807, 7.280739867171497, 0.0, 0.0, 0.0]","[5, 7, 5, 0, 0, 0]","[346.11888600997634, 314.2294256447284, 387.9173397618433, 0, 0, 0]","[3682.8811139900236, 7787.7705743552715, 15723.082660238157, 4029, 8102, 16111]","[4029, 8102, 16111, 4029, 8102, 16111]","[587, 995, 1173, 0, 0, 0]","[2.502368645712068, 8.819491656965464, 1.222848467209934, 0.0, 0.0, 0.0]","[107.47673333333333, 1515.1886666666667, 420.1707333333333, 0, 0, 0]","[0.02426666666666667, 0.5109333333333334, 0.007599999999999999, 0, 0, 0]","[0.02, 0.5410666666666667, 0.033999999999999996, 0, 0, 0]","[4187.523266666667, 15664.811333333333, 33939.82926666667, 4295, 17180, 34360]","[371.9757333333333, 359.48906666666664, 376.5324, 372.0, 360.0, 376.54]","[199.98, 304.45893333333333, 266.716, 200.0, 305.0, 266.75]","[(11, 0.00031666666666666665, 0.0026888888888888887), (16, 0.04671666666666667, 0.008722222222222221), (8, 5e-05, 0.007127777777777778), (0, 0, 0), (0, 0, 0), (0, 0, 0)]","[(4015, 67.09968333333333, 10.10731111111111), (16089, 51.85328333333334, 6.181277777777777), (32204, 58.19995, 11.632872222222222), (4026, 67.1, 10.11), (16105, 51.900000000000006, 6.1899999999999995), (32212, 58.2, 11.639999999999999)]","[0, 0, 0, 0, 0, 0]","[0, 0, 0, 0, 0, 0]"
366,"[22.85927029039464, 7.491977289558134, 9.44696170318416, 0.0, 0.0, 0.0]","[8, 5, 6, 0, 0, 0]","[461.99188014674553, 470.1970836802888, 960.7252258296398, 0, 0, 0]","[3567.0081198532544, 7631.802916319712, 15150.27477417036, 4029, 8102, 16111]","[4029, 8102, 16111, 4029, 8102, 16111]","[921, 607, 1522, 0, 0, 0]","[4.893861078773767, 0.24895382227396196, 1.5206478463329451, 0.0, 0.0, 0.0]","[210.19133333333332, 42.770266666666664, 522.4946, 0, 0, 0]","[0.013066666666666667, 0.38386666666666663, 0.0192, 0, 0, 0]","[0.022, 0.3841333333333334, 0.0364, 0, 0, 0]","[4084.808666666667, 17137.229733333334, 33837.5054, 4295, 17180, 34360]","[371.98693333333335, 359.6161333333333, 376.5208, 372.0, 360.0, 376.54]","[199.978, 304.61586666666665, 266.7136, 200.0, 305.0, 266.75]","[(19, 0.00055, 0.004111111111111111), (11, 0.0, 0.0011055555555555554), (9, 0.0, 0.004716666666666666), (0, 0, 0), (0, 0, 0), (0, 0, 0)]","[(4007, 67.09944999999999, 10.105888888888888), (16094, 51.900000000000006, 6.188894444444444), (32203, 58.2, 11.635283333333332), (4026, 67.1, 10.11), (16105, 51.900000000000006, 6.1899999999999995), (32212, 58.2, 11.639999999999999)]","[0, 0, 0, 0, 0, 0]","[0, 0, 0, 0, 0, 0]"
367,"[23.231571109456443, 14.317452480868923, 10.185587486810252, 0.0, 0.0, 0.0]","[8, 7, 6, 0, 0, 0]","[793.375225537891, 746.9137433148422, 773.0777897171699, 0, 0, 0]","[3235.624774462109, 7355.086256685157, 15337.92221028283, 4029, 8102, 16111]","[4029, 8102, 16111, 4029, 8102, 16111]","[936, 1160, 1641, 0, 0, 0]","[7.073649980597595, 0.8241998447807528, 1.4064621653084983, 0.0, 0.0, 0.0]","[303.8132666666667, 141.59753333333333, 483.2604, 0, 0, 0]","[0.5869333333333333, 0.18866666666666665, 0.017599999999999998, 0, 0, 0]","[0.4541333333333332, 0.1889333333333334, 0.03386666666666666, 0, 0, 0]","[3991.1867333333334, 17038.402466666666, 33876.7396, 4295, 17180, 34360]","[371.4130666666667, 359.8113333333333, 376.5224, 372.0, 360.0, 376.54]","[199.54586666666665, 304.81106666666665, 266.71613333333335, 200.0, 305.0, 266.75]","[(17, 0.003133333333333333, 0.06237222222222223), (15, 0.00015, 0.0013944444444444442), (10, 0.0, 0.0027055555555555557), (0, 0, 0), (0, 0, 0), (0, 0, 0)]","[(4009, 67.09686666666666, 10.047627777777777), (16090, 51.89985000000001, 6.188605555555555), (32202, 58.2, 11.637294444444443), (4026, 67.1, 10.11), (16105, 51.900000000000006, 6.1899999999999995), (32212, 58.2, 11.639999999999999)]","[0, 0, 0, 0, 0, 0]","[0, 0, 0, 0, 0, 0]"
368,"[29.709605361131796, 13.157245124660577, 8.708335919558067, 0.0, 0.0, 0.0]","[11, 6, 5, 0, 0, 0]","[731.5357330734026, 325.35527331169084, 885.7617589152766, 0, 0, 0]","[3297.4642669265972, 7776.644726688309, 15225.238241084724, 4029, 8102, 16111]","[4029, 8102, 16111, 4029, 8102, 16111]","[1197, 1066, 1403, 0, 0, 0]","[10.682033372138147, 0.761896391152503, 1.0528447807528132, 0.0, 0.0, 0.0]","[458.7933333333334, 130.8938, 361.75746666666663, 0, 0, 0]","[0.4356, 0.1872, 0.0236, 0, 0, 0]","[0.3598666666666666, 0.18733333333333332, 0.019999999999999997, 0, 0, 0]","[3836.2066666666665, 17049.1062, 33998.24253333333, 4295, 17180, 34360]","[371.5644, 359.8128, 376.51640000000003, 372.0, 360.0, 376.54]","[199.64013333333332, 304.81266666666664, 266.73, 200.0, 305.0, 266.75]","[(24, 0.00024999999999999995, 0.10200555555555557), (12, 0.09475, 0.018811111111111112), (9, 1.666666666666667e-05, 0.002922222222222222), (0, 0, 0), (0, 0, 0), (0, 0, 0)]","[(4002, 67.09975, 10.007994444444444), (16093, 51.80525000000001, 6.171188888888889), (32203, 58.199983333333336, 11.637077777777776), (4026, 67.1, 10.11), (16105, 51.900000000000006, 6.1899999999999995), (32212, 58.2, 11.639999999999999)]","[0, 0, 0, 0, 0, 0]","[0, 0, 0, 0, 0, 0]"
369,"[27.624720774385704, 9.725993581831647, 14.01526907082118, 0.0, 0.0, 0.0]","[10, 5, 8, 0, 0, 0]","[576.9701128385045, 370.02781358749087, 1359.7785637224551, 0, 0, 0]","[3452.0298871614955, 7731.9721864125095, 14751.221436277545, 4029, 8102, 16111]","[4029, 8102, 16111, 4029, 8102, 16111]","[1113, 788, 2258, 0, 0, 0]","[10.994540939076446, 2.308623593325572, 1.5225514163756304, 0.0, 0.0, 0.0]","[472.2155333333333, 396.6215333333333, 523.1486666666666, 0, 0, 0]","[0.4431999999999999, 1.0621333333333336, 0.02453333333333333, 0, 0, 0]","[0.3577333333333333, 0.3357333333333334, 0.025333333333333333, 0, 0, 0]","[3822.7844666666665, 16783.378466666665, 33836.85133333333, 4295, 17180, 34360]","[371.5568, 358.93786666666665, 376.51546666666667, 372.0, 360.0, 376.54]","[199.64226666666667, 304.66426666666666, 266.7246666666667, 200.0, 305.0, 266.75]","[(20, 0.00016666666666666666, 0.05818888888888889), (13, 0.0002833333333333333, 0.005805555555555554), (12, 0.0, 0.0036500000000000005), (0, 0, 0), (0, 0, 0), (0, 0, 0)]","[(4006, 67.09983333333332, 10.05181111111111), (16092, 51.89971666666667, 6.184194444444444), (32200, 58.2, 11.636349999999998), (4026, 67.1, 10.11), (16105, 51.900000000000006, 6.1899999999999995), (32212, 58.2, 11.639999999999999)]","[0, 0, 0, 0, 0, 0]","[0, 0, 0, 0, 0, 0]"
370,"[24.52221394887069, 13.206615650456676, 13.524920861523182, 0.0, 0.0, 0.0]","[8, 6, 8, 0, 0, 0]","[478.755969669145, 614.6875078212805, 1422.482032851495, 0, 0, 0]","[3550.244030330855, 7487.312492178719, 14688.517967148506, 4029, 8102, 16111]","[4029, 8102, 16111, 4029, 8102, 16111]","[988, 1070, 2179, 0, 0, 0]","[5.15530151338766, 2.6293042297244855, 4.397029879705084, 0.0, 0.0, 0.0]","[221.42020000000002, 451.7144666666666, 1510.8194666666666, 0, 0, 0]","[0.018, 0.020266666666666665, 0.24813333333333334, 0, 0, 0]","[0.0005333333333333334, 0.06293333333333333, 1.5131999999999999, 0, 0, 0]","[4073.5798, 16728.285533333332, 32849.18053333333, 4295, 17180, 34360]","[371.982, 359.97973333333334, 376.2918666666667, 372.0, 360.0, 376.54]","[199.99946666666668, 304.9370666666667, 265.2368, 200.0, 305.0, 266.75]","[(15, 8.333333333333333e-05, 0.004252136752136752), (13, 0.0036, 0.005772222222222222), (14, 0.0, 0.030633333333333335), (0, 0, 0), (0, 0, 0), (0, 0, 0)]","[(4011, 67.09991666666666, 10.105747863247863), (16092, 51.89640000000001, 6.184227777777777), (32198, 58.2, 11.609366666666665), (4026, 67.1, 10.11), (16105, 51.900000000000006, 6.1899999999999995), (32212, 58.2, 11.639999999999999)]","[0, 0, 0, 0, 0, 0]","[0, 0, 0, 0, 0, 0]"
371,"[15.835194837428643, 19.328560849173044, 9.763515610452487, 0.0, 0.0, 0.0]","[6, 9, 6, 0, 0, 0]","[272.41873807089945, 834.4007892512516, 1154.470566262254, 0, 0, 0]","[3756.5812619291005, 7267.599210748748, 14956.529433737745, 4029, 8102, 16111]","[4029, 8102, 16111, 4029, 8102, 16111]","[638, 1566, 1573, 0, 0, 0]","[10.321934031819948, 4.339287155607295, 2.995525805199845, 0.0, 0.0, 0.0]","[443.3270666666667, 745.4895333333332, 1029.2626666666667, 0, 0, 0]","[0.018133333333333335, 0.018933333333333333, 0.18746666666666667, 0, 0, 0]","[0.016933333333333335, 0.051333333333333335, 0.7914666666666664, 0, 0, 0]","[3851.6729333333333, 16434.510466666667, 33330.73733333333, 4295, 17180, 34360]","[371.9818666666667, 359.98106666666666, 376.3525333333333, 372.0, 360.0, 376.54]","[199.98306666666667, 304.94866666666667, 265.9585333333333, 200.0, 305.0, 266.75]","[(14, 0.061716666666666656, 0.03897777777777777), (17, 0.0037333333333333333, 0.007416666666666665), (12, 1.666666666666667e-05, 0.026844444444444445), (0, 0, 0), (0, 0, 0), (0, 0, 0)]","[(4012, 67.03828333333333, 10.071022222222222), (16088, 51.89626666666667, 6.182583333333333), (32200, 58.199983333333336, 11.613155555555554), (4026, 67.1, 10.11), (16105, 51.900000000000006, 6.1899999999999995), (32212, 58.2, 11.639999999999999)]","[0, 0, 0, 0, 0, 0]","[0, 0, 0, 0, 0, 0]"
372,"[11.988086373790022, 17.131572451246605, 13.661473527403636, 0.0, 0.0, 0.0]","[5, 8, 8, 0, 0, 0]","[113.07599831514807, 692.5885817469731, 1250.7234048760936, 0, 0, 0]","[3915.924001684852, 7409.411418253027, 14860.276595123907, 4029, 8102, 16111]","[4029, 8102, 16111, 4029, 8102, 16111]","[483, 1388, 2201, 0, 0, 0]","[6.802255335661622, 4.426261932479626, 3.1982110981761736, 0.0, 0.0, 0.0]","[292.15686666666664, 760.4317999999998, 1098.9053333333331, 0, 0, 0]","[0.0088, 0.02573333333333333, 0.38866666666666666, 0, 0, 0]","[0.0008, 0.0884, 0.6898666666666667, 0, 0, 0]","[4002.8431333333333, 16419.5682, 33261.094666666664, 4295, 17180, 34360]","[371.9912, 359.97426666666667, 376.15133333333335, 372.0, 360.0, 376.54]","[199.9992, 304.9116, 266.06013333333334, 200.0, 305.0, 266.75]","[(11, 0.02943333333333333, 0.026022222222222217), (14, 0.00055, 0.007727777777777776), (17, 0.0, 0.0988), (0, 0, 0), (0, 0, 0), (0, 0, 0)]","[(4015, 67.07056666666666, 10.083977777777777), (16091, 51.89945000000001, 6.182272222222222), (32195, 58.2, 11.541199999999998), (4026, 67.1, 10.11), (16105, 51.900000000000006, 6.1899999999999995), (32212, 58.2, 11.639999999999999)]","[0, 0, 0, 0, 0, 0]","[0, 0, 0, 0, 0, 0]"
373,"[5.857532886572351, 17.909158232535177, 15.40562348705853, 0.0, 0.0, 0.0]","[3, 8, 9, 0, 0, 0]","[135.72482495334563, 1084.403079298346, 960.0817948826711, 0, 0, 0]","[3893.2751750466546, 7017.596920701654, 15150.918205117328, 4029, 8102, 16111]","[4029, 8102, 16111, 4029, 8102, 16111]","[236, 1451, 2482, 0, 0, 0]","[2.9164175397749315, 3.4550547147846324, 1.3531821885913853, 0.0, 0.0, 0.0]","[125.26013333333331, 593.5783999999999, 464.9534, 0, 0, 0]","[0.009866666666666668, 0.016, 0.20026666666666662, 0, 0, 0]","[0.004666666666666666, 0.0148, 0.03133333333333334, 0, 0, 0]","[4169.739866666667, 16586.4216, 33895.0466, 4295, 17180, 34360]","[371.99013333333335, 359.984, 376.33973333333336, 372.0, 360.0, 376.54]","[199.99533333333332, 304.9852, 266.71866666666665, 200.0, 305.0, 266.75]","[(8, 0.0, 0.04518888888888889), (12, 0.0002833333333333334, 0.006044444444444445), (18, 0.03996666666666667, 0.09773333333333334), (0, 0, 0), (0, 0, 0), (0, 0, 0)]","[(4018, 67.1, 10.06481111111111), (16093, 51.89971666666667, 6.183955555555555), (32194, 58.16003333333334, 11.542266666666665), (4026, 67.1, 10.11), (16105, 51.900000000000006, 6.1899999999999995), (32212, 58.2, 11.639999999999999)]","[0, 0, 0, 0, 0, 0]","[0, 0, 0, 0, 0, 0]"
374,"[11.69024571854058, 19.563070846704516, 12.320774626031904, 0.0, 0.0, 0.0]","[5, 8, 7, 0, 0, 0]","[336.26931861110666, 1094.2420774243246, 680.2818715141891, 0, 0, 0]","[3692.7306813888936, 7007.757922575675, 15430.71812848581, 4029, 8102, 16111]","[4029, 8102, 16111, 4029, 8102, 16111]","[471, 1585, 1985, 0, 0, 0]","[6.651719053162592, 1.6321497865735353, 1.0108795110593713, 0.0, 0.0, 0.0]","[285.6913333333333, 280.40333333333336, 347.3382, 0, 0, 0]","[0.002266666666666667, 0.013733333333333334, 0.22840000000000002, 0, 0, 0]","[0.008, 0.011466666666666667, 0.07960000000000002, 0, 0, 0]","[4009.308666666667, 16899.596666666668, 34012.6618, 4295, 17180, 34360]","[371.9977333333333, 359.98626666666667, 376.3116, 372.0, 360.0, 376.54]","[199.992, 304.98853333333335, 266.6704, 200.0, 305.0, 266.75]","[(10, 0.0020666666666666663, 0.018538888888888886), (13, 1.666666666666667e-05, 0.0029277777777777774), (14, 0.0045833333333333325, 0.07471111111111113), (0, 0, 0), (0, 0, 0), (0, 0, 0)]","[(4016, 67.09793333333333, 10.09146111111111), (16092, 51.89998333333334, 6.187072222222222), (32198, 58.19541666666667, 11.565288888888889), (4026, 67.1, 10.11), (16105, 51.900000000000006, 6.1899999999999995), (32212, 58.2, 11.639999999999999)]","[0, 0, 0, 0, 0, 0]","[0, 0, 0, 0, 0, 0]"
375,"[13.750310250682551, 17.909158232535177, 10.334554031407112, 0.0, 0.0, 0.0]","[5, 7, 6, 0, 0, 0]","[339.88101307452354, 560.991681521859, 705.8999144032305, 0, 0, 0]","[3689.1189869254763, 7541.008318478141, 15405.100085596769, 4029, 8102, 16111]","[4029, 8102, 16111, 4029, 8102, 16111]","[554, 1451, 1665, 0, 0, 0]","[7.446183934807915, 1.5240721769499417, 0.7380044625533566, 0.0, 0.0, 0.0]","[319.81359999999995, 261.8356, 253.57833333333332, 0, 0, 0]","[0.0012000000000000001, 0.0116, 0.061333333333333344, 0, 0, 0]","[0.004133333333333333, 0.007066666666666666, 0.06733333333333333, 0, 0, 0]","[3975.1864, 16918.1644, 34106.42166666667, 4295, 17180, 34360]","[371.9988, 359.9884, 376.4786666666667, 372.0, 360.0, 376.54]","[199.99586666666667, 304.9929333333333, 266.68266666666665, 200.0, 305.0, 266.75]","[(11, 1.666666666666667e-05, 0.08262777777777779), (11, 3.3333333333333335e-05, 0.0025666666666666667), (14, 0.0, 0.0047444444444444435), (0, 0, 0), (0, 0, 0), (0, 0, 0)]","[(4015, 67.09998333333333, 10.02737222222222), (16094, 51.89996666666667, 6.187433333333333), (32198, 58.2, 11.635255555555554), (4026, 67.1, 10.11), (16105, 51.900000000000006, 6.1899999999999995), (32212, 58.2, 11.639999999999999)]","[0, 0, 0, 0, 0, 0]","[0, 0, 0, 0, 0, 0]"
376,"[13.47728965003723, 11.009627252530239, 12.010427658121781, 0.0, 0.0, 0.0]","[5, 5, 7, 0, 0, 0]","[258.6870287150146, 543.27306003241, 1402.794837694457, 0, 0, 0]","[3770.3129712849855, 7558.72693996759, 14708.205162305543, 4029, 8102, 16111]","[4029, 8102, 16111, 4029, 8102, 16111]","[543, 892, 1935, 0, 0, 0]","[6.162426076833525, 1.1689227784245244, 3.5790397749320912, 0.0, 0.0, 0.0]","[264.67619999999994, 200.8209333333333, 1229.7580666666665, 0, 0, 0]","[0.030799999999999994, 0.0022666666666666664, 0.276, 0, 0, 0]","[0.03186666666666667, 0.008, 1.5413333333333332, 0, 0, 0]","[4030.3238, 16979.179066666667, 33130.24193333333, 4295, 17180, 34360]","[371.9692, 359.9977333333333, 376.264, 372.0, 360.0, 376.54]","[199.96813333333333, 304.992, 265.20866666666666, 200.0, 305.0, 266.75]","[(12, 1.666666666666667e-05, 0.017694444444444447), (10, 5e-05, 0.00165), (19, 3.3333333333333335e-05, 0.031405555555555555), (0, 0, 0), (0, 0, 0), (0, 0, 0)]","[(4014, 67.09998333333333, 10.092305555555555), (16095, 51.899950000000004, 6.18835), (32193, 58.19996666666667, 11.608594444444444), (4026, 67.1, 10.11), (16105, 51.900000000000006, 6.1899999999999995), (32212, 58.2, 11.639999999999999)]","[0, 0, 0, 0, 0, 0]","[0, 0, 0, 0, 0, 0]"
377,"[9.903201787043932, 13.3176993334979, 11.892495810315932, 0.0, 0.0, 0.0]","[4, 6, 7, 0, 0, 0]","[269.85881081555215, 311.28725478648374, 1365.2764767156184, 0, 0, 0]","[3759.1411891844477, 7790.712745213516, 14745.723523284381, 4029, 8102, 16111]","[4029, 8102, 16111, 4029, 8102, 16111]","[399, 1079, 1916, 0, 0, 0]","[1.0812976329064803, 1.0720302677532012, 3.5908653473030654, 0.0, 0.0, 0.0]","[46.44173333333333, 184.17479999999998, 1233.8213333333333, 0, 0, 0]","[0.0264, 0.007333333333333333, 0.22640000000000002, 0, 0, 0]","[0.028000000000000004, 0.007466666666666667, 0.8389333333333331, 0, 0, 0]","[4248.558266666667, 16995.8252, 33126.17866666667, 4295, 17180, 34360]","[371.9736, 359.99266666666665, 376.3136, 372.0, 360.0, 376.54]","[199.972, 304.9925333333333, 265.91106666666667, 200.0, 305.0, 266.75]","[(9, 0.0, 0.0009611111111111112), (12, 0.0, 0.004638888888888889), (17, 0.0, 0.030894444444444443), (0, 0, 0), (0, 0, 0), (0, 0, 0)]","[(4017, 67.1, 10.109038888888888), (16093, 51.900000000000006, 6.185361111111111), (32195, 58.2, 11.609105555555555), (4026, 67.1, 10.11), (16105, 51.900000000000006, 6.1899999999999995), (32212, 58.2, 11.639999999999999)]","[0, 0, 0, 0, 0, 0]","[0, 0, 0, 0, 0, 0]"
378,"[11.020104244229337, 8.10910886200938, 18.254608652473465, 0.0, 0.0, 0.0]","[5, 4, 9, 0, 0, 0]","[357.40653192640923, 329.09418974073026, 826.1417497804382, 0, 0, 0]","[3671.593468073591, 7772.90581025927, 15284.858250219562, 4029, 8102, 16111]","[4029, 8102, 16111, 4029, 8102, 16111]","[444, 657, 2941, 0, 0, 0]","[2.0273232440822664, 0.7509425688785409, 1.3918358556461, 0.0, 0.0, 0.0]","[87.07353333333333, 129.01193333333333, 478.23479999999995, 0, 0, 0]","[0.0010666666666666667, 0.0008, 0.08106666666666666, 0, 0, 0]","[0.006266666666666666, 0.0008, 0.0696, 0, 0, 0]","[4207.926466666667, 17050.988066666665, 33881.7652, 4295, 17180, 34360]","[371.99893333333335, 359.9992, 376.45893333333333, 372.0, 360.0, 376.54]","[199.99373333333332, 304.9992, 266.6804, 200.0, 305.0, 266.75]","[(11, 0.0, 0.003138888888888889), (7, 0.0, 0.005388888888888889), (20, 1.666666666666667e-05, 0.005344444444444444), (0, 0, 0), (0, 0, 0), (0, 0, 0)]","[(4015, 67.1, 10.10686111111111), (16098, 51.900000000000006, 6.184611111111111), (32192, 58.199983333333336, 11.634655555555554), (4026, 67.1, 10.11), (16105, 51.900000000000006, 6.1899999999999995), (32212, 58.2, 11.639999999999999)]","[0, 0, 2, 0, 0, 0]","[0, 0, 0, 0, 0, 0]"
379,"[25.763216679076695, 4.0730683781782275, 14.108373161194216, 0.0, 0.0, 0.0]","[9, 2, 7, 0, 0, 0]","[755.6743945147985, 100.65742733070701, 1286.1462052553293, 0, 0, 0]","[3273.325605485202, 8001.342572669293, 14824.853794744671, 4029, 8102, 16111]","[4029, 8102, 16111, 4029, 8102, 16111]","[1038, 330, 2273, 0, 0, 0]","[3.9437749320915794, 0.556429181218471, 1.2784163756305782, 0.0, 0.0, 0.0]","[169.38513333333333, 95.59453333333332, 439.2638666666667, 0, 0, 0]","[0.020266666666666662, 0.0037333333333333337, 0.0352, 0, 0, 0]","[0.02693333333333333, 0.004, 0.027866666666666665, 0, 0, 0]","[4125.614866666667, 17084.405466666667, 33920.73613333333, 4295, 17180, 34360]","[371.97973333333334, 359.99626666666666, 376.50480000000005, 372.0, 360.0, 376.54]","[199.97306666666665, 304.996, 266.7221333333333, 200.0, 305.0, 266.75]","[(20, 0.0, 0.0036499999999999996), (4, 0.0, 0.0017055555555555554), (12, 1.666666666666667e-05, 0.007516666666666665), (0, 0, 0), (0, 0, 0), (0, 0, 0)]","[(4006, 67.1, 10.106349999999999), (16101, 51.900000000000006, 6.188294444444444), (32200, 58.199983333333336, 11.632483333333331), (4026, 67.1, 10.11), (16105, 51.900000000000006, 6.1899999999999995), (32212, 58.2, 11.639999999999999)]","[0, 0, 2, 0, 0, 0]","[0, 0, 0, 0, 0, 0]"
380,"[26.80565897244974, 5.060478894100222, 14.182856433492644, 0.0, 0.0, 0.0]","[9, 2, 7, 0, 0, 0]","[799.1566438697074, 319.95928423498526, 1160.9057891422308, 0, 0, 0]","[3229.8433561302927, 7782.040715765015, 14950.09421085777, 4029, 8102, 16111]","[4029, 8102, 16111, 4029, 8102, 16111]","[1080, 410, 2285, 0, 0, 0]","[3.209324020178502, 2.4495211486224293, 1.1797440822662009, 0.0, 0.0, 0.0]","[137.84046666666666, 420.82773333333336, 405.3600666666666, 0, 0, 0]","[0.016000000000000004, 1.1885333333333334, 0.032799999999999996, 0, 0, 0]","[0.019999999999999997, 0.38399999999999995, 0.019733333333333332, 0, 0, 0]","[4157.1595333333335, 16759.17226666667, 33954.63993333333, 4295, 17180, 34360]","[371.984, 358.81146666666666, 376.5072, 372.0, 360.0, 376.54]","[199.98, 304.616, 266.7302666666667, 200.0, 305.0, 266.75]","[(20, 0.0, 0.003016666666666666), (4, 0.011550000000000001, 0.43270000000000003), (14, 0.0, 0.005094444444444445), (0, 0, 0), (0, 0, 0), (0, 0, 0)]","[(4006, 67.1, 10.106983333333332), (16101, 51.888450000000006, 5.7573), (32198, 58.2, 11.634905555555555), (4026, 67.1, 10.11), (16105, 51.900000000000006, 6.1899999999999995), (32212, 58.2, 11.639999999999999)]","[0, 0, 2, 0, 0, 0]","[0, 2, 0, 0, 0, 0]"
381,"[25.068255150161328, 11.219451987163662, 10.899385513003539, 0.0, 0.0, 0.0]","[8, 4, 5, 0, 0, 0]","[712.3588491301848, 632.1146850801529, 1279.22690245058, 0, 0, 0]","[3316.641150869815, 7469.885314919848, 14831.77309754942, 4029, 8102, 16111]","[4029, 8102, 16111, 4029, 8102, 16111]","[1010, 909, 1756, 0, 0, 0]","[3.1681179666278614, 2.396873496313543, 0.9661218471090416, 0.0, 0.0, 0.0]","[136.07066666666665, 411.7828666666666, 331.9594666666667, 0, 0, 0]","[0.014266666666666664, 0.8438666666666668, 0.025599999999999998, 0, 0, 0]","[0.0184, 0.27773333333333333, 0.019600000000000003, 0, 0, 0]","[4158.9293333333335, 16768.21713333333, 34028.04053333333, 4295, 17180, 34360]","[371.9857333333333, 359.15613333333334, 376.5144, 372.0, 360.0, 376.54]","[199.9816, 304.72226666666666, 266.7304, 200.0, 305.0, 266.75]","[(17, 0.03961666666666667, 0.016355555555555557), (6, 1.666666666666667e-05, 0.23173333333333335), (8, 0.0, 0.003988888888888889), (0, 0, 0), (0, 0, 0), (0, 0, 0)]","[(4009, 67.06038333333333, 10.093644444444443), (16099, 51.89998333333334, 5.958266666666666), (32204, 58.2, 11.63601111111111), (4026, 67.1, 10.11), (16105, 51.900000000000006, 6.1899999999999995), (32212, 58.2, 11.639999999999999)]","[0, 0, 2, 0, 0, 0]","[0, 2, 0, 0, 0, 0]"
382,"[24.57185405807893, 12.700567761046655, 12.941468561852151, 0.0, 0.0, 0.0]","[7, 5, 6, 0, 0, 0]","[440.0888488523866, 599.1966970446883, 934.2493172033026, 0, 0, 0]","[3588.9111511476135, 7502.803302955312, 15176.750682796697, 4029, 8102, 16111]","[4029, 8102, 16111, 4029, 8102, 16111]","[990, 1029, 2085, 0, 0, 0]","[3.857826930539386, 1.7743139309274352, 0.8582949165696544, 0.0, 0.0, 0.0]","[165.69366666666664, 304.82713333333334, 294.91013333333325, 0, 0, 0]","[0.023333333333333334, 0.9845333333333331, 0.023733333333333332, 0, 0, 0]","[0.03546666666666666, 0.3198666666666667, 0.0196, 0, 0, 0]","[4129.306333333333, 16875.172866666668, 34065.08986666667, 4295, 17180, 34360]","[371.9766666666667, 359.01546666666667, 376.5162666666667, 372.0, 360.0, 376.54]","[199.96453333333332, 304.68013333333334, 266.7304, 200.0, 305.0, 266.75]","[(16, 0.0, 0.0016444444444444445), (8, 0.00016666666666666666, 0.28734999999999994), (11, 0.0, 0.002366666666666667), (0, 0, 0), (0, 0, 0), (0, 0, 0)]","[(4010, 67.1, 10.108355555555555), (16097, 51.89983333333334, 5.9026499999999995), (32201, 58.2, 11.637633333333332), (4026, 67.1, 10.11), (16105, 51.900000000000006, 6.1899999999999995), (32212, 58.2, 11.639999999999999)]","[0, 0, 2, 0, 0, 0]","[0, 2, 0, 0, 0, 0]"
383,"[19.905683792504345, 13.44112564798815, 11.209732480913662, 0.0, 0.0, 0.0]","[6, 7, 5, 0, 0, 0]","[307.989315621227, 625.5868831597888, 727.1580861385594, 0, 0, 0]","[3721.010684378773, 7476.413116840211, 15383.84191386144, 4029, 8102, 16111]","[4029, 8102, 16111, 4029, 8102, 16111]","[802, 1089, 1806, 0, 0, 0]","[4.262086146682189, 0.4915634458672876, 0.8763507954986418, 0.0, 0.0, 0.0]","[183.0566, 84.45060000000001, 301.1141333333333, 0, 0, 0]","[0.0037333333333333333, 0.22706666666666667, 0.016666666666666663, 0, 0, 0]","[0.012266666666666667, 0.22813333333333333, 0.013466666666666668, 0, 0, 0]","[4111.9434, 17095.5494, 34058.885866666664, 4295, 17180, 34360]","[371.99626666666666, 359.77293333333336, 376.52333333333337, 372.0, 360.0, 376.54]","[199.98773333333332, 304.77186666666665, 266.73653333333334, 200.0, 305.0, 266.75]","[(16, 0.0006666666666666666, 0.002255555555555556), (10, 5e-05, 0.0013777777777777777), (7, 0.00065, 0.002755555555555556), (0, 0, 0), (0, 0, 0), (0, 0, 0)]","[(4010, 67.09933333333333, 10.107744444444444), (16095, 51.899950000000004, 6.188622222222222), (32205, 58.19935, 11.637244444444443), (4026, 67.1, 10.11), (16105, 51.900000000000006, 6.1899999999999995), (32212, 58.2, 11.639999999999999)]","[0, 0, 2, 0, 0, 0]","[0, 2, 0, 0, 0, 0]"
384,"[15.115413253909157, 16.34164403850901, 6.93315126311216, 0.0, 0.0, 0.0]","[4, 9, 4, 0, 0, 0]","[316.81463052354775, 1005.3409212238471, 480.2816858852949, 0, 0, 0]","[3712.1853694764523, 7096.6590787761525, 15630.718314114705, 4029, 8102, 16111]","[4029, 8102, 16111, 4029, 8102, 16111]","[609, 1324, 1117, 0, 0, 0]","[2.9845618936748157, 1.5545766395032987, 0.44962068296468766, 0.0, 0.0, 0.0]","[128.18693333333334, 267.0762666666667, 154.48966666666666, 0, 0, 0]","[0.0009333333333333333, 0.20253333333333334, 0.0188, 0, 0, 0]","[0.006266666666666667, 0.2036, 0.0005333333333333335, 0, 0, 0]","[4166.813066666667, 16912.923733333333, 34205.51033333333, 4295, 17180, 34360]","[371.9990666666667, 359.79746666666665, 376.5212, 372.0, 360.0, 376.54]","[199.99373333333332, 304.7964, 266.74946666666665, 200.0, 305.0, 266.75]","[(12, 0.0005666666666666667, 0.0010611111111111112), (14, 3.3333333333333335e-05, 0.005533333333333334), (4, 0.0, 0.0029888888888888886), (0, 0, 0), (0, 0, 0), (0, 0, 0)]","[(4014, 67.09943333333332, 10.108938888888888), (16091, 51.89996666666667, 6.184466666666666), (32208, 58.2, 11.63701111111111), (4026, 67.1, 10.11), (16105, 51.900000000000006, 6.1899999999999995), (32212, 58.2, 11.639999999999999)]","[0, 0, 0, 0, 0, 0]","[0, 0, 0, 0, 0, 0]"
385,"[24.398113675850087, 18.476919279190323, 5.517969089441996, 0.0, 0.0, 0.0]","[7, 9, 3, 0, 0, 0]","[845.4203082694182, 836.079957501268, 687.6400382467027, 0, 0, 0]","[3183.5796917305815, 7265.920042498732, 15423.359961753296, 4029, 8102, 16111]","[4029, 8102, 16111, 4029, 8102, 16111]","[983, 1497, 889, 0, 0, 0]","[5.965044625533567, 1.5614466433837797, 0.19734303453628246, 0.0, 0.0, 0.0]","[256.19866666666667, 268.2565333333333, 67.80706666666666, 0, 0, 0]","[0.0063999999999999994, 0.18119999999999997, 0.009466666666666667, 0, 0, 0]","[0.0288, 0.18226666666666672, 0.0005333333333333334, 0, 0, 0]","[4038.8013333333333, 16911.743466666667, 34292.19293333333, 4295, 17180, 34360]","[371.9936, 359.8188, 376.5305333333334, 372.0, 360.0, 376.54]","[199.9712, 304.8177333333333, 266.74946666666665, 200.0, 305.0, 266.75]","[(17, 0.00034999999999999994, 0.002927777777777778), (14, 5e-05, 0.004933333333333333), (3, 0.00065, 0.0016888888888888886), (0, 0, 0), (0, 0, 0), (0, 0, 0)]","[(4009, 67.09965, 10.107072222222222), (16091, 51.899950000000004, 6.185066666666666), (32209, 58.19935, 11.63831111111111), (4026, 67.1, 10.11), (16105, 51.900000000000006, 6.1899999999999995), (32212, 58.2, 11.639999999999999)]","[0, 0, 0, 0, 0, 0]","[0, 0, 0, 0, 0, 0]"
386,"[25.539836187639615, 12.330288817575907, 10.45248587921296, 0.0, 0.0, 0.0]","[8, 6, 6, 0, 0, 0]","[504.4057477864654, 652.8739215801534, 1333.5795328680747, 0, 0, 0]","[3524.5942522135347, 7449.126078419847, 14777.420467131926, 4029, 8102, 16111]","[4029, 8102, 16111, 4029, 8102, 16111]","[1029, 999, 1684, 0, 0, 0]","[6.546908808692279, 0.8498963911525029, 0.5958426464881645, 0.0, 0.0, 0.0]","[281.1897333333334, 146.0122, 204.73153333333335, 0, 0, 0]","[0.0032, 0.18586666666666668, 0.013866666666666666, 0, 0, 0]","[0.009466666666666667, 0.18653333333333336, 0.010799999999999999, 0, 0, 0]","[4013.8102666666664, 17033.9878, 34155.26846666667, 4295, 17180, 34360]","[371.9968, 359.81413333333336, 376.52613333333335, 372.0, 360.0, 376.54]","[199.99053333333333, 304.81346666666667, 266.7392, 200.0, 305.0, 266.75]","[(18, 0.00045000000000000004, 0.002511111111111111), (11, 0.0, 0.00391111111111111), (8, 0.0, 0.004205555555555555), (0, 0, 0), (0, 0, 0), (0, 0, 0)]","[(4008, 67.09955, 10.107488888888888), (16094, 51.900000000000006, 6.1860888888888885), (32204, 58.2, 11.635794444444443), (4026, 67.1, 10.11), (16105, 51.900000000000006, 6.1899999999999995), (32212, 58.2, 11.639999999999999)]","[0, 0, 0, 0, 0, 0]","[0, 0, 0, 0, 0, 0]"
387,"[18.739141226110696, 18.58800296223155, 10.899385513003539, 0.0, 0.0, 0.0]","[7, 9, 6, 0, 0, 0]","[341.096598829027, 912.76079111545, 1024.8442080015282, 0, 0, 0]","[3687.9034011709728, 7189.23920888455, 15086.155791998472, 4029, 8102, 16111]","[4029, 8102, 16111, 4029, 8102, 16111]","[755, 1506, 1756, 0, 0, 0]","[3.376170741171905, 0.9526313542879316, 0.40917947225455953, 0.0, 0.0, 0.0]","[145.00653333333332, 163.66206666666665, 140.59406666666666, 0, 0, 0]","[0.04266666666666667, 0.1796, 0.013466666666666667, 0, 0, 0]","[0.027733333333333332, 0.18146666666666664, 0.004266666666666666, 0, 0, 0]","[4149.993466666667, 17016.337933333332, 34219.405933333335, 4295, 17180, 34360]","[371.95733333333334, 359.8204, 376.52653333333336, 372.0, 360.0, 376.54]","[199.97226666666666, 304.81853333333333, 266.7457333333333, 200.0, 305.0, 266.75]","[(13, 0.0, 0.0038277777777777776), (19, 0.0, 0.0020166666666666666), (10, 0.0, 0.0018555555555555554), (0, 0, 0), (0, 0, 0), (0, 0, 0)]","[(4013, 67.1, 10.106172222222222), (16086, 51.900000000000006, 6.1879833333333325), (32202, 58.2, 11.638144444444443), (4026, 67.1, 10.11), (16105, 51.900000000000006, 6.1899999999999995), (32212, 58.2, 11.639999999999999)]","[0, 0, 0, 0, 0, 0]","[0, 0, 0, 0, 0, 0]"
388,"[23.703152146934723, 16.89706245371513, 15.38079572962572, 0.0, 0.0, 0.0]","[9, 7, 9, 0, 0, 0]","[585.0365227808314, 715.9115865531759, 1560.6686070126545, 0, 0, 0]","[3443.9634772191685, 7386.088413446824, 14550.331392987346, 4029, 8102, 16111]","[4029, 8102, 16111, 4029, 8102, 16111]","[955, 1369, 2478, 0, 0, 0]","[5.59475358944509, 0.8458234381063252, 2.0716076833527364, 0.0, 0.0, 0.0]","[240.29466666666661, 145.31246666666667, 711.8044000000001, 0, 0, 0]","[0.0432, 0.0022666666666666673, 1.2076, 0, 0, 0]","[0.02613333333333333, 0.005866666666666667, 0.414, 0, 0, 0]","[4054.7053333333333, 17034.687533333334, 33648.1956, 4295, 17180, 34360]","[371.9568, 359.9977333333333, 375.3324, 372.0, 360.0, 376.54]","[199.97386666666668, 304.9941333333333, 266.336, 200.0, 305.0, 266.75]","[(18, 0.0, 0.004405555555555555), (17, 0.0, 0.0018055555555555555), (18, 0.011550000000000001, 0.43296111111111113), (0, 0, 0), (0, 0, 0), (0, 0, 0)]","[(4008, 67.1, 10.105594444444444), (16088, 51.900000000000006, 6.188194444444444), (32194, 58.18845, 11.207038888888889), (4026, 67.1, 10.11), (16105, 51.900000000000006, 6.1899999999999995), (32212, 58.2, 11.639999999999999)]","[0, 0, 0, 0, 0, 0]","[0, 0, 0, 0, 0, 0]"
389,"[28.096301811863988, 14.095285114786474, 15.144932034014028, 0.0, 0.0, 0.0]","[10, 6, 9, 0, 0, 0]","[632.94515228113, 796.4105884745345, 1064.0054437471301, 0, 0, 0]","[3396.05484771887, 7305.589411525465, 15046.99455625287, 4029, 8102, 16111]","[4029, 8102, 16111, 4029, 8102, 16111]","[1132, 1142, 2440, 0, 0, 0]","[6.786952270081489, 1.4246375630578194, 1.9592050834303456, 0.0, 0.0, 0.0]","[291.4996, 244.75273333333337, 673.1828666666668, 0, 0, 0]","[0.043866666666666665, 0.0021333333333333334, 1.0422666666666667, 0, 0, 0]","[0.039599999999999996, 0.004933333333333333, 0.31120000000000003, 0, 0, 0]","[4003.5004, 16935.247266666665, 33686.81713333333, 4295, 17180, 34360]","[371.95613333333336, 359.99786666666665, 375.4977333333334, 372.0, 360.0, 376.54]","[199.9604, 304.9950666666667, 266.4388, 200.0, 305.0, 266.75]","[(21, 6.666666666666667e-05, 0.005516666666666666), (15, 0.039650000000000005, 0.019733333333333335), (18, 1.666666666666667e-05, 0.31203888888888887), (0, 0, 0), (0, 0, 0), (0, 0, 0)]","[(4005, 67.09993333333333, 10.104483333333333), (16090, 51.860350000000004, 6.170266666666667), (32194, 58.199983333333336, 11.32796111111111), (4026, 67.1, 10.11), (16105, 51.900000000000006, 6.1899999999999995), (32212, 58.2, 11.639999999999999)]","[0, 0, 0, 0, 0, 0]","[0, 0, 0, 0, 0, 0]"
390,"[28.245222139488707, 17.933843495433226, 10.191794426168457, 0.0, 0.0, 0.0]","[9, 9, 6, 0, 0, 0]","[720.6286770523461, 1076.1661367560368, 1133.4247285471508, 0, 0, 0]","[3308.371322947654, 7025.833863243963, 14977.57527145285, 4029, 8102, 16111]","[4029, 8102, 16111, 4029, 8102, 16111]","[1138, 1453, 1642, 0, 0, 0]","[5.593719829258829, 3.4043934807916183, 1.7277842452464105, 0.0, 0.0, 0.0]","[240.2502666666667, 584.8748, 593.6666666666666, 0, 0, 0]","[0.014533333333333334, 0.5868, 1.1801333333333333, 0, 0, 0]","[0.008266666666666667, 0.4541333333333333, 0.35186666666666666, 0, 0, 0]","[4054.749733333333, 16595.1252, 33766.333333333336, 4295, 17180, 34360]","[371.98546666666664, 359.4132, 375.3598666666667, 372.0, 360.0, 376.54]","[199.99173333333334, 304.54586666666665, 266.3981333333333, 200.0, 305.0, 266.75]","[(16, 1.666666666666667e-05, 0.027144444444444447), (21, 0.0032166666666666663, 0.06851666666666666), (13, 8.333333333333333e-05, 0.36365555555555557), (0, 0, 0), (0, 0, 0), (0, 0, 0)]","[(4010, 67.09998333333333, 10.082855555555556), (16084, 51.89678333333334, 6.121483333333333), (32199, 58.19991666666667, 11.276344444444444), (4026, 67.1, 10.11), (16105, 51.900000000000006, 6.1899999999999995), (32212, 58.2, 11.639999999999999)]","[0, 0, 0, 0, 0, 0]","[0, 0, 0, 0, 0, 0]"
391,"[24.497393894266565, 21.21698346087386, 11.464216994599962, 0.0, 0.0, 0.0]","[8, 10, 7, 0, 0, 0]","[722.8817362890516, 857.582324093735, 374.2374177481557, 0, 0, 0]","[3306.1182637109487, 7244.417675906265, 15736.762582251844, 4029, 8102, 16111]","[4029, 8102, 16111, 4029, 8102, 16111]","[987, 1719, 1847, 0, 0, 0]","[4.580566550252231, 5.958503298409002, 1.7893259604190914, 0.0, 0.0, 0.0]","[196.7353333333333, 1023.6708666666666, 614.8123999999998, 0, 0, 0]","[1.164, 0.42546666666666666, 1.3972, 0, 0, 0]","[1.1566666666666667, 0.36293333333333333, 0.42546666666666666, 0, 0, 0]","[4098.264666666667, 16156.329133333333, 33745.1876, 4295, 17180, 34360]","[370.836, 359.5745333333333, 375.1428, 372.0, 360.0, 376.54]","[198.84333333333333, 304.63706666666667, 266.3245333333333, 200.0, 305.0, 266.75]","[(12, 0.0, 0.003105555555555555), (22, 0.09498333333333334, 0.07611666666666667), (16, 0.04395, 0.4614666666666667), (0, 0, 0), (0, 0, 0), (0, 0, 0)]","[(4014, 67.1, 10.106894444444444), (16083, 51.805016666666674, 6.113883333333333), (32196, 58.15605, 11.178533333333332), (4026, 67.1, 10.11), (16105, 51.900000000000006, 6.1899999999999995), (32212, 58.2, 11.639999999999999)]","[0, 0, 0, 0, 0, 0]","[0, 0, 0, 0, 0, 0]"
392,"[24.373293621245967, 19.377931374969144, 8.01936565079759, 0.0, 0.0, 0.0]","[7, 9, 5, 0, 0, 0]","[559.5818515069016, 452.83396172970015, 797.9362834920539, 0, 0, 0]","[3469.4181484930987, 7649.166038270299, 15313.063716507946, 4029, 8102, 16111]","[4029, 8102, 16111, 4029, 8102, 16111]","[982, 1570, 1292, 0, 0, 0]","[4.254025611175786, 5.075335661622041, 0.293976523088863, 0.0, 0.0, 0.0]","[182.7104, 871.9426666666666, 101.01033333333334, 0, 0, 0]","[0.018133333333333335, 0.44186666666666663, 0.009866666666666666, 0, 0, 0]","[0.02, 0.36066666666666664, 0.0008000000000000001, 0, 0, 0]","[4112.2896, 16308.057333333334, 34258.98966666667, 4295, 17180, 34360]","[371.9818666666667, 359.55813333333333, 376.53013333333337, 372.0, 360.0, 376.54]","[199.98, 304.63933333333335, 266.7492, 200.0, 305.0, 266.75]","[(11, 0.03963333333333333, 0.017233333333333337), (21, 0.0007999999999999999, 0.058438888888888894), (10, 0.00065, 0.0012388888888888888), (0, 0, 0), (0, 0, 0), (0, 0, 0)]","[(4015, 67.06036666666667, 10.092766666666666), (16084, 51.89920000000001, 6.131561111111111), (32202, 58.19935, 11.63876111111111), (4026, 67.1, 10.11), (16105, 51.900000000000006, 6.1899999999999995), (32212, 58.2, 11.639999999999999)]","[0, 0, 0, 0, 0, 0]","[0, 0, 0, 0, 0, 0]"
393,"[22.78481012658228, 16.230560355467784, 12.804915895971696, 0.0, 0.0, 0.0]","[6, 8, 8, 0, 0, 0]","[594.3480337667983, 810.5721123208882, 1183.5300744304036, 0, 0, 0]","[3434.6519662332016, 7291.427887679112, 14927.469925569596, 4029, 8102, 16111]","[4029, 8102, 16111, 4029, 8102, 16111]","[918, 1315, 2063, 0, 0, 0]","[5.6405448195576255, 4.763317035312378, 0.5630357004268528, 0.0, 0.0, 0.0]","[242.2614, 818.3378666666665, 193.45906666666662, 0, 0, 0]","[0.012266666666666667, 0.42786666666666673, 0.010400000000000001, 0, 0, 0]","[0.012666666666666666, 0.3535999999999999, 0.0038666666666666667, 0, 0, 0]","[4052.7386, 16361.662133333333, 34166.54093333333, 4295, 17180, 34360]","[371.9877333333333, 359.57213333333334, 376.5296, 372.0, 360.0, 376.54]","[199.98733333333334, 304.6464, 266.7461333333333, 200.0, 305.0, 266.75]","[(10, 1.666666666666667e-05, 0.005688888888888889), (19, 0.0, 0.05312222222222222), (15, 0.00035, 0.0016333333333333334), (0, 0, 0), (0, 0, 0), (0, 0, 0)]","[(4016, 67.09998333333333, 10.10431111111111), (16086, 51.900000000000006, 6.136877777777777), (32197, 58.199650000000005, 11.638366666666666), (4026, 67.1, 10.11), (16105, 51.900000000000006, 6.1899999999999995), (32212, 58.2, 11.639999999999999)]","[0, 0, 0, 0, 0, 0]","[0, 0, 0, 0, 0, 0]"
394,"[21.27078679573095, 15.847938780548013, 14.300788281298491, 0.0, 0.0, 0.0]","[6, 7, 9, 0, 0, 0]","[664.4924019545767, 843.8448440578817, 948.3105281139009, 0, 0, 0]","[3364.507598045423, 7258.155155942119, 15162.689471886099, 4029, 8102, 16111]","[4029, 8102, 16111, 4029, 8102, 16111]","[857, 1284, 2304, 0, 0, 0]","[5.042422972448585, 2.824618936748157, 0.9406876212650366, 0.0, 0.0, 0.0]","[216.5720666666667, 485.26953333333336, 323.2202666666666, 0, 0, 0]","[0.019333333333333334, 0.030266666666666664, 0.024, 0, 0, 0]","[0.0148, 0.019066666666666662, 0.0676, 0, 0, 0]","[4078.4279333333334, 16694.730466666668, 34036.77973333334, 4295, 17180, 34360]","[371.98066666666665, 359.96973333333335, 376.516, 372.0, 360.0, 376.54]","[199.9852, 304.9809333333333, 266.6824, 200.0, 305.0, 266.75]","[(8, 0.008966666666666666, 0.03316111111111111), (18, 0.0, 0.002561111111111111), (18, 0.0007166666666666667, 0.0028055555555555555), (0, 0, 0), (0, 0, 0), (0, 0, 0)]","[(4018, 67.09103333333333, 10.076838888888888), (16087, 51.900000000000006, 6.187438888888888), (32194, 58.199283333333334, 11.637194444444443), (4026, 67.1, 10.11), (16105, 51.900000000000006, 6.1899999999999995), (32212, 58.2, 11.639999999999999)]","[0, 0, 0, 0, 0, 0]","[0, 0, 0, 0, 0, 0]"
395,"[34.772896500372305, 15.008639842014318, 9.142821674632238, 0.0, 0.0, 0.0]","[11, 7, 6, 0, 0, 0]","[751.557874256626, 555.2950090294243, 780.5601662542307, 0, 0, 0]","[3277.442125743374, 7546.704990970576, 15330.43983374577, 4029, 8102, 16111]","[4029, 8102, 16111, 4029, 8102, 16111]","[1401, 1216, 1473, 0, 0, 0]","[6.027045401629802, 2.9683081102056654, 0.801836825766395, 0.0, 0.0, 0.0]","[258.86159999999995, 509.95533333333333, 275.51113333333336, 0, 0, 0]","[0.010266666666666665, 0.03, 0.016, 0, 0, 0]","[0.012799999999999999, 0.018399999999999996, 0.0264, 0, 0, 0]","[4036.1384, 16670.04466666667, 34084.48886666667, 4295, 17180, 34360]","[371.98973333333333, 359.97, 376.524, 372.0, 360.0, 376.54]","[199.9872, 304.9816, 266.7236, 200.0, 305.0, 266.75]","[(18, 1.666666666666667e-05, 0.004194444444444445), (17, 0.0, 0.0032833333333333334), (14, 0.039983333333333336, 0.016411111111111112), (0, 0, 0), (0, 0, 0), (0, 0, 0)]","[(4008, 67.09998333333333, 10.105805555555555), (16088, 51.900000000000006, 6.186716666666666), (32198, 58.16001666666667, 11.623588888888888), (4026, 67.1, 10.11), (16105, 51.900000000000006, 6.1899999999999995), (32212, 58.2, 11.639999999999999)]","[0, 0, 0, 0, 0, 0]","[0, 0, 0, 0, 0, 0]"
396,"[36.93224125093075, 16.761293507775857, 10.545589969585997, 0.0, 0.0, 0.0]","[12, 7, 6, 0, 0, 0]","[1041.5960541508566, 719.632830359581, 882.4426898854083, 0, 0, 0]","[2987.4039458491434, 7382.367169640419, 15228.557310114591, 4029, 8102, 16111]","[4029, 8102, 16111, 4029, 8102, 16111]","[1488, 1358, 1699, 0, 0, 0]","[6.718787737679471, 2.548175785797439, 3.626214590609235, 0.0, 0.0, 0.0]","[288.5719333333333, 437.77660000000003, 1245.967333333333, 0, 0, 0]","[0.011200000000000002, 1.2090666666666667, 0.003333333333333333, 0, 0, 0]","[0.0136, 0.39599999999999996, 0.0041333333333333335, 0, 0, 0]","[4006.428066666667, 16742.2234, 33114.032666666666, 4295, 17180, 34360]","[371.9888, 358.7909333333333, 376.5366666666667, 372.0, 360.0, 376.54]","[199.9864, 304.604, 266.74586666666664, 200.0, 305.0, 266.75]","[(23, 1.666666666666667e-05, 0.0052944444444444445), (14, 0.011700000000000002, 0.43265000000000003), (14, 0.0007, 0.007266666666666666), (0, 0, 0), (0, 0, 0), (0, 0, 0)]","[(4003, 67.09998333333333, 10.104705555555554), (16091, 51.88830000000001, 5.75735), (32198, 58.1993, 11.632733333333332), (4026, 67.1, 10.11), (16105, 51.900000000000006, 6.1899999999999995), (32212, 58.2, 11.639999999999999)]","[0, 0, 0, 0, 0, 0]","[0, 0, 0, 0, 0, 0]"
397,"[36.06353933978655, 15.218464576647742, 11.700080690211657, 0.0, 0.0, 0.0]","[12, 6, 7, 0, 0, 0]","[754.4435641744835, 257.8087994701993, 643.9119332803966, 0, 0, 0]","[3274.5564358255165, 7844.191200529801, 15467.088066719603, 4029, 8102, 16111]","[4029, 8102, 16111, 4029, 8102, 16111]","[1453, 1233, 1885, 0, 0, 0]","[5.553027551416375, 2.8843830034924327, 3.652155607295305, 0.0, 0.0, 0.0]","[238.5025333333333, 495.537, 1254.8806666666667, 0, 0, 0]","[0.011866666666666666, 0.8634666666666667, 0.013733333333333334, 0, 0, 0]","[0.009733333333333333, 0.28213333333333335, 0.004266666666666667, 0, 0, 0]","[4056.4974666666667, 16684.463, 33105.119333333336, 4295, 17180, 34360]","[371.98813333333334, 359.1365333333333, 376.5262666666667, 372.0, 360.0, 376.54]","[199.99026666666666, 304.7178666666667, 266.7457333333333, 200.0, 305.0, 266.75]","[(23, 0.0004833333333333333, 0.0037888888888888885), (11, 0.09476666666666667, 0.24621111111111113), (18, 1.666666666666667e-05, 0.004399999999999999), (0, 0, 0), (0, 0, 0), (0, 0, 0)]","[(4003, 67.09951666666666, 10.10621111111111), (16094, 51.80523333333334, 5.943788888888888), (32194, 58.199983333333336, 11.635599999999998), (4026, 67.1, 10.11), (16105, 51.900000000000006, 6.1899999999999995), (32212, 58.2, 11.639999999999999)]","[0, 0, 0, 0, 0, 0]","[0, 0, 0, 0, 0, 0]"
398,"[39.68726731198808, 12.73759565539373, 12.749053441747874, 0.0, 0.0, 0.0]","[13, 4, 8, 0, 0, 0]","[580.0583278077171, 782.7137760677172, 968.1852927025847, 0, 0, 0]","[3448.941672192283, 7319.286223932283, 15142.814707297415, 4029, 8102, 16111]","[4029, 8102, 16111, 4029, 8102, 16111]","[1599, 1032, 2054, 0, 0, 0]","[5.750332945285215, 1.9709049282110984, 0.8463426464881645, 0.0, 0.0, 0.0]","[246.9768, 338.6014666666667, 290.80333333333334, 0, 0, 0]","[0.025466666666666665, 9.261199999999999, 0.0484, 0, 0, 0]","[0.0196, 8.602666666666668, 0.06253333333333333, 0, 0, 0]","[4048.0232, 16841.398533333333, 34069.19666666666, 4295, 17180, 34360]","[371.97453333333334, 350.7388, 376.4916, 372.0, 360.0, 376.54]","[199.9804, 296.39733333333334, 266.6874666666667, 200.0, 305.0, 266.75]","[(23, 0.020133333333333336, 0.0050055555555555565), (11, 8.333333333333333e-05, 0.28838888888888886), (22, 0.0, 0.006683333333333333), (0, 0, 0), (0, 0, 0), (0, 0, 0)]","[(4003, 67.07986666666666, 10.104994444444444), (16094, 51.89991666666667, 5.9016111111111105), (32190, 58.2, 11.633316666666666), (4026, 67.1, 10.11), (16105, 51.900000000000006, 6.1899999999999995), (32212, 58.2, 11.639999999999999)]","[0, 0, 0, 0, 0, 0]","[0, 0, 0, 0, 0, 0]"
399,"[23.876892529163566, 31.720562823994076, 8.807646949289305, 0.0, 0.0, 0.0]","[7, 12, 6, 0, 0, 0]","[472.54681310441066, 1622.7782289017546, 764.8266444938258, 0, 0, 0]","[3556.453186895589, 6479.221771098246, 15346.173355506175, 4029, 8102, 16111]","[4029, 8102, 16111, 4029, 8102, 16111]","[962, 2570, 1419, 0, 0, 0]","[3.271407062475747, 3.380280170741172, 0.754791230112534, 0.0, 0.0, 0.0]","[140.50693333333334, 580.7321333333333, 259.3462666666667, 0, 0, 0]","[0.0216, 25.444800000000008, 0.039599999999999996, 0, 0, 0]","[0.009066666666666667, 24.714399999999994, 0.0308, 0, 0, 0]","[4154.493066666667, 16599.267866666665, 34100.65373333333, 4295, 17180, 34360]","[371.9784, 334.5552, 376.5004, 372.0, 360.0, 376.54]","[199.99093333333334, 280.2856, 266.7192, 200.0, 305.0, 266.75]","[(12, 0.0002333333333333333, 0.0034222222222222223), (23, 0.00036666666666666667, 0.3779055555555556), (16, 0.03996666666666667, 0.01970555555555556), (0, 0, 0), (0, 0, 0), (0, 0, 0)]","[(4014, 67.09976666666667, 10.106577777777778), (16082, 51.89963333333334, 5.812094444444444), (32196, 58.16003333333334, 11.620294444444443), (4026, 67.1, 10.11), (16105, 51.900000000000006, 6.1899999999999995), (32212, 58.2, 11.639999999999999)]","[0, 0, 0, 0, 0, 0]","[0, 0, 0, 0, 0, 0]"
400,"[23.703152146934723, 30.868921254011354, 8.937992675811557, 0.0, 0.0, 0.0]","[8, 12, 6, 0, 0, 0]","[614.1503029133486, 1270.93425867817, 710.4443375390674, 0, 0, 0]","[3414.8496970866513, 6831.0657413218305, 15400.555662460933, 4029, 8102, 16111]","[4029, 8102, 16111, 4029, 8102, 16111]","[955, 2501, 1440, 0, 0, 0]","[3.959059371362049, 2.0982968568102445, 0.7914128831975163, 0.0, 0.0, 0.0]","[170.0416, 360.4874, 271.9294666666666, 0, 0, 0]","[0.04, 20.57, 0.039599999999999996, 0, 0, 0]","[0.0064, 20.613999999999997, 0.017066666666666664, 0, 0, 0]","[4124.9584, 16819.512600000002, 34088.07053333333, 4295, 17180, 34360]","[371.96, 339.43, 376.5004, 372.0, 360.0, 376.54]","[199.9936, 284.386, 266.73293333333334, 200.0, 305.0, 266.75]","[(17, 0.0, 0.004833333333333334), (22, 3.333333333333334e-05, 0.004344444444444444), (14, 0.0045833333333333325, 0.0053055555555555555), (0, 0, 0), (0, 0, 0), (0, 0, 0)]","[(4009, 67.1, 10.105166666666666), (16083, 51.89996666666667, 6.185655555555555), (32198, 58.19541666666667, 11.634694444444444), (4026, 67.1, 10.11), (16105, 51.900000000000006, 6.1899999999999995), (32212, 58.2, 11.639999999999999)]","[0, 0, 0, 0, 0, 0]","[0, 0, 0, 0, 0, 0]"
401,"[28.319682303301068, 24.956800789928412, 11.420768419092546, 0.0, 0.0, 0.0]","[9, 10, 7, 0, 0, 0]","[514.2144763720968, 1198.4127874672608, 1155.2678606239765, 0, 0, 0]","[3514.7855236279033, 6903.587212532739, 14955.732139376023, 4029, 8102, 16111]","[4029, 8102, 16111, 4029, 8102, 16111]","[1141, 2022, 1840, 0, 0, 0]","[5.4452433061699645, 1.582047341870392, 0.49081296080713993, 0.0, 0.0, 0.0]","[233.8732, 271.7957333333334, 168.6433333333333, 0, 0, 0]","[0.06066666666666667, 0.015333333333333332, 12.133333333333333, 0, 0, 0]","[0.029199999999999997, 0.011066666666666667, 12.081733333333336, 0, 0, 0]","[4061.1268, 16908.204266666668, 34191.35666666667, 4295, 17180, 34360]","[371.9393333333333, 359.98466666666667, 364.4066666666667, 372.0, 360.0, 376.54]","[199.9708, 304.9889333333333, 254.66826666666665, 200.0, 305.0, 266.75]","[(20, 0.0, 0.0060777777777777766), (15, 0.03963333333333333, 0.016555555555555556), (14, 0.0, 0.0025611111111111112), (0, 0, 0), (0, 0, 0), (0, 0, 0)]","[(4006, 67.1, 10.103922222222222), (16090, 51.86036666666667, 6.173444444444444), (32198, 58.2, 11.637438888888887), (4026, 67.1, 10.11), (16105, 51.900000000000006, 6.1899999999999995), (32212, 58.2, 11.639999999999999)]","[0, 0, 0, 0, 0, 0]","[0, 0, 0, 0, 0, 0]"
402,"[20.551005212211468, 29.83214021229326, 16.448389299236545, 0.0, 0.0, 0.0]","[6, 11, 8, 0, 0, 0]","[665.4172510855618, 988.1509496285255, 1475.3157549899477, 0, 0, 0]","[3363.582748914438, 7113.849050371475, 14635.684245010052, 4029, 8102, 16111]","[4029, 8102, 16111, 4029, 8102, 16111]","[828, 2417, 2650, 0, 0, 0]","[4.827788901823826, 2.3701606519208376, 0.5901193247962746, 0.0, 0.0, 0.0]","[207.35353333333333, 407.19359999999995, 202.765, 0, 0, 0]","[0.06826666666666667, 0.018799999999999997, 0.0096, 0, 0, 0]","[0.052399999999999995, 0.016399999999999998, 0.004533333333333334, 0, 0, 0]","[4087.6464666666666, 16772.8064, 34157.235, 4295, 17180, 34360]","[371.93173333333334, 359.9812, 376.53040000000004, 372.0, 360.0, 376.54]","[199.9476, 304.9836, 266.7454666666667, 200.0, 305.0, 266.75]","[(13, 0.0012, 0.058166666666666665), (24, 6.666666666666667e-05, 0.008794444444444443), (13, 0.00065, 0.0022388888888888892), (0, 0, 0), (0, 0, 0), (0, 0, 0)]","[(4013, 67.0988, 10.051833333333333), (16081, 51.89993333333334, 6.181205555555555), (32199, 58.19935, 11.63776111111111), (4026, 67.1, 10.11), (16105, 51.900000000000006, 6.1899999999999995), (32212, 58.2, 11.639999999999999)]","[0, 2, 2, 0, 0, 0]","[2, 0, 2, 0, 0, 0]"
403,"[29.659965251923552, 21.056529252036533, 20.203587610949043, 0.0, 0.0, 0.0]","[9, 7, 10, 0, 0, 0]","[461.1690695549094, 1156.613193941465, 1649.9507820631843, 0, 0, 0]","[3567.8309304450904, 6945.3868060585355, 14461.049217936816, 4029, 8102, 16111]","[4029, 8102, 16111, 4029, 8102, 16111]","[1195, 1706, 3255, 0, 0, 0]","[5.839913077221575, 1.3305409390764456, 0.9474249126891734, 0.0, 0.0, 0.0]","[250.82426666666666, 228.58693333333335, 325.5352, 0, 0, 0]","[0.06773333333333334, 0.002266666666666667, 0.0016000000000000003, 0, 0, 0]","[0.03746666666666666, 0.004666666666666666, 0.0013333333333333335, 0, 0, 0]","[4044.1757333333335, 16951.413066666668, 34034.4648, 4295, 17180, 34360]","[371.9322666666667, 359.9977333333333, 376.5384, 372.0, 360.0, 376.54]","[199.96253333333334, 304.99533333333335, 266.7486666666667, 200.0, 305.0, 266.75]","[(18, 0.0, 0.05691111111111112), (16, 0.0, 0.005811111111111111), (17, 0.0, 0.004861111111111112), (0, 0, 0), (0, 0, 0), (0, 0, 0)]","[(4008, 67.1, 10.053088888888889), (16089, 51.900000000000006, 6.1841888888888885), (32195, 58.2, 11.635138888888887), (4026, 67.1, 10.11), (16105, 51.900000000000006, 6.1899999999999995), (32212, 58.2, 11.639999999999999)]","[0, 2, 2, 0, 0, 0]","[2, 0, 2, 0, 0, 0]"
404,"[28.89054355919583, 30.22710441866206, 14.87803364161132, 0.0, 0.0, 0.0]","[6, 11, 7, 0, 0, 0]","[427.1513129043471, 676.3984883679095, 934.6706511289894, 0, 0, 0]","[3601.848687095653, 7425.6015116320905, 15176.329348871011, 4029, 8102, 16111]","[4029, 8102, 16111, 4029, 8102, 16111]","[1164, 2449, 2397, 0, 0, 0]","[2.85330539386884, 3.9056891734575085, 0.8168399301513387, 0.0, 0.0, 0.0]","[122.54946666666667, 670.9974, 280.6662, 0, 0, 0]","[0.046400000000000004, 0.013999999999999999, 0.0002666666666666667, 0, 0, 0]","[0.03426666666666667, 0.0192, 0.0009333333333333334, 0, 0, 0]","[4172.450533333334, 16509.0026, 34079.3338, 4295, 17180, 34360]","[371.9536, 359.986, 376.53973333333334, 372.0, 360.0, 376.54]","[199.96573333333333, 304.9808, 266.7490666666667, 200.0, 305.0, 266.75]","[(9, 3.3333333333333335e-05, 0.05517222222222221), (22, 5e-05, 0.012538888888888888), (12, 0.00065, 0.004222222222222223), (0, 0, 0), (0, 0, 0), (0, 0, 0)]","[(4017, 67.09996666666666, 10.054827777777778), (16083, 51.899950000000004, 6.177461111111111), (32200, 58.19935, 11.635777777777777), (4026, 67.1, 10.11), (16105, 51.900000000000006, 6.1899999999999995), (32212, 58.2, 11.639999999999999)]","[2, 2, 2, 0, 0, 0]","[2, 0, 2, 0, 0, 0]"
405,"[20.65028543062795, 19.575413478153543, 17.51598286884737, 0.0, 0.0, 0.0]","[5, 8, 9, 0, 0, 0]","[358.82113991662527, 623.4454386590866, 1659.1363437283053, 0, 0, 0]","[3670.1788600833747, 7478.554561340913, 14451.863656271695, 4029, 8102, 16111]","[4029, 8102, 16111, 4029, 8102, 16111]","[832, 1586, 2822, 0, 0, 0]","[3.4463686457120684, 2.2814097788125727, 0.9197052774544042, 0.0, 0.0, 0.0]","[148.02153333333334, 391.9462, 316.0107333333333, 0, 0, 0]","[0.036933333333333325, 0.04613333333333333, 0.0116, 0, 0, 0]","[0.031066666666666666, 0.050133333333333335, 0.0028000000000000004, 0, 0, 0]","[4146.9784666666665, 16788.0538, 34043.989266666664, 4295, 17180, 34360]","[371.9630666666667, 359.95386666666667, 376.52840000000003, 372.0, 360.0, 376.54]","[199.96893333333333, 304.94986666666665, 266.7472, 200.0, 305.0, 266.75]","[(9, 0.0, 0.056383333333333334), (16, 0.0, 0.005894444444444444), (19, 0.00015, 0.0055944444444444436), (0, 0, 0), (0, 0, 0), (0, 0, 0)]","[(4017, 67.1, 10.053616666666667), (16089, 51.900000000000006, 6.184105555555555), (32193, 58.199850000000005, 11.634405555555555), (4026, 67.1, 10.11), (16105, 51.900000000000006, 6.1899999999999995), (32212, 58.2, 11.639999999999999)]","[2, 2, 2, 0, 0, 0]","[2, 0, 2, 0, 0, 0]"
406,"[21.39488706875155, 16.057763515181435, 19.427720191173734, 0.0, 0.0, 0.0]","[5, 6, 11, 0, 0, 0]","[451.90656295662836, 433.1882224702456, 1591.1327391088817, 0, 0, 0]","[3577.0934370433715, 7668.811777529754, 14519.867260891118, 4029, 8102, 16111]","[4029, 8102, 16111, 4029, 8102, 16111]","[862, 1301, 3130, 0, 0, 0]","[1.6092402017850214, 2.5118199456732637, 0.932930345362825, 0.0, 0.0, 0.0]","[69.11686666666667, 431.53066666666666, 320.55486666666667, 0, 0, 0]","[0.00026666666666666673, 0.07946666666666666, 0.020533333333333334, 0, 0, 0]","[0.0021333333333333334, 0.08306666666666668, 0.0029333333333333334, 0, 0, 0]","[4225.883133333334, 16748.469333333334, 34039.445133333335, 4295, 17180, 34360]","[371.9997333333333, 359.9205333333333, 376.5194666666667, 372.0, 360.0, 376.54]","[199.99786666666665, 304.91693333333336, 266.7470666666667, 200.0, 305.0, 266.75]","[(9, 0.0, 0.0007222222222222223), (9, 0.0409, 0.07315), (21, 0.0954, 0.02413888888888889), (0, 0, 0), (0, 0, 0), (0, 0, 0)]","[(4017, 67.1, 10.109277777777777), (16096, 51.859100000000005, 6.1168499999999995), (32191, 58.104600000000005, 11.61586111111111), (4026, 67.1, 10.11), (16105, 51.900000000000006, 6.1899999999999995), (32212, 58.2, 11.639999999999999)]","[2, 2, 2, 0, 0, 0]","[2, 2, 2, 0, 0, 0]"
407,"[30.230826507818314, 14.798815107380895, 20.818074607411084, 0.0, 0.0, 0.0]","[7, 5, 12, 0, 0, 0]","[738.015669686728, 277.8830060171399, 1213.9330576639463, 0, 0, 0]","[3290.984330313272, 7824.11699398286, 14897.066942336054, 4029, 8102, 16111]","[4029, 8102, 16111, 4029, 8102, 16111]","[1218, 1199, 3354, 0, 0, 0]","[3.688462553356616, 1.50525766395033, 0.8910952658129606, 0.0, 0.0, 0.0]","[158.41946666666666, 258.6032666666667, 306.1803333333333, 0, 0, 0]","[0.004133333333333333, 0.07506666666666667, 0.02026666666666667, 0, 0, 0]","[0.009066666666666667, 0.053599999999999995, 0.0021333333333333334, 0, 0, 0]","[4136.580533333334, 16921.396733333335, 34053.81966666667, 4295, 17180, 34360]","[371.99586666666664, 359.92493333333334, 376.51973333333336, 372.0, 360.0, 376.54]","[199.99093333333334, 304.9464, 266.74786666666665, 200.0, 305.0, 266.75]","[(12, 0.04856666666666667, 0.01925), (7, 0.0, 0.05705555555555556), (26, 0.0006, 0.003283333333333333), (0, 0, 0), (0, 0, 0), (0, 0, 0)]","[(4014, 67.05143333333332, 10.09075), (16098, 51.900000000000006, 6.132944444444444), (32186, 58.199400000000004, 11.636716666666665), (4026, 67.1, 10.11), (16105, 51.900000000000006, 6.1899999999999995), (32212, 58.2, 11.639999999999999)]","[2, 2, 2, 0, 0, 0]","[2, 2, 2, 0, 0, 0]"
408,"[30.67758749069248, 10.552949888916316, 16.30562969399789, 0.0, 0.0, 0.0]","[8, 4, 10, 0, 0, 0]","[841.1834515586444, 506.3917081209696, 739.049422338026, 0, 0, 0]","[3187.8165484413557, 7595.608291879031, 15371.950577661974, 4029, 8102, 16111]","[4029, 8102, 16111, 4029, 8102, 16111]","[1236, 855, 2627, 0, 0, 0]","[3.7739029879705086, 0.807431121459061, 0.32550834303453624, 0.0, 0.0, 0.0]","[162.08913333333334, 138.71666666666667, 111.84466666666665, 0, 0, 0]","[0.005066666666666667, 0.04066666666666667, 0.0208, 0, 0, 0]","[0.012266666666666665, 0.030133333333333335, 0.0025333333333333336, 0, 0, 0]","[4132.910866666667, 17041.283333333333, 34248.155333333336, 4295, 17180, 34360]","[371.99493333333334, 359.95933333333335, 376.5192, 372.0, 360.0, 376.54]","[199.98773333333332, 304.9698666666667, 266.74746666666664, 200.0, 305.0, 266.75]","[(15, 0.03961666666666667, 0.059616666666666665), (7, 3.3333333333333335e-05, 0.05515555555555555), (25, 0.0003333333333333333, 0.002472222222222222), (0, 0, 0), (0, 0, 0), (0, 0, 0)]","[(4011, 67.06038333333333, 10.050383333333333), (16098, 51.89996666666667, 6.134844444444444), (32187, 58.19966666666667, 11.637527777777777), (4026, 67.1, 10.11), (16105, 51.900000000000006, 6.1899999999999995), (32212, 58.2, 11.639999999999999)]","[0, 0, 0, 0, 0, 0]","[0, 0, 0, 0, 0, 0]"
409,"[34.42541573591462, 14.243396692174773, 6.73452920364968, 0.0, 0.0, 0.0]","[9, 5, 4, 0, 0, 0]","[952.7500124194394, 910.9237957194573, 549.0418407432162, 0, 0, 0]","[3076.2499875805606, 7191.076204280543, 15561.958159256785, 4029, 8102, 16111]","[4029, 8102, 16111, 4029, 8102, 16111]","[1387, 1154, 1085, 0, 0, 0]","[6.232591385331781, 8.199239813736902, 0.059759022118742726, 0.0, 0.0, 0.0]","[267.6898, 1408.6293999999998, 20.5332, 0, 0, 0]","[0.0112, 0.22039999999999998, 0.0, 0, 0, 0]","[0.02053333333333333, 0.034, 0.0, 0, 0, 0]","[4027.3102, 15771.3706, 34339.4668, 4295, 17180, 34360]","[371.9888, 359.7796, 376.54, 372.0, 360.0, 376.54]","[199.97946666666667, 304.966, 266.75, 200.0, 305.0, 266.75]","[(19, 0.0, 0.0032333333333333337), (9, 0.0, 0.05586666666666667), (9, 0.0, 5.555555555555555e-05), (0, 0, 0), (0, 0, 0), (0, 0, 0)]","[(4007, 67.1, 10.106766666666665), (16096, 51.900000000000006, 6.134133333333333), (32203, 58.2, 11.639944444444444), (4026, 67.1, 10.11), (16105, 51.900000000000006, 6.1899999999999995), (32212, 58.2, 11.639999999999999)]","[0, 0, 0, 0, 0, 0]","[0, 0, 0, 0, 0, 0]"
410,"[33.60635393397865, 18.97062453715132, 3.6993358574886726, 0.0, 0.0, 0.0]","[10, 7, 2, 0, 0, 0]","[711.0136135601447, 661.6848343583971, 325.08672981157065, 0, 0, 0]","[3317.9863864398553, 7440.315165641603, 15785.91327018843, 4029, 8102, 16111]","[4029, 8102, 16111, 4029, 8102, 16111]","[1354, 1537, 596, 0, 0, 0]","[6.29257275902212, 7.945431897555297, 0.09638009313154831, 0.0, 0.0, 0.0]","[270.266, 1365.0252, 33.1162, 0, 0, 0]","[0.007066666666666666, 0.07333333333333333, 0.0005333333333333334, 0, 0, 0]","[0.017066666666666667, 0.0332, 0.0002666666666666667, 0, 0, 0]","[4024.734, 15814.9748, 34326.8838, 4295, 17180, 34360]","[371.9929333333333, 359.9266666666667, 376.53946666666667, 372.0, 360.0, 376.54]","[199.98293333333334, 304.9668, 266.7497333333333, 200.0, 305.0, 266.75]","[(20, 0.0, 0.0026666666666666666), (14, 0.00011666666666666667, 0.054705555555555556), (6, 0.0, 2.7777777777777776e-05), (0, 0, 0), (0, 0, 0), (0, 0, 0)]","[(4006, 67.1, 10.107333333333333), (16091, 51.89988333333334, 6.135294444444444), (32206, 58.2, 11.639972222222221), (4026, 67.1, 10.11), (16105, 51.900000000000006, 6.1899999999999995), (32212, 58.2, 11.639999999999999)]","[0, 0, 0, 0, 0, 0]","[0, 0, 0, 0, 0, 0]"
411,"[27.277240009928022, 17.02048876820538, 6.6103904164856315, 0.0, 0.0, 0.0]","[9, 7, 4, 0, 0, 0]","[729.1348910913164, 1010.613713305584, 497.3356071521059, 0, 0, 0]","[3299.8651089086834, 7091.386286694416, 15613.664392847893, 4029, 8102, 16111]","[4029, 8102, 16111, 4029, 8102, 16111]","[1099, 1379, 1065, 0, 0, 0]","[5.2896080714008535, 8.329439658517659, 0.12333585564610011, 0.0, 0.0, 0.0]","[227.18866666666668, 1430.9977333333336, 42.3782, 0, 0, 0]","[0.016133333333333333, 0.09693333333333332, 0.0068, 0, 0, 0]","[0.014533333333333334, 0.03666666666666667, 0.007066666666666666, 0, 0, 0]","[4067.811333333333, 15749.002266666666, 34317.6218, 4295, 17180, 34360]","[371.98386666666664, 359.9030666666667, 376.5332, 372.0, 360.0, 376.54]","[199.98546666666667, 304.9633333333333, 266.7429333333333, 200.0, 305.0, 266.75]","[(17, 0.0, 0.002861111111111111), (14, 0.0, 0.10051666666666667), (8, 0.0, 0.00019444444444444443), (0, 0, 0), (0, 0, 0), (0, 0, 0)]","[(4009, 67.1, 10.107138888888889), (16091, 51.900000000000006, 6.089483333333333), (32204, 58.2, 11.639805555555554), (4026, 67.1, 10.11), (16105, 51.900000000000006, 6.1899999999999995), (32212, 58.2, 11.639999999999999)]","[0, 0, 0, 0, 0, 0]","[0, 0, 0, 0, 0, 0]"
412,"[31.198808637379, 18.600345593680572, 5.8655576935013345, 0.0, 0.0, 0.0]","[11, 8, 4, 0, 0, 0]","[537.8092630962815, 624.8643481110348, 496.4386383818645, 0, 0, 0]","[3491.1907369037185, 7477.135651888965, 15614.561361618136, 4029, 8102, 16111]","[4029, 8102, 16111, 4029, 8102, 16111]","[1257, 1507, 945, 0, 0, 0]","[5.501167248738843, 7.410105161039969, 0.07501513387660069, 0.0, 0.0, 0.0]","[236.27513333333332, 1273.0560666666668, 25.775199999999998, 0, 0, 0]","[0.040933333333333335, 0.011333333333333332, 0.0005333333333333334, 0, 0, 0]","[0.03733333333333333, 0.007466666666666667, 0.0005333333333333334, 0, 0, 0]","[4058.7248666666665, 15906.943933333334, 34334.2248, 4295, 17180, 34360]","[371.9590666666667, 359.9886666666667, 376.53946666666667, 372.0, 360.0, 376.54]","[199.96266666666668, 304.9925333333333, 266.74946666666665, 200.0, 305.0, 266.75]","[(20, 0.0, 0.0065833333333333325), (17, 0.0, 0.04596666666666666), (8, 0.0, 0.0002277777777777778), (0, 0, 0), (0, 0, 0), (0, 0, 0)]","[(4006, 67.1, 10.103416666666666), (16088, 51.900000000000006, 6.144033333333333), (32204, 58.2, 11.639772222222222), (4026, 67.1, 10.11), (16105, 51.900000000000006, 6.1899999999999995), (32212, 58.2, 11.639999999999999)]","[0, 0, 0, 0, 0, 0]","[0, 0, 0, 0, 0, 0]"
413,"[20.82402581285679, 16.353986669958033, 10.78145366519769, 0.0, 0.0, 0.0]","[8, 8, 7, 0, 0, 0]","[301.7701956032835, 545.5934061841203, 1053.2229257594868, 0, 0, 0]","[3727.2298043967166, 7556.40659381588, 15057.777074240514, 4029, 8102, 16111]","[4029, 8102, 16111, 4029, 8102, 16111]","[839, 1325, 1737, 0, 0, 0]","[6.808347691113699, 1.6530077609623592, 0.3688688397361273, 0.0, 0.0, 0.0]","[292.41853333333336, 283.9867333333333, 126.74333333333333, 0, 0, 0]","[0.02453333333333333, 0.012400000000000001, 0.0002666666666666667, 0, 0, 0]","[0.023600000000000003, 0.004666666666666666, 0.0002666666666666667, 0, 0, 0]","[4002.5814666666665, 16896.013266666665, 34233.25666666667, 4295, 17180, 34360]","[371.97546666666665, 359.9876, 376.53973333333334, 372.0, 360.0, 376.54]","[199.9764, 304.99533333333335, 266.7497333333333, 200.0, 305.0, 266.75]","[(15, 0.4706, 0.01577777777777778), (20, 0.0, 0.0024000000000000002), (10, 0.00015, 0.0005611111111111111), (0, 0, 0), (0, 0, 0), (0, 0, 0)]","[(4011, 66.62939999999999, 10.094222222222221), (16085, 51.900000000000006, 6.1876), (32202, 58.199850000000005, 11.639438888888888), (4026, 67.1, 10.11), (16105, 51.900000000000006, 6.1899999999999995), (32212, 58.2, 11.639999999999999)]","[0, 0, 0, 0, 0, 0]","[0, 0, 0, 0, 0, 0]"
414,"[34.251675353685776, 24.784003949642063, 12.066290112345603, 0.0, 0.0, 0.0]","[12, 10, 8, 0, 0, 0]","[1033.0971962921315, 1210.4564385607616, 1055.468353412868, 0, 0, 0]","[2995.9028037078688, 6891.543561439238, 15055.531646587133, 4029, 8102, 16111]","[4029, 8102, 16111, 4029, 8102, 16111]","[1380, 2008, 1944, 0, 0, 0]","[6.4843088863019, 3.3077989910748937, 0.6164373302289484, 0.0, 0.0, 0.0]","[278.5010666666666, 568.2798666666667, 211.80786666666668, 0, 0, 0]","[0.0232, 1.201466666666667, 0.0008, 0, 0, 0]","[0.0148, 0.3925333333333333, 0.0054666666666666665, 0, 0, 0]","[4016.4989333333333, 16611.720133333332, 34148.19213333333, 4295, 17180, 34360]","[371.9768, 358.79853333333335, 376.5392, 372.0, 360.0, 376.54]","[199.9852, 304.60746666666665, 266.7445333333333, 200.0, 305.0, 266.75]","[(26, 0.0, 0.004261111111111111), (24, 0.011550000000000001, 0.4336055555555556), (12, 0.09516666666666666, 0.018705555555555555), (0, 0, 0), (0, 0, 0), (0, 0, 0)]","[(4000, 67.1, 10.105738888888888), (16081, 51.888450000000006, 5.756394444444444), (32200, 58.10483333333334, 11.621294444444443), (4026, 67.1, 10.11), (16105, 51.900000000000006, 6.1899999999999995), (32212, 58.2, 11.639999999999999)]","[0, 0, 0, 0, 0, 0]","[0, 0, 0, 0, 0, 0]"
415,"[32.51427153139737, 22.389533448531225, 11.482837812674571, 0.0, 0.0, 0.0]","[12, 9, 7, 0, 0, 0]","[902.527248946895, 1106.070003410808, 1076.2348393907282, 0, 0, 0]","[3126.4727510531047, 6995.929996589191, 15034.765160609271, 4029, 8102, 16111]","[4029, 8102, 16111, 4029, 8102, 16111]","[1310, 1814, 1850, 0, 0, 0]","[5.891244082266201, 2.4668028715560726, 0.8354047341870391, 0.0, 0.0, 0.0]","[253.02893333333333, 423.7967333333333, 287.0450666666666, 0, 0, 0]","[0.014, 0.8609333333333333, 0.01, 0, 0, 0]","[0.0064, 0.28440000000000004, 0.00026666666666666673, 0, 0, 0]","[4041.9710666666665, 16756.203266666667, 34072.954933333334, 4295, 17180, 34360]","[371.986, 359.1390666666667, 376.53000000000003, 372.0, 360.0, 376.54]","[199.9936, 304.7156, 266.7497333333333, 200.0, 305.0, 266.75]","[(26, 0.06446666666666667, 0.025861111111111112), (22, 1.666666666666667e-05, 0.22932222222222226), (11, 0.0006, 0.002127777777777778), (0, 0, 0), (0, 0, 0), (0, 0, 0)]","[(4000, 67.03553333333333, 10.084138888888889), (16083, 51.89998333333334, 5.960677777777777), (32201, 58.199400000000004, 11.63787222222222), (4026, 67.1, 10.11), (16105, 51.900000000000006, 6.1899999999999995), (32212, 58.2, 11.639999999999999)]","[0, 0, 0, 0, 0, 0]","[0, 0, 0, 0, 0, 0]"
416,"[30.60312732688012, 21.895828190570228, 12.699397926882256, 0.0, 0.0, 0.0]","[11, 9, 8, 0, 0, 0]","[850.9633425536969, 970.2432176515231, 923.2958792209597, 0, 0, 0]","[3178.0366574463033, 7131.756782348477, 15187.70412077904, 4029, 8102, 16111]","[4029, 8102, 16111, 4029, 8102, 16111]","[1233, 1774, 2046, 0, 0, 0]","[2.8440217306946067, 2.9975448195576253, 0.43028346915017457, 0.0, 0.0, 0.0]","[122.15073333333335, 514.9782, 147.84539999999998, 0, 0, 0]","[0.010133333333333333, 1.0417333333333332, 0.011733333333333333, 0, 0, 0]","[0.007333333333333333, 0.38839999999999997, 0.0056, 0, 0, 0]","[4172.849266666667, 16665.0218, 34212.1546, 4295, 17180, 34360]","[371.98986666666667, 358.95826666666665, 376.5282666666667, 372.0, 360.0, 376.54]","[199.99266666666668, 304.6116, 266.7444, 200.0, 305.0, 266.75]","[(24, 0.0, 0.002316666666666667), (18, 0.0012833333333333332, 0.3433999999999999), (13, 0.0004166666666666667, 0.003966666666666666), (0, 0, 0), (0, 0, 0), (0, 0, 0)]","[(4002, 67.1, 10.107683333333332), (16087, 51.89871666666667, 5.8466), (32199, 58.19958333333334, 11.636033333333332), (4026, 67.1, 10.11), (16105, 51.900000000000006, 6.1899999999999995), (32212, 58.2, 11.639999999999999)]","[0, 0, 0, 0, 0, 0]","[0, 0, 0, 0, 0, 0]"
417,"[25.912137006701414, 22.98197975808442, 10.738005089690274, 0.0, 0.0, 0.0]","[10, 10, 7, 0, 0, 0]","[274.8341111726763, 717.4166816851895, 1105.4879549988582, 0, 0, 0]","[3754.1658888273237, 7384.583318314811, 15005.512045001142, 4029, 8102, 16111]","[4029, 8102, 16111, 4029, 8102, 16111]","[1044, 1862, 1730, 0, 0, 0]","[5.672849049282111, 2.2511350407450523, 0.41985778036476523, 0.0, 0.0, 0.0]","[243.64886666666666, 386.745, 144.26313333333331, 0, 0, 0]","[0.027866666666666665, 0.049999999999999996, 0.009333333333333334, 0, 0, 0]","[0.003333333333333334, 0.0428, 0.0, 0, 0, 0]","[4051.3511333333336, 16793.255, 34215.736866666666, 4295, 17180, 34360]","[371.9721333333333, 359.95, 376.53066666666666, 372.0, 360.0, 376.54]","[199.99666666666667, 304.9572, 266.75, 200.0, 305.0, 266.75]","[(22, 0.0, 0.003216666666666667), (20, 0.4706, 0.06858333333333336), (15, 0.003683333333333333, 0.0034055555555555558), (0, 0, 0), (0, 0, 0), (0, 0, 0)]","[(4004, 67.1, 10.106783333333333), (16085, 51.42940000000001, 6.121416666666666), (32197, 58.19631666666667, 11.636594444444443), (4026, 67.1, 10.11), (16105, 51.900000000000006, 6.1899999999999995), (32212, 58.2, 11.639999999999999)]","[0, 0, 0, 0, 0, 0]","[0, 0, 0, 0, 0, 0]"
418,"[9.43162074956565, 24.784003949642063, 16.138042331326425, 0.0, 0.0, 0.0]","[5, 11, 11, 0, 0, 0]","[155.75346230797985, 1308.0849692472457, 1122.260051047269, 0, 0, 0]","[3873.24653769202, 6793.915030752754, 14988.73994895273, 4029, 8102, 16111]","[4029, 8102, 16111, 4029, 8102, 16111]","[380, 2008, 2600, 0, 0, 0]","[4.221292976329065, 1.7183515715948778, 1.4513393480791619, 0.0, 0.0, 0.0]","[181.30453333333332, 295.2128, 498.6802, 0, 0, 0]","[0.019466666666666667, 0.016133333333333333, 0.5850666666666666, 0, 0, 0]","[0.005866666666666666, 0.0248, 0.10133333333333333, 0, 0, 0]","[4113.695466666667, 16884.7872, 33861.3198, 4295, 17180, 34360]","[371.9805333333333, 359.98386666666664, 375.9549333333334, 372.0, 360.0, 376.54]","[199.99413333333334, 304.9752, 266.64866666666666, 200.0, 305.0, 266.75]","[(10, 0.0, 0.002938888888888889), (23, 0.00065, 0.002477777777777778), (21, 0.0948, 0.027433333333333334), (0, 0, 0), (0, 0, 0), (0, 0, 0)]","[(4016, 67.1, 10.107061111111111), (16082, 51.899350000000005, 6.1875222222222215), (32191, 58.1052, 11.612566666666666), (4026, 67.1, 10.11), (16105, 51.900000000000006, 6.1899999999999995), (32212, 58.2, 11.639999999999999)]","[0, 0, 0, 0, 0, 0]","[0, 0, 0, 0, 0, 0]"
419,"[11.49168528170762, 22.5253023944705, 13.258022469120476, 0.0, 0.0, 0.0]","[5, 11, 9, 0, 0, 0]","[393.3815937136628, 1248.7328230737876, 1239.411388441364, 0, 0, 0]","[3635.618406286337, 6853.267176926212, 14871.588611558636, 4029, 8102, 16111]","[4029, 8102, 16111, 4029, 8102, 16111]","[463, 1825, 2136, 0, 0, 0]","[5.09434381063252, 2.6977143965851766, 1.501951493985254, 0.0, 0.0, 0.0]","[218.8020666666667, 463.46733333333333, 516.0705333333333, 0, 0, 0]","[0.03146666666666667, 0.02466666666666667, 0.5906666666666666, 0, 0, 0]","[0.0116, 0.0096, 0.10426666666666667, 0, 0, 0]","[4076.1979333333334, 16716.532666666666, 33843.92946666667, 4295, 17180, 34360]","[371.9685333333333, 359.9753333333333, 375.94933333333336, 372.0, 360.0, 376.54]","[199.9884, 304.9904, 266.64573333333334, 200.0, 305.0, 266.75]","[(11, 0.0, 0.004511111111111111), (22, 0.06446666666666667, 0.02869444444444445), (17, 0.0, 0.006227777777777778), (0, 0, 0), (0, 0, 0), (0, 0, 0)]","[(4015, 67.1, 10.105488888888889), (16083, 51.83553333333334, 6.161305555555555), (32195, 58.2, 11.633772222222222), (4026, 67.1, 10.11), (16105, 51.900000000000006, 6.1899999999999995), (32212, 58.2, 11.639999999999999)]","[0, 0, 0, 0, 0, 0]","[0, 0, 0, 0, 0, 0]"
420,"[19.40928270042194, 17.686990866452728, 14.431134007820742, 0.0, 0.0, 0.0]","[7, 9, 9, 0, 0, 0]","[603.2869142234986, 1110.7130343218023, 830.8979203020765, 0, 0, 0]","[3425.7130857765014, 6991.286965678198, 15280.102079697923, 4029, 8102, 16111]","[4029, 8102, 16111, 4029, 8102, 16111]","[782, 1433, 2325, 0, 0, 0]","[4.512454792394256, 2.6649103608847495, 1.7399902987970506, 0.0, 0.0, 0.0]","[193.8099333333333, 457.8315999999999, 597.8606666666666, 0, 0, 0]","[0.032266666666666666, 0.020933333333333335, 0.5557333333333333, 0, 0, 0]","[0.0144, 0.006666666666666667, 0.106, 0, 0, 0]","[4101.190066666667, 16722.1684, 33762.13933333333, 4295, 17180, 34360]","[371.96773333333334, 359.97906666666665, 375.9842666666667, 372.0, 360.0, 376.54]","[199.9856, 304.99333333333334, 266.644, 200.0, 305.0, 266.75]","[(14, 0.0, 0.004827777777777778), (17, 0.0019333333333333333, 0.007527777777777778), (15, 0.0, 0.007111111111111111), (0, 0, 0), (0, 0, 0), (0, 0, 0)]","[(4012, 67.1, 10.105172222222222), (16088, 51.89806666666667, 6.182472222222222), (32197, 58.2, 11.632888888888887), (4026, 67.1, 10.11), (16105, 51.900000000000006, 6.1899999999999995), (32212, 58.2, 11.639999999999999)]","[0, 0, 0, 0, 0, 0]","[0, 0, 0, 0, 0, 0]"
421,"[23.38049143708116, 17.859787706739077, 7.715225622245671, 0.0, 0.0, 0.0]","[7, 9, 5, 0, 0, 0]","[527.0455966389793, 411.99887876537025, 469.73297967010024, 0, 0, 0]","[3501.954403361021, 7690.00112123463, 15641.2670203299, 4029, 8102, 16111]","[4029, 8102, 16111, 4029, 8102, 16111]","[942, 1447, 1243, 0, 0, 0]","[3.495202173069461, 2.2872537834691506, 0.3915106713232441, 0.0, 0.0, 0.0]","[150.11893333333333, 392.95020000000005, 134.52306666666667, 0, 0, 0]","[0.029599999999999994, 0.01973333333333333, 0.018933333333333333, 0, 0, 0]","[0.020533333333333334, 0.006, 0.00013333333333333337, 0, 0, 0]","[4144.881066666667, 16787.0498, 34225.47693333333, 4295, 17180, 34360]","[371.9704, 359.9802666666667, 376.5210666666667, 372.0, 360.0, 376.54]","[199.97946666666667, 304.994, 266.74986666666666, 200.0, 305.0, 266.75]","[(14, 0.0, 0.0038), (19, 0.0001, 0.005727777777777778), (7, 0.0, 0.005772222222222222), (0, 0, 0), (0, 0, 0), (0, 0, 0)]","[(4012, 67.1, 10.1062), (16086, 51.8999, 6.184272222222222), (32205, 58.2, 11.634227777777777), (4026, 67.1, 10.11), (16105, 51.900000000000006, 6.1899999999999995), (32212, 58.2, 11.639999999999999)]","[0, 0, 0, 0, 0, 0]","[0, 0, 0, 0, 0, 0]"
422,"[28.245222139488707, 11.848926191063935, 13.680094345478244, 0.0, 0.0, 0.0]","[8, 7, 8, 0, 0, 0]","[628.6786612172745, 489.3867446977257, 1825.3643548048299, 0, 0, 0]","[3400.3213387827254, 7612.613255302274, 14285.63564519517, 4029, 8102, 16111]","[4029, 8102, 16111, 4029, 8102, 16111]","[1138, 960, 2204, 0, 0, 0]","[2.988583624369422, 1.9154540162980214, 5.1528447807528135, 0.0, 0.0, 0.0]","[128.35966666666667, 329.07500000000005, 1770.5174666666667, 0, 0, 0]","[0.016266666666666665, 0.011600000000000001, 0.02213333333333333, 0, 0, 0]","[0.027466666666666667, 0.0005333333333333334, 0.002533333333333333, 0, 0, 0]","[4166.640333333334, 16850.925, 32589.482533333332, 4295, 17180, 34360]","[371.9837333333333, 359.9884, 376.5178666666667, 372.0, 360.0, 376.54]","[199.97253333333333, 304.99946666666665, 266.74746666666664, 200.0, 305.0, 266.75]","[(15, 0.0, 0.04538333333333333), (15, 0.005599999999999999, 0.021294444444444446), (18, 0.0, 0.004961111111111111), (0, 0, 0), (0, 0, 0), (0, 0, 0)]","[(4011, 67.1, 10.064616666666666), (16090, 51.894400000000005, 6.168705555555555), (32194, 58.2, 11.635038888888888), (4026, 67.1, 10.11), (16105, 51.900000000000006, 6.1899999999999995), (32212, 58.2, 11.639999999999999)]","[0, 0, 0, 0, 0, 0]","[0, 0, 0, 0, 0, 0]"
423,"[22.58624968974932, 12.046408294248334, 16.78356402457948, 0.0, 0.0, 0.0]","[7, 7, 10, 0, 0, 0]","[620.5307687192732, 491.92325677253586, 1629.2816106928565, 0, 0, 0]","[3408.469231280727, 7610.076743227464, 14481.718389307143, 4029, 8102, 16111]","[4029, 8102, 16111, 4029, 8102, 16111]","[910, 976, 2704, 0, 0, 0]","[5.4839022118742715, 1.9919980597594096, 5.2635950717889015, 0.0, 0.0, 0.0]","[235.53359999999995, 342.2252666666666, 1808.5712666666666, 0, 0, 0]","[0.015333333333333334, 0.0013333333333333335, 0.022133333333333335, 0, 0, 0]","[0.04106666666666667, 0.0006666666666666666, 0.0032, 0, 0, 0]","[4059.4664000000002, 16837.774733333332, 32551.428733333334, 4295, 17180, 34360]","[371.98466666666667, 359.9986666666667, 376.5178666666667, 372.0, 360.0, 376.54]","[199.95893333333333, 304.9993333333333, 266.7468, 200.0, 305.0, 266.75]","[(14, 0.00013333333333333334, 0.0016944444444444446), (15, 1.666666666666667e-05, 0.08479444444444445), (21, 0.0, 0.003772222222222223), (0, 0, 0), (0, 0, 0), (0, 0, 0)]","[(4012, 67.09986666666666, 10.108305555555555), (16090, 51.89998333333334, 6.105205555555555), (32191, 58.2, 11.636227777777776), (4026, 67.1, 10.11), (16105, 51.900000000000006, 6.1899999999999995), (32212, 58.2, 11.639999999999999)]","[0, 0, 0, 0, 0, 0]","[0, 0, 0, 0, 0, 0]"
424,"[23.13229089103996, 10.88620093803999, 16.52287257153498, 0.0, 0.0, 0.0]","[8, 6, 10, 0, 0, 0]","[527.9965169571738, 445.8270291352998, 1095.343034549492, 0, 0, 0]","[3501.0034830428262, 7656.1729708647, 15015.656965450507, 4029, 8102, 16111]","[4029, 8102, 16111, 4029, 8102, 16111]","[932, 882, 2662, 0, 0, 0]","[5.934528521536671, 1.8256864571206823, 5.1796738455568505, 0.0, 0.0, 0.0]","[254.888, 313.65293333333324, 1779.7359333333336, 0, 0, 0]","[0.02146666666666667, 0.0009333333333333333, 0.19640000000000002, 0, 0, 0]","[0.031066666666666666, 0.0006666666666666668, 0.028399999999999998, 0, 0, 0]","[4040.112, 16866.347066666665, 32580.264066666667, 4295, 17180, 34360]","[371.97853333333336, 359.9990666666667, 376.34360000000004, 372.0, 360.0, 376.54]","[199.96893333333333, 304.9993333333333, 266.7216, 200.0, 305.0, 266.75]","[(16, 1.666666666666667e-05, 0.0015444444444444444), (12, 3.333333333333334e-05, 0.021883333333333338), (20, 0.0, 0.08478333333333331), (0, 0, 0), (0, 0, 0), (0, 0, 0)]","[(4010, 67.09998333333333, 10.108455555555555), (16093, 51.89996666666667, 6.168116666666666), (32192, 58.2, 11.555216666666665), (4026, 67.1, 10.11), (16105, 51.900000000000006, 6.1899999999999995), (32212, 58.2, 11.639999999999999)]","[0, 0, 0, 0, 0, 0]","[0, 0, 0, 0, 0, 0]"
425,"[20.327624720774388, 12.63885460380153, 12.240084414375271, 0.0, 0.0, 0.0]","[7, 6, 8, 0, 0, 0]","[293.05213925948266, 702.6836458762604, 946.3935429171885, 0, 0, 0]","[3735.947860740517, 7399.31635412374, 15164.606457082811, 4029, 8102, 16111]","[4029, 8102, 16111, 4029, 8102, 16111]","[819, 1024, 1972, 0, 0, 0]","[11.862003880481181, 3.157261544431509, 1.8025492821109819, 0.0, 0.0, 0.0]","[509.47306666666674, 542.4175333333333, 619.3559333333334, 0, 0, 0]","[0.005733333333333333, 0.58, 0.19826666666666667, 0, 0, 0]","[0.026933333333333333, 0.10533333333333333, 0.029733333333333334, 0, 0, 0]","[3785.526933333333, 16637.582466666667, 33740.64406666667, 4295, 17180, 34360]","[371.99426666666665, 359.42, 376.34173333333337, 372.0, 360.0, 376.54]","[199.97306666666665, 304.8946666666667, 266.72026666666665, 200.0, 305.0, 266.75]","[(15, 0.06153333333333332, 0.03697222222222221), (8, 1.666666666666667e-05, 0.01667222222222222), (15, 0.0, 0.07771666666666667), (0, 0, 0), (0, 0, 0), (0, 0, 0)]","[(4011, 67.03846666666666, 10.073027777777778), (16097, 51.89998333333334, 6.173327777777777), (32197, 58.2, 11.562283333333331), (4026, 67.1, 10.11), (16105, 51.900000000000006, 6.1899999999999995), (32212, 58.2, 11.639999999999999)]","[0, 0, 0, 0, 0, 0]","[0, 0, 0, 0, 0, 0]"
426,"[21.14668652271035, 26.49962972105653, 8.74557755570728, 0.0, 0.0, 0.0]","[5, 9, 6, 0, 0, 0]","[246.33764866844666, 900.9801530684377, 258.9877044452647, 0, 0, 0]","[3782.6623513315535, 7201.019846931562, 15852.012295554736, 4029, 8102, 16111]","[4029, 8102, 16111, 4029, 8102, 16111]","[852, 2147, 1409, 0, 0, 0]","[9.187706635622819, 5.013981761738456, 1.6672578579743889, 0.0, 0.0, 0.0]","[394.612, 861.4020666666667, 572.8698, 0, 0, 0]","[0.009733333333333332, 0.6089333333333332, 0.18666666666666668, 0, 0, 0]","[0.0013333333333333335, 0.12413333333333335, 0.027733333333333332, 0, 0, 0]","[3900.388, 16318.597933333333, 33787.1302, 4295, 17180, 34360]","[371.9902666666667, 359.3910666666667, 376.35333333333335, 372.0, 360.0, 376.54]","[199.99866666666668, 304.87586666666664, 266.72226666666666, 200.0, 305.0, 266.75]","[(11, 0.02943333333333333, 0.026133333333333328), (13, 6.666666666666667e-05, 0.02175), (13, 0.003533333333333333, 0.0725), (0, 0, 0), (0, 0, 0), (0, 0, 0)]","[(4015, 67.07056666666666, 10.083866666666665), (16092, 51.89993333333334, 6.16825), (32199, 58.19646666666667, 11.567499999999999), (4026, 67.1, 10.11), (16105, 51.900000000000006, 6.1899999999999995), (32212, 58.2, 11.639999999999999)]","[2, 2, 0, 0, 0, 0]","[2, 0, 0, 0, 0, 0]"
427,"[22.263588979895758, 24.96914342137744, 7.98833095400658, 0.0, 0.0, 0.0]","[5, 8, 5, 0, 0, 0]","[298.3656217496068, 1136.5293448061957, 976.9953167501006, 0, 0, 0]","[3730.634378250393, 6965.470655193804, 15134.0046832499, 4029, 8102, 16111]","[4029, 8102, 16111, 4029, 8102, 16111]","[897, 2023, 1287, 0, 0, 0]","[3.4107644547923943, 3.4865937136204885, 0.3483977493209158, 0.0, 0.0, 0.0]","[146.49233333333333, 598.9968, 119.70946666666666, 0, 0, 0]","[1.2921333333333336, 0.035733333333333325, 0.002, 0, 0, 0]","[1.2949333333333335, 0.029066666666666668, 0.0004000000000000001, 0, 0, 0]","[4148.507666666666, 16581.0032, 34240.29053333333, 4295, 17180, 34360]","[370.7078666666667, 359.9642666666667, 376.538, 372.0, 360.0, 376.54]","[198.70506666666665, 304.97093333333333, 266.7496, 200.0, 305.0, 266.75]","[(8, 0.0112, 0.010268803418803419), (13, 0.0, 0.005894444444444444), (14, 0.0, 0.003116666666666666), (0, 0, 0), (0, 0, 0), (0, 0, 0)]","[(4018, 67.08879999999999, 10.099731196581196), (16092, 51.900000000000006, 6.184105555555555), (32198, 58.2, 11.636883333333332), (4026, 67.1, 10.11), (16105, 51.900000000000006, 6.1899999999999995), (32212, 58.2, 11.639999999999999)]","[2, 2, 0, 0, 0, 0]","[2, 0, 0, 0, 0, 0]"
428,"[26.433358153387935, 32.59688965687484, 10.02420706349699, 0.0, 0.0, 0.0]","[5, 9, 6, 0, 0, 0]","[241.88638549810867, 1034.9252597663426, 786.4735266157838, 0, 0, 0]","[3787.1136145018913, 7067.074740233657, 15324.526473384216, 4029, 8102, 16111]","[4029, 8102, 16111, 4029, 8102, 16111]","[1065, 2641, 1615, 0, 0, 0]","[11.690140473418703, 3.014336825766394, 0.2924497477687233, 0.0, 0.0, 0.0]","[502.0915333333333, 517.8630666666666, 100.48573333333333, 0, 0, 0]","[0.0372, 0.03546666666666666, 0.0004000000000000001, 0, 0, 0]","[0.026000000000000002, 0.029466666666666662, 0.0004, 0, 0, 0]","[3792.9084666666668, 16662.136933333335, 34259.514266666665, 4295, 17180, 34360]","[371.9628, 359.96453333333335, 376.5396, 372.0, 360.0, 376.54]","[199.974, 304.9705333333333, 266.7496, 200.0, 305.0, 266.75]","[(11, 0.001633333333333333, 0.0029), (15, 0.0, 0.004713247863247862), (17, 1.666666666666667e-05, 0.0020444444444444447), (0, 0, 0), (0, 0, 0), (0, 0, 0)]","[(4015, 67.09836666666666, 10.107099999999999), (16090, 51.900000000000006, 6.185286752136752), (32195, 58.199983333333336, 11.637955555555555), (4026, 67.1, 10.11), (16105, 51.900000000000006, 6.1899999999999995), (32212, 58.2, 11.639999999999999)]","[4, 4, 0, 0, 0, 0]","[2, 0, 0, 0, 0, 0]"
429,"[26.70637875403326, 29.165638114045915, 12.506982806777977, 0.0, 0.0, 0.0]","[5, 8, 7, 0, 0, 0]","[257.2584628198936, 715.693011181053, 624.9441298134261, 0, 0, 0]","[3771.741537180106, 7386.3069888189475, 15486.055870186574, 4029, 8102, 16111]","[4029, 8102, 16111, 4029, 8102, 16111]","[1076, 2363, 2015, 0, 0, 0]","[8.133833139309274, 1.5693368257663949, 0.4137576639503298, 0.0, 0.0, 0.0]","[349.3481333333333, 269.61206666666664, 142.1671333333333, 0, 0, 0]","[0.03253333333333333, 0.03013333333333333, 0.001466666666666667, 0, 0, 0]","[0.04213333333333333, 0.012266666666666667, 0.0009333333333333333, 0, 0, 0]","[3945.6518666666666, 16910.38793333333, 34217.832866666664, 4295, 17180, 34360]","[371.96746666666667, 359.9698666666667, 376.53853333333336, 372.0, 360.0, 376.54]","[199.95786666666666, 304.9877333333333, 266.7490666666667, 200.0, 305.0, 266.75]","[(11, 0.002466666666666667, 0.010044444444444444), (14, 0.0, 0.002344444444444444), (20, 0.0, 0.002011111111111111), (0, 0, 0), (0, 0, 0), (0, 0, 0)]","[(4015, 67.09753333333333, 10.099955555555555), (16091, 51.900000000000006, 6.187655555555555), (32192, 58.2, 11.637988888888888), (4026, 67.1, 10.11), (16105, 51.900000000000006, 6.1899999999999995), (32212, 58.2, 11.639999999999999)]","[4, 4, 0, 0, 0, 0]","[2, 0, 0, 0, 0, 0]"
430,"[19.781583519483743, 31.955072821525548, 12.240084414375271, 0.0, 0.0, 0.0]","[3, 9, 6, 0, 0, 0]","[141.761213005472, 679.4698651009646, 902.9126074818789, 0, 0, 0]","[3887.238786994528, 7422.530134899035, 15208.08739251812, 4029, 8102, 16111]","[4029, 8102, 16111, 4029, 8102, 16111]","[797, 2589, 1972, 0, 0, 0]","[3.055784245246411, 7.332787349631355, 2.9825560729530465, 0.0, 0.0, 0.0]","[131.24593333333334, 1259.7728666666667, 1024.8062666666667, 0, 0, 0]","[0.037333333333333336, 0.2492, 0.22200000000000003, 0, 0, 0]","[0.034666666666666665, 1.5081333333333333, 1.4881333333333333, 0, 0, 0]","[4163.754066666666, 15920.227133333334, 33335.19373333333, 4295, 17180, 34360]","[371.9626666666667, 359.7508, 376.31800000000004, 372.0, 360.0, 376.54]","[199.96533333333332, 303.4918666666667, 265.26186666666666, 200.0, 305.0, 266.75]","[(6, 0.0, 0.007127777777777777), (19, 0.0, 0.029222222222222222), (16, 0.0, 0.02708888888888889), (0, 0, 0), (0, 0, 0), (0, 0, 0)]","[(4020, 67.1, 10.102872222222222), (16086, 51.900000000000006, 6.160777777777778), (32196, 58.2, 11.61291111111111), (4026, 67.1, 10.11), (16105, 51.900000000000006, 6.1899999999999995), (32212, 58.2, 11.639999999999999)]","[4, 4, 2, 0, 0, 0]","[4, 0, 0, 0, 0, 0]"
431,"[23.752792256142964, 25.487533942236485, 18.03736577493638, 0.0, 0.0, 0.0]","[4, 5, 10, 0, 0, 0]","[444.2090589038271, 915.1021520066259, 1343.1604689045848, 0, 0, 0]","[3584.790941096173, 7186.897847993374, 14767.839531095415, 4029, 8102, 16111]","[4029, 8102, 16111, 4029, 8102, 16111]","[957, 2065, 2906, 0, 0, 0]","[2.6814093907644545, 8.062161428017074, 4.9847417539774925, 0.0, 0.0, 0.0]","[115.16653333333332, 1385.0793333333334, 1712.7572666666665, 0, 0, 0]","[0.043199999999999995, 0.17226666666666668, 10.83946666666667, 0, 0, 0]","[0.03973333333333333, 0.7890666666666665, 1.1530666666666665, 0, 0, 0]","[4179.833466666667, 15794.920666666667, 32647.242733333333, 4295, 17180, 34360]","[371.9568, 359.82773333333336, 365.70053333333334, 372.0, 360.0, 376.54]","[199.96026666666666, 304.21093333333334, 265.5969333333333, 200.0, 305.0, 266.75]","[(9, 0.0, 0.008188888888888888), (12, 0.0, 0.025583333333333336), (21, 1.666666666666667e-05, 0.037700000000000004), (0, 0, 0), (0, 0, 0), (0, 0, 0)]","[(4017, 67.1, 10.101811111111111), (16093, 51.900000000000006, 6.164416666666666), (32191, 58.199983333333336, 11.6023), (4026, 67.1, 10.11), (16105, 51.900000000000006, 6.1899999999999995), (32212, 58.2, 11.639999999999999)]","[4, 4, 2, 0, 0, 0]","[4, 0, 0, 0, 0, 0]"
432,"[14.296351451973194, 14.206368797827698, 10.738005089690274, 0.0, 0.0, 0.0]","[5, 5, 7, 0, 0, 0]","[445.4943245473589, 896.2061327693636, 772.3761114056601, 0, 0, 0]","[3583.5056754526413, 7205.793867230636, 15338.62388859434, 4029, 8102, 16111]","[4029, 8102, 16111, 4029, 8102, 16111]","[576, 1151, 1730, 0, 0, 0]","[2.8400931315483118, 7.563200232828871, 4.29276503686457, 0.0, 0.0, 0.0]","[121.982, 1299.3578, 1474.9940666666664, 0, 0, 0]","[0.03813333333333333, 0.18413333333333334, 4.045466666666667, 0, 0, 0]","[0.03573333333333333, 0.6257333333333334, 0.7230666666666667, 0, 0, 0]","[4173.018, 15880.6422, 32885.005933333334, 4295, 17180, 34360]","[371.96186666666665, 359.8158666666667, 372.4945333333334, 372.0, 360.0, 376.54]","[199.96426666666667, 304.37426666666664, 266.0269333333333, 200.0, 305.0, 266.75]","[(11, 0.0, 0.007561111111111112), (12, 0.0, 0.014727777777777779), (13, 0.0, 0.02433888888888889), (0, 0, 0), (0, 0, 0), (0, 0, 0)]","[(4015, 67.1, 10.102438888888889), (16093, 51.900000000000006, 6.175272222222222), (32199, 58.2, 11.61566111111111), (4026, 67.1, 10.11), (16105, 51.900000000000006, 6.1899999999999995), (32212, 58.2, 11.639999999999999)]","[0, 0, 0, 0, 0, 0]","[0, 0, 0, 0, 0, 0]"
433,"[17.17547778605113, 14.206368797827698, 5.896592390292347, 0.0, 0.0, 0.0]","[6, 5, 4, 0, 0, 0]","[303.7676130946802, 214.91873217217963, 678.4506186812575, 0, 0, 0]","[3725.23238690532, 7887.081267827821, 15432.549381318742, 4029, 8102, 16111]","[4029, 8102, 16111, 4029, 8102, 16111]","[692, 1151, 950, 0, 0, 0]","[2.962163756305782, 7.0077873496313545, 2.2918469150174623, 0.0, 0.0, 0.0]","[127.22493333333333, 1203.9378666666667, 787.4786, 0, 0, 0]","[0.04773333333333334, 0.178, 7.682666666666667, 0, 0, 0]","[0.035199999999999995, 0.6866666666666668, 0.13653333333333334, 0, 0, 0]","[4167.775066666667, 15976.062133333333, 33572.5214, 4295, 17180, 34360]","[371.9522666666667, 359.822, 368.8573333333334, 372.0, 360.0, 376.54]","[199.9648, 304.31333333333333, 266.6134666666667, 200.0, 305.0, 266.75]","[(12, 0.0, 0.008499999999999999), (12, 0.04375, 0.033766666666666674), (7, 0.00031666666666666665, 0.010011111111111111), (0, 0, 0), (0, 0, 0), (0, 0, 0)]","[(4014, 67.1, 10.1015), (16093, 51.85625, 6.156233333333333), (32205, 58.19968333333333, 11.629988888888887), (4026, 67.1, 10.11), (16105, 51.900000000000006, 6.1899999999999995), (32212, 58.2, 11.639999999999999)]","[0, 0, 0, 0, 0, 0]","[0, 0, 0, 0, 0, 0]"
434,"[20.774385703648548, 7.158726240434461, 9.533858854198995, 0.0, 0.0, 0.0]","[7, 3, 7, 0, 0, 0]","[379.2031080919806, 303.2660045642957, 857.2126300454379, 0, 0, 0]","[3649.7968919080195, 7798.733995435704, 15253.787369954562, 4029, 8102, 16111]","[4029, 8102, 16111, 4029, 8102, 16111]","[837, 580, 1536, 0, 0, 0]","[10.30360884749709, 5.596870779976718, 2.463249514939853, 0.0, 0.0, 0.0]","[442.54, 961.5424, 846.3725333333334, 0, 0, 0]","[0.06573333333333332, 0.023200000000000002, 6.6892000000000005, 0, 0, 0]","[0.043866666666666665, 0.023066666666666666, 0.24373333333333336, 0, 0, 0]","[3852.46, 16218.4576, 33513.627466666665, 4295, 17180, 34360]","[371.93426666666664, 359.9768, 369.8508, 372.0, 360.0, 376.54]","[199.95613333333333, 304.9769333333333, 266.50626666666665, 200.0, 305.0, 266.75]","[(15, 0.0006666666666666666, 0.010383333333333333), (6, 0.0, 0.0015944444444444443), (10, 0.0, 0.009596581196581197), (0, 0, 0), (0, 0, 0), (0, 0, 0)]","[(4011, 67.09933333333333, 10.099616666666666), (16099, 51.900000000000006, 6.188405555555555), (32202, 58.2, 11.630403418803418), (4026, 67.1, 10.11), (16105, 51.900000000000006, 6.1899999999999995), (32212, 58.2, 11.639999999999999)]","[0, 0, 0, 0, 0, 0]","[0, 0, 0, 0, 0, 0]"
435,"[15.388433854554481, 10.701061466304616, 7.417292533051952, 0.0, 0.0, 0.0]","[5, 5, 6, 0, 0, 0]","[370.20936206293584, 647.9715669791536, 639.775240359399, 0, 0, 0]","[3658.7906379370643, 7454.028433020846, 15471.224759640601, 4029, 8102, 16111]","[4029, 8102, 16111, 4029, 8102, 16111]","[620, 867, 1195, 0, 0, 0]","[9.312838183934808, 3.7787978269305396, 1.3229183158711677, 0.0, 0.0, 0.0]","[399.9864, 649.1974666666667, 454.5547333333333, 0, 0, 0]","[0.05613333333333333, 0.013066666666666666, 0.6155999999999999, 0, 0, 0]","[0.045733333333333334, 0.0033333333333333335, 0.1330666666666667, 0, 0, 0]","[3895.0136, 16530.80253333333, 33905.44526666667, 4295, 17180, 34360]","[371.9438666666667, 359.98693333333335, 375.92440000000005, 372.0, 360.0, 376.54]","[199.95426666666665, 304.99666666666667, 266.61693333333335, 200.0, 305.0, 266.75]","[(12, 0.00055, 0.007944444444444445), (11, 0.0, 0.0017444444444444443), (9, 0.0, 0.0034444444444444444), (0, 0, 0), (0, 0, 0), (0, 0, 0)]","[(4014, 67.09944999999999, 10.102055555555555), (16094, 51.900000000000006, 6.188255555555555), (32203, 58.2, 11.636555555555555), (4026, 67.1, 10.11), (16105, 51.900000000000006, 6.1899999999999995), (32212, 58.2, 11.639999999999999)]","[0, 0, 0, 0, 0, 0]","[0, 0, 0, 0, 0, 0]"
436,"[21.64308761479275, 13.786719328560848, 6.3062503879337095, 0.0, 0.0, 0.0]","[7, 7, 5, 0, 0, 0]","[571.4321257823239, 572.5645497440493, 520.4377918446787, 0, 0, 0]","[3457.567874217676, 7529.435450255951, 15590.562208155321, 4029, 8102, 16111]","[4029, 8102, 16111, 4029, 8102, 16111]","[872, 1117, 1016, 0, 0, 0]","[4.601955762514551, 3.2775432673651532, 1.0625058207217695, 0.0, 0.0, 0.0]","[197.654, 563.0819333333333, 365.07699999999994, 0, 0, 0]","[0.009733333333333333, 0.026133333333333335, 0.5622666666666666, 0, 0, 0]","[0.004666666666666667, 0.018, 0.13506666666666667, 0, 0, 0]","[4097.346, 16616.918066666665, 33994.923, 4295, 17180, 34360]","[371.9902666666667, 359.97386666666665, 375.97773333333333, 372.0, 360.0, 376.54]","[199.99533333333332, 304.982, 266.61493333333334, 200.0, 305.0, 266.75]","[(18, 0.0002833333333333333, 0.0036666666666666657), (13, 0.0, 0.0017555555555555556), (6, 1.666666666666667e-05, 0.0029555555555555555), (0, 0, 0), (0, 0, 0), (0, 0, 0)]","[(4008, 67.09971666666667, 10.106333333333334), (16092, 51.900000000000006, 6.188244444444444), (32206, 58.199983333333336, 11.637044444444443), (4026, 67.1, 10.11), (16105, 51.900000000000006, 6.1899999999999995), (32212, 58.2, 11.639999999999999)]","[0, 0, 0, 0, 0, 0]","[0, 0, 0, 0, 0, 0]"
437,"[23.852072474559442, 12.651197235250555, 7.293153745887902, 0.0, 0.0, 0.0]","[9, 6, 5, 0, 0, 0]","[587.4386357691822, 574.2335743119655, 610.2849977398729, 0, 0, 0]","[3441.561364230818, 7527.766425688034, 15500.715002260127, 4029, 8102, 16111]","[4029, 8102, 16111, 4029, 8102, 16111]","[961, 1025, 1175, 0, 0, 0]","[5.977254171517267, 0.5330248350795499, 0.34687446643383774, 0.0, 0.0, 0.0]","[256.7230666666666, 91.57366666666667, 119.18606666666665, 0, 0, 0]","[0.018533333333333332, 0.009066666666666666, 0.025866666666666666, 0, 0, 0]","[0.0041333333333333335, 0.0002666666666666667, 0.030133333333333335, 0, 0, 0]","[4038.2769333333335, 17088.426333333333, 34240.81393333333, 4295, 17180, 34360]","[371.9814666666667, 359.9909333333333, 376.51413333333335, 372.0, 360.0, 376.54]","[199.99586666666667, 304.9997333333333, 266.7198666666667, 200.0, 305.0, 266.75]","[(24, 0.00043333333333333337, 0.003799999999999999), (11, 0.0, 0.0012777777777777776), (10, 0.003533333333333333, 0.002677777777777778), (0, 0, 0), (0, 0, 0), (0, 0, 0)]","[(4002, 67.09956666666666, 10.1062), (16094, 51.900000000000006, 6.188722222222221), (32202, 58.19646666666667, 11.63732222222222), (4026, 67.1, 10.11), (16105, 51.900000000000006, 6.1899999999999995), (32212, 58.2, 11.639999999999999)]","[0, 0, 0, 0, 0, 0]","[0, 0, 0, 0, 0, 0]"
438,"[23.25639116406056, 11.774870402369785, 9.211098007572465, 0.0, 0.0, 0.0]","[9, 6, 6, 0, 0, 0]","[600.0182008636141, 744.2477902387484, 881.5194648880276, 0, 0, 0]","[3428.981799136386, 7357.752209761252, 15229.480535111972, 4029, 8102, 16111]","[4029, 8102, 16111, 4029, 8102, 16111]","[937, 954, 1484, 0, 0, 0]","[8.39319829258828, 0.2988044237485448, 0.34356538610787735, 0.0, 0.0, 0.0]","[360.48786666666666, 51.334599999999995, 118.04906666666665, 0, 0, 0]","[0.23613333333333333, 0.008266666666666667, 0.005066666666666666, 0, 0, 0]","[0.22826666666666667, 0.008133333333333333, 0.0084, 0, 0, 0]","[3934.512133333333, 17128.6654, 34241.95093333333, 4295, 17180, 34360]","[371.7638666666667, 359.99173333333334, 376.53493333333336, 372.0, 360.0, 376.54]","[199.77173333333334, 304.9918666666667, 266.7416, 200.0, 305.0, 266.75]","[(24, 0.47108333333333335, 0.016022222222222222), (13, 1.666666666666667e-05, 0.0003611111111111111), (14, 5e-05, 0.0018777777777777777), (0, 0, 0), (0, 0, 0), (0, 0, 0)]","[(4002, 66.62891666666665, 10.093977777777777), (16092, 51.89998333333334, 6.189638888888888), (32198, 58.19995, 11.63812222222222), (4026, 67.1, 10.11), (16105, 51.900000000000006, 6.1899999999999995), (32212, 58.2, 11.639999999999999)]","[0, 0, 0, 0, 0, 0]","[0, 0, 0, 0, 0, 0]"
439,"[28.716803176966987, 15.317205628239941, 8.379368133573335, 0.0, 0.0, 0.0]","[11, 7, 5, 0, 0, 0]","[574.2639754749785, 835.678842674529, 1045.055815573974, 0, 0, 0]","[3454.7360245250215, 7266.321157325471, 15065.944184426025, 4029, 8102, 16111]","[4029, 8102, 16111, 4029, 8102, 16111]","[1157, 1241, 1350, 0, 0, 0]","[8.162264648816452, 1.2044012417539773, 0.2788449747768723, 0.0, 0.0, 0.0]","[350.5692666666666, 206.9161333333333, 95.81113333333333, 0, 0, 0]","[0.2296, 0.03146666666666667, 0.0004000000000000001, 0, 0, 0]","[0.20346666666666666, 0.05373333333333333, 0.00026666666666666673, 0, 0, 0]","[3944.4307333333336, 16973.083866666668, 34264.188866666664, 4295, 17180, 34360]","[371.7704, 359.9685333333333, 376.5396, 372.0, 360.0, 376.54]","[199.79653333333334, 304.94626666666665, 266.7497333333333, 200.0, 305.0, 266.75]","[(26, 0.00025, 0.004583333333333333), (13, 0.00013333333333333334, 0.0023333333333333335), (13, 6.666666666666667e-05, 0.001072222222222222), (0, 0, 0), (0, 0, 0), (0, 0, 0)]","[(4000, 67.09975, 10.105416666666667), (16092, 51.899866666666675, 6.187666666666666), (32199, 58.199933333333334, 11.638927777777777), (4026, 67.1, 10.11), (16105, 51.900000000000006, 6.1899999999999995), (32212, 58.2, 11.639999999999999)]","[0, 0, 0, 0, 0, 0]","[0, 0, 0, 0, 0, 0]"
440,"[26.234797716554976, 20.661565045667736, 10.266277698466887, 0.0, 0.0, 0.0]","[11, 10, 6, 0, 0, 0]","[813.4491305760698, 794.3373820102248, 1018.9459003232013, 0, 0, 0]","[3215.55086942393, 7307.662617989775, 15092.0540996768, 4029, 8102, 16111]","[4029, 8102, 16111, 4029, 8102, 16111]","[1057, 1674, 1654, 0, 0, 0]","[8.919109041521148, 2.04209351959643, 0.5954596429957314, 0.0, 0.0, 0.0]","[383.0757333333333, 350.83166666666665, 204.59993333333333, 0, 0, 0]","[0.21039999999999995, 0.026133333333333335, 0.04213333333333332, 0, 0, 0]","[0.18600000000000005, 0.037599999999999995, 0.04253333333333333, 0, 0, 0]","[3911.924266666667, 16829.168333333335, 34155.40006666667, 4295, 17180, 34360]","[371.7896, 359.97386666666665, 376.4978666666667, 372.0, 360.0, 376.54]","[199.814, 304.9624, 266.7074666666667, 200.0, 305.0, 266.75]","[(27, 0.06446666666666667, 0.027100000000000003), (19, 0.00016666666666666666, 0.0030444444444444442), (13, 0.0, 0.029833333333333333), (0, 0, 0), (0, 0, 0), (0, 0, 0)]","[(3999, 67.03553333333333, 10.082899999999999), (16086, 51.89983333333334, 6.186955555555555), (32199, 58.2, 11.610166666666666), (4026, 67.1, 10.11), (16105, 51.900000000000006, 6.1899999999999995), (32212, 58.2, 11.639999999999999)]","[0, 0, 0, 0, 0, 0]","[0, 0, 0, 0, 0, 0]"
441,"[33.680814097791014, 12.66353986669958, 12.289739929240891, 0.0, 0.0, 0.0]","[13, 7, 7, 0, 0, 0]","[934.7361316239915, 508.9443366869979, 1432.1293510765925, 0, 0, 0]","[3094.2638683760088, 7593.055663313002, 14678.870648923408, 4029, 8102, 16111]","[4029, 8102, 16111, 4029, 8102, 16111]","[1357, 1026, 1980, 0, 0, 0]","[10.258797050834303, 1.9276592937524255, 0.5095050446255337, 0.0, 0.0, 0.0]","[440.61533333333335, 331.1718666666667, 175.06593333333336, 0, 0, 0]","[0.2156, 0.03373333333333333, 0.022266666666666664, 0, 0, 0]","[0.194, 0.04226666666666667, 0.0036, 0, 0, 0]","[3854.384666666667, 16848.828133333333, 34184.93406666667, 4295, 17180, 34360]","[371.7844, 359.9662666666667, 376.51773333333335, 372.0, 360.0, 376.54]","[199.806, 304.95773333333335, 266.7464, 200.0, 305.0, 266.75]","[(32, 0.0013333333333333333, 0.007416666666666666), (13, 3.333333333333334e-05, 0.003061111111111111), (16, 5e-05, 0.0044666666666666665), (0, 0, 0), (0, 0, 0), (0, 0, 0)]","[(3994, 67.09866666666666, 10.102583333333333), (16092, 51.89996666666667, 6.186938888888888), (32196, 58.19995, 11.635533333333331), (4026, 67.1, 10.11), (16105, 51.900000000000006, 6.1899999999999995), (32212, 58.2, 11.639999999999999)]","[0, 0, 0, 0, 0, 0]","[0, 0, 0, 0, 0, 0]"
442,"[30.652767436088357, 16.53912614169341, 13.21457389361306, 0.0, 0.0, 0.0]","[11, 8, 8, 0, 0, 0]","[803.2107571756085, 546.2076268537159, 1227.0738989025735, 0, 0, 0]","[3225.7892428243913, 7555.792373146284, 14883.926101097426, 4029, 8102, 16111]","[4029, 8102, 16111, 4029, 8102, 16111]","[1235, 1340, 2129, 0, 0, 0]","[4.616147458284828, 2.0398117966627862, 1.1071336825766394, 0.0, 0.0, 0.0]","[198.26353333333336, 350.43966666666665, 380.4111333333333, 0, 0, 0]","[0.19933333333333333, 0.023866666666666665, 0.024399999999999998, 0, 0, 0]","[0.1869333333333333, 0.03506666666666667, 0.053066666666666665, 0, 0, 0]","[4096.736466666666, 16829.560333333335, 33979.588866666665, 4295, 17180, 34360]","[371.80066666666664, 359.97613333333334, 376.5156, 372.0, 360.0, 376.54]","[199.81306666666666, 304.9649333333333, 266.69693333333333, 200.0, 305.0, 266.75]","[(25, 0.0, 0.004533333333333333), (14, 8.333333333333334e-05, 0.0031999999999999993), (18, 0.00015, 0.004188888888888889), (0, 0, 0), (0, 0, 0), (0, 0, 0)]","[(4001, 67.1, 10.105466666666667), (16091, 51.89991666666667, 6.1868), (32194, 58.199850000000005, 11.63581111111111), (4026, 67.1, 10.11), (16105, 51.900000000000006, 6.1899999999999995), (32212, 58.2, 11.639999999999999)]","[0, 0, 0, 0, 0, 0]","[0, 0, 0, 0, 0, 0]"
443,"[32.39017125837677, 13.786719328560848, 16.138042331326425, 0.0, 0.0, 0.0]","[11, 7, 10, 0, 0, 0]","[682.3723143084915, 835.2116127116575, 1143.3665339701547, 0, 0, 0]","[3346.6276856915083, 7266.788387288342, 14967.633466029845, 4029, 8102, 16111]","[4029, 8102, 16111, 4029, 8102, 16111]","[1305, 1117, 2600, 0, 0, 0]","[6.439046953822275, 1.1296352347691112, 3.097498835855646, 0.0, 0.0, 0.0]","[276.5570666666667, 194.0713333333333, 1064.3006, 0, 0, 0]","[0.020266666666666665, 0.029333333333333336, 1.2525333333333335, 0, 0, 0]","[0.008, 0.04133333333333333, 0.4685333333333333, 0, 0, 0]","[4018.4429333333333, 16985.928666666667, 33295.6994, 4295, 17180, 34360]","[371.97973333333334, 359.97066666666666, 375.28746666666666, 372.0, 360.0, 376.54]","[199.992, 304.95866666666666, 266.2814666666667, 200.0, 305.0, 266.75]","[(26, 0.0, 0.0733388888888889), (11, 0.0012833333333333332, 0.009161111111111111), (22, 0.14626666666666666, 0.4665333333333333), (0, 0, 0), (0, 0, 0), (0, 0, 0)]","[(4000, 67.1, 10.03666111111111), (16094, 51.89871666666667, 6.180838888888888), (32190, 58.053733333333334, 11.173466666666666), (4026, 67.1, 10.11), (16105, 51.900000000000006, 6.1899999999999995), (32212, 58.2, 11.639999999999999)]","[0, 0, 0, 0, 0, 0]","[0, 0, 0, 0, 0, 0]"
444,"[27.450980392156865, 20.476425573932364, 12.593879957792812, 0.0, 0.0, 0.0]","[9, 10, 8, 0, 0, 0]","[680.0701090756315, 652.6562270920006, 956.9723603548939, 0, 0, 0]","[3348.9298909243685, 7449.343772908, 15154.027639645106, 4029, 8102, 16111]","[4029, 8102, 16111, 4029, 8102, 16111]","[1106, 1659, 2029, 0, 0, 0]","[7.568197128443928, 3.0564924330617, 2.1509547923942565, 0.0, 0.0, 0.0]","[325.0540666666667, 525.1054, 739.0680666666666, 0, 0, 0]","[0.012400000000000001, 0.6402666666666665, 0.8569333333333334, 0, 0, 0]","[0.019733333333333332, 0.5062666666666666, 0.3068, 0, 0, 0]","[3969.9459333333334, 16654.8946, 33620.93193333333, 4295, 17180, 34360]","[371.9876, 359.35973333333334, 375.68306666666666, 372.0, 360.0, 376.54]","[199.98026666666667, 304.49373333333335, 266.4432, 200.0, 305.0, 266.75]","[(21, 0.0002833333333333333, 0.0038666666666666667), (16, 0.0030999999999999995, 0.07471666666666665), (18, 0.005199999999999999, 0.2293555555555556), (0, 0, 0), (0, 0, 0), (0, 0, 0)]","[(4005, 67.09971666666667, 10.106133333333332), (16089, 51.8969, 6.115283333333333), (32194, 58.1948, 11.410644444444443), (4026, 67.1, 10.11), (16105, 51.900000000000006, 6.1899999999999995), (32212, 58.2, 11.639999999999999)]","[0, 0, 0, 0, 0, 0]","[0, 0, 0, 0, 0, 0]"
445,"[28.22040208488459, 11.78721303381881, 14.989758550058966, 0.0, 0.0, 0.0]","[10, 6, 9, 0, 0, 0]","[586.9285911056251, 713.0913033312904, 1559.221324090448, 0, 0, 0]","[3442.071408894375, 7388.90869666871, 14551.778675909552, 4029, 8102, 16111]","[4029, 8102, 16111, 4029, 8102, 16111]","[1137, 955, 2415, 0, 0, 0]","[8.45931703531238, 2.0156744276290257, 2.1499351959642996, 0.0, 0.0, 0.0]","[363.3276666666667, 346.29286666666667, 738.7177333333334, 0, 0, 0]","[0.03, 0.4366666666666667, 0.9893333333333332, 0, 0, 0]","[0.007333333333333334, 0.3616, 0.3392, 0, 0, 0]","[3931.6723333333334, 16833.707133333333, 33621.28226666667, 4295, 17180, 34360]","[371.97, 359.56333333333333, 375.5506666666667, 372.0, 360.0, 376.54]","[199.99266666666668, 304.6384, 266.4108, 200.0, 305.0, 266.75]","[(23, 6.666666666666667e-05, 0.005355555555555555), (11, 0.00024999999999999995, 0.058316666666666676), (21, 0.0005, 0.2924944444444444), (0, 0, 0), (0, 0, 0), (0, 0, 0)]","[(4003, 67.09993333333333, 10.104644444444444), (16094, 51.899750000000004, 6.131683333333333), (32191, 58.1995, 11.347505555555554), (4026, 67.1, 10.11), (16105, 51.900000000000006, 6.1899999999999995), (32212, 58.2, 11.639999999999999)]","[0, 0, 0, 0, 0, 0]","[0, 0, 0, 0, 0, 0]"
446,"[34.32613551749814, 16.65020982473463, 13.524920861523182, 0.0, 0.0, 0.0]","[12, 8, 8, 0, 0, 0]","[485.62501627778977, 1150.6980619861083, 977.01969341169, 0, 0, 0]","[3543.3749837222103, 6951.301938013892, 15133.98030658831, 4029, 8102, 16111]","[4029, 8102, 16111, 4029, 8102, 16111]","[1383, 1349, 2179, 0, 0, 0]","[17.402932091579352, 4.800416763678696, 1.3927227396197126, 0.0, 0.0, 0.0]","[747.4559333333332, 824.7116, 478.5395333333332, 0, 0, 0]","[0.04733333333333334, 0.43573333333333325, 1.2001333333333333, 0, 0, 0]","[0.019733333333333335, 0.37106666666666666, 0.39093333333333335, 0, 0, 0]","[3547.544066666667, 16355.2884, 33881.460466666664, 4295, 17180, 34360]","[371.9526666666667, 359.56426666666664, 375.3398666666667, 372.0, 360.0, 376.54]","[199.98026666666667, 304.62893333333335, 266.35906666666665, 200.0, 305.0, 266.75]","[(28, 1.666666666666667e-05, 0.006238888888888889), (15, 0.00011666666666666667, 0.05552222222222223), (18, 0.00016666666666666666, 0.3772888888888889), (0, 0, 0), (0, 0, 0), (0, 0, 0)]","[(3998, 67.09998333333333, 10.10376111111111), (16090, 51.89988333333334, 6.134477777777778), (32194, 58.19983333333334, 11.26271111111111), (4026, 67.1, 10.11), (16105, 51.900000000000006, 6.1899999999999995), (32212, 58.2, 11.639999999999999)]","[0, 0, 0, 0, 0, 0]","[0, 0, 0, 0, 0, 0]"
447,"[26.6319185902209, 24.89508763268329, 8.044193408230402, 0.0, 0.0, 0.0]","[9, 12, 5, 0, 0, 0]","[439.6430139725623, 1027.213622505466, 742.6315492148312, 0, 0, 0]","[3589.356986027438, 7074.7863774945345, 15368.368450785169, 4029, 8102, 16111]","[4029, 8102, 16111, 4029, 8102, 16111]","[1073, 2017, 1296, 0, 0, 0]","[9.867234769111368, 5.660011253395422, 0.603092937524253, 0.0, 0.0, 0.0]","[423.79773333333327, 972.3899333333334, 207.2227333333333, 0, 0, 0]","[0.05413333333333334, 0.454, 0.0015999999999999999, 0, 0, 0]","[0.012933333333333333, 0.39453333333333335, 0.0056, 0, 0, 0]","[3871.2022666666667, 16207.610066666666, 34152.777266666664, 4295, 17180, 34360]","[371.9458666666667, 359.546, 376.5384, 372.0, 360.0, 376.54]","[199.98706666666666, 304.60546666666664, 266.7444, 200.0, 305.0, 266.75]","[(21, 0.0, 0.00608888888888889), (25, 0.05704999999999999, 0.06915555555555555), (10, 0.0004166666666666667, 0.0031999999999999997), (0, 0, 0), (0, 0, 0), (0, 0, 0)]","[(4005, 67.1, 10.10391111111111), (16080, 51.84295000000001, 6.120844444444444), (32202, 58.19958333333334, 11.6368), (4026, 67.1, 10.11), (16105, 51.900000000000006, 6.1899999999999995), (32212, 58.2, 11.639999999999999)]","[0, 0, 0, 0, 0, 0]","[0, 0, 0, 0, 0, 0]"
448,"[21.618267560188634, 23.142433966921747, 13.531127800881384, 0.0, 0.0, 0.0]","[7, 11, 8, 0, 0, 0]","[235.70996227832242, 1011.8532057233298, 1371.8667950232696, 0, 0, 0]","[3793.2900377216774, 7090.14679427667, 14739.13320497673, 4029, 8102, 16111]","[4029, 8102, 16111, 4029, 8102, 16111]","[871, 1875, 2180, 0, 0, 0]","[6.707678696158323, 6.717459837019788, 0.47873088863019014, 0.0, 0.0, 0.0]","[288.09479999999996, 1154.0595999999998, 164.49193333333332, 0, 0, 0]","[0.045200000000000004, 0.44266666666666665, 0.021733333333333334, 0, 0, 0]","[0.0124, 0.37053333333333327, 0.006266666666666667, 0, 0, 0]","[4006.9052, 16025.9404, 34195.50806666667, 4295, 17180, 34360]","[371.9548, 359.55733333333336, 376.5182666666667, 372.0, 360.0, 376.54]","[199.9876, 304.62946666666664, 266.74373333333335, 200.0, 305.0, 266.75]","[(17, 0.0, 0.003883333333333333), (26, 0.03358333333333333, 0.06348333333333332), (19, 0.0, 0.004027777777777778), (0, 0, 0), (0, 0, 0), (0, 0, 0)]","[(4009, 67.1, 10.106116666666667), (16079, 51.86641666666667, 6.126516666666666), (32193, 58.2, 11.635972222222222), (4026, 67.1, 10.11), (16105, 51.900000000000006, 6.1899999999999995), (32212, 58.2, 11.639999999999999)]","[0, 0, 0, 0, 0, 0]","[0, 0, 0, 0, 0, 0]"
449,"[15.785554728220403, 28.758331276228095, 16.243560300415865, 0.0, 0.0, 0.0]","[5, 13, 9, 0, 0, 0]","[494.0524801429141, 1293.009480155664, 1607.6178009769847, 0, 0, 0]","[3534.947519857086, 6808.990519844336, 14503.382199023015, 4029, 8102, 16111]","[4029, 8102, 16111, 4029, 8102, 16111]","[636, 2330, 2617, 0, 0, 0]","[2.3782972448583624, 4.525184710904153, 1.2546362048894062, 0.0, 0.0, 0.0]","[102.14786666666667, 777.4267333333335, 431.09299999999996, 0, 0, 0]","[0.027200000000000002, 0.049466666666666666, 0.6144, 0, 0, 0]","[0.0005333333333333334, 0.043866666666666665, 0.10706666666666667, 0, 0, 0]","[4192.852133333334, 16402.573266666666, 33928.907, 4295, 17180, 34360]","[371.9728, 359.95053333333334, 375.92560000000003, 372.0, 360.0, 376.54]","[199.99946666666668, 304.95613333333336, 266.64293333333336, 200.0, 305.0, 266.75]","[(12, 0.0, 0.0032999999999999995), (34, 0.049566666666666655, 0.014044444444444443), (19, 0.0, 0.005683333333333334), (0, 0, 0), (0, 0, 0), (0, 0, 0)]","[(4014, 67.1, 10.1067), (16071, 51.85043333333334, 6.175955555555555), (32193, 58.2, 11.634316666666665), (4026, 67.1, 10.11), (16105, 51.900000000000006, 6.1899999999999995), (32212, 58.2, 11.639999999999999)]","[0, 0, 0, 0, 0, 0]","[0, 0, 0, 0, 0, 0]"
450,"[23.653512037726482, 21.52554924709948, 19.01806219353237, 0.0, 0.0, 0.0]","[8, 10, 11, 0, 0, 0]","[429.01268933037716, 1192.0293081243678, 1235.4158616901248, 0, 0, 0]","[3599.9873106696227, 6909.970691875632, 14875.584138309876, 4029, 8102, 16111]","[4029, 8102, 16111, 4029, 8102, 16111]","[953, 1744, 3064, 0, 0, 0]","[9.980124175397751, 3.6368835855646098, 1.4264194800155217, 0.0, 0.0, 0.0]","[428.6463333333334, 624.8166, 490.11773333333326, 0, 0, 0]","[0.027866666666666668, 0.03693333333333333, 0.6303999999999998, 0, 0, 0]","[0.017066666666666667, 0.02946666666666667, 0.11026666666666668, 0, 0, 0]","[3866.3536666666664, 16555.1834, 33869.88226666667, 4295, 17180, 34360]","[371.9721333333333, 359.9630666666667, 375.9096, 372.0, 360.0, 376.54]","[199.98293333333334, 304.9705333333333, 266.6397333333333, 200.0, 305.0, 266.75]","[(18, 0.06151666666666666, 0.038688888888888884), (27, 0.05548333333333332, 0.009588888888888888), (22, 5e-05, 0.01195), (0, 0, 0), (0, 0, 0), (0, 0, 0)]","[(4008, 67.03848333333333, 10.071311111111111), (16078, 51.84451666666667, 6.180411111111111), (32190, 58.19995, 11.628049999999998), (4026, 67.1, 10.11), (16105, 51.900000000000006, 6.1899999999999995), (32212, 58.2, 11.639999999999999)]","[0, 0, 0, 0, 0, 0]","[0, 0, 0, 0, 0, 0]"
451,"[20.153884338545545, 23.488027647494448, 16.237353361057664, 0.0, 0.0, 0.0]","[7, 11, 9, 0, 0, 0]","[618.1136591876701, 557.26999948298, 1212.2464039565543, 0, 0, 0]","[3410.8863408123298, 7544.73000051702, 14898.753596043445, 4029, 8102, 16111]","[4029, 8102, 16111, 4029, 8102, 16111]","[812, 1903, 2616, 0, 0, 0]","[7.720810244470315, 2.3793096623981373, 0.5655799379123012, 0.0, 0.0, 0.0]","[331.60880000000003, 408.7654, 194.3332666666667, 0, 0, 0]","[0.0096, 0.2517333333333333, 0.02333333333333333, 0, 0, 0]","[0.0017333333333333335, 0.2386666666666667, 0.0024000000000000002, 0, 0, 0]","[3963.3912, 16771.2346, 34165.66673333333, 4295, 17180, 34360]","[371.9904, 359.74826666666667, 376.5166666666667, 372.0, 360.0, 376.54]","[199.99826666666667, 304.7613333333333, 266.7476, 200.0, 305.0, 266.75]","[(15, 0.02943333333333333, 0.027399999999999994), (27, 0.0335, 0.009683333333333334), (18, 0.0, 0.003855555555555555), (0, 0, 0), (0, 0, 0), (0, 0, 0)]","[(4011, 67.07056666666666, 10.0826), (16078, 51.86650000000001, 6.180316666666666), (32194, 58.2, 11.636144444444444), (4026, 67.1, 10.11), (16105, 51.900000000000006, 6.1899999999999995), (32212, 58.2, 11.639999999999999)]","[0, 0, 0, 0, 0, 0]","[0, 0, 0, 0, 0, 0]"
452,"[23.38049143708116, 11.972352505554184, 17.88839923033952, 0.0, 0.0, 0.0]","[7, 6, 11, 0, 0, 0]","[590.0921508511698, 569.7732960094706, 2304.724679025549, 0, 0, 0]","[3438.9078491488303, 7532.226703990529, 13806.275320974451, 4029, 8102, 16111]","[4029, 8102, 16111, 4029, 8102, 16111]","[942, 970, 2882, 0, 0, 0]","[11.188610011641442, 1.5871416375630578, 3.3580376406674426, 0.0, 0.0, 0.0]","[480.5507999999999, 272.6709333333333, 1153.8217333333332, 0, 0, 0]","[0.010533333333333334, 0.21506666666666666, 0.22866666666666668, 0, 0, 0]","[0.002, 0.20573333333333332, 1.4952, 0, 0, 0]","[3814.4492, 16907.329066666665, 33206.17826666667, 4295, 17180, 34360]","[371.98946666666666, 359.78493333333336, 376.3113333333334, 372.0, 360.0, 376.54]","[199.998, 304.79426666666666, 265.2548, 200.0, 305.0, 266.75]","[(16, 0.030383333333333335, 0.04574444444444445), (14, 0.0, 0.004994444444444445), (24, 0.0, 0.0285465811965812), (0, 0, 0), (0, 0, 0), (0, 0, 0)]","[(4010, 67.06961666666666, 10.064255555555555), (16091, 51.900000000000006, 6.185005555555555), (32188, 58.2, 11.611453418803418), (4026, 67.1, 10.11), (16105, 51.900000000000006, 6.1899999999999995), (32212, 58.2, 11.639999999999999)]","[0, 0, 0, 0, 0, 0]","[2, 0, 2, 0, 0, 0]"
453,"[29.238024323653512, 14.206368797827698, 19.402892433740924, 0.0, 0.0, 0.0]","[9, 7, 12, 0, 0, 0]","[880.7885590110192, 624.2861194580888, 1375.799964171334, 0, 0, 0]","[3148.211440988981, 7477.713880541911, 14735.200035828666, 4029, 8102, 16111]","[4029, 8102, 16111, 4029, 8102, 16111]","[1178, 1151, 3126, 0, 0, 0]","[7.664839736127281, 1.2855289095847886, 3.0227303065580133, 0.0, 0.0, 0.0]","[329.2048666666667, 220.85386666666668, 1038.6101333333334, 0, 0, 0]","[0.056400000000000006, 0.1909333333333333, 0.17213333333333333, 0, 0, 0]","[0.05079999999999999, 0.1830666666666667, 0.7795999999999998, 0, 0, 0]","[3965.795133333333, 16959.14613333333, 33321.389866666665, 4295, 17180, 34360]","[371.9436, 359.8090666666667, 376.3678666666667, 372.0, 360.0, 376.54]","[199.9492, 304.81693333333334, 265.9704, 200.0, 305.0, 266.75]","[(16, 0.0012, 0.06429102564102564), (13, 8.333333333333333e-05, 0.003472222222222222), (27, 0.0, 0.02656666666666667), (0, 0, 0), (0, 0, 0), (0, 0, 0)]","[(4010, 67.0988, 10.045708974358973), (16092, 51.89991666666667, 6.186527777777777), (32185, 58.2, 11.613433333333331), (4026, 67.1, 10.11), (16105, 51.900000000000006, 6.1899999999999995), (32212, 58.2, 11.639999999999999)]","[0, 0, 0, 0, 0, 0]","[2, 0, 2, 0, 0, 0]"
454,"[31.322908910399605, 16.14416193532461, 14.29458134194029, 0.0, 0.0, 0.0]","[10, 6, 9, 0, 0, 0]","[764.1378530214603, 893.4492192242177, 926.6512461831257, 0, 0, 0]","[3264.86214697854, 7208.550780775782, 15184.348753816874, 4029, 8102, 16111]","[4029, 8102, 16111, 4029, 8102, 16111]","[1262, 1308, 2303, 0, 0, 0]","[7.773674815677143, 1.195756305781917, 6.000334303453628, 0.0, 0.0, 0.0]","[333.8793333333333, 205.43093333333334, 2061.7148666666667, 0, 0, 0]","[0.05146666666666667, 0.19560000000000002, 0.36106666666666665, 0, 0, 0]","[0.04266666666666666, 0.186, 0.6228000000000001, 0, 0, 0]","[3961.1206666666667, 16974.569066666667, 32298.285133333335, 4295, 17180, 34360]","[371.94853333333333, 359.8044, 376.17893333333336, 372.0, 360.0, 376.54]","[199.95733333333334, 304.814, 266.1272, 200.0, 305.0, 266.75]","[(16, 0.0, 0.05891666666666667), (12, 0.0, 0.0031611111111111106), (23, 0.0, 0.014716666666666666), (0, 0, 0), (0, 0, 0), (0, 0, 0)]","[(4010, 67.1, 10.051083333333333), (16093, 51.900000000000006, 6.1868388888888886), (32189, 58.2, 11.625283333333332), (4026, 67.1, 10.11), (16105, 51.900000000000006, 6.1899999999999995), (32212, 58.2, 11.639999999999999)]","[0, 2, 0, 0, 0, 0]","[2, 0, 2, 0, 0, 0]"
455,"[35.2692975924547, 19.74821031843989, 6.629011234560238, 0.0, 0.0, 0.0]","[11, 8, 4, 0, 0, 0]","[838.8186773861291, 653.9141971681963, 488.7183831426638, 0, 0, 0]","[3190.181322613871, 7448.085802831803, 15622.281616857335, 4029, 8102, 16111]","[4029, 8102, 16111, 4029, 8102, 16111]","[1421, 1600, 1068, 0, 0, 0]","[9.641311602638728, 1.3997132324408228, 3.7119208381839344, 0.0, 0.0, 0.0]","[414.09433333333334, 240.47073333333336, 1275.416, 0, 0, 0]","[0.05026666666666667, 0.21053333333333335, 0.0004, 0, 0, 0]","[0.06346666666666666, 0.1924, 0.0017333333333333335, 0, 0, 0]","[3880.9056666666665, 16939.52926666667, 33084.584, 4295, 17180, 34360]","[371.9497333333333, 359.78946666666667, 376.5396, 372.0, 360.0, 376.54]","[199.93653333333333, 304.8076, 266.74826666666667, 200.0, 305.0, 266.75]","[(18, 0.00031666666666666665, 0.06090555555555555), (18, 0.0, 0.004905555555555555), (11, 0.0, 0.0013333333333333333), (0, 0, 0), (0, 0, 0), (0, 0, 0)]","[(4008, 67.09968333333333, 10.049094444444444), (16087, 51.900000000000006, 6.185094444444444), (32201, 58.2, 11.638666666666666), (4026, 67.1, 10.11), (16105, 51.900000000000006, 6.1899999999999995), (32212, 58.2, 11.639999999999999)]","[0, 2, 0, 0, 0, 0]","[2, 0, 2, 0, 0, 0]"
456,"[27.053859518490942, 20.501110836830414, 8.906957979020545, 0.0, 0.0, 0.0]","[8, 9, 5, 0, 0, 0]","[550.3809693257715, 1150.682188527579, 751.5064140869142, 0, 0, 0]","[3478.6190306742283, 6951.317811472421, 15359.493585913086, 4029, 8102, 16111]","[4029, 8102, 16111, 4029, 8102, 16111]","[1090, 1661, 1435, 0, 0, 0]","[9.250748932867674, 4.2174772991850995, 4.577341482343811, 0.0, 0.0, 0.0]","[397.31966666666665, 724.5626000000001, 1572.7745333333335, 0, 0, 0]","[0.042666666666666665, 0.20706666666666668, 1.201466666666667, 0, 0, 0]","[0.05493333333333333, 0.21759999999999996, 0.3886666666666666, 0, 0, 0]","[3897.6803333333332, 16455.4374, 32787.22546666666, 4295, 17180, 34360]","[371.95733333333334, 359.79293333333334, 375.3385333333334, 372.0, 360.0, 376.54]","[199.94506666666666, 304.7824, 266.36133333333333, 200.0, 305.0, 266.75]","[(15, 0.0012666666666666666, 0.06242777777777778), (23, 6.666666666666667e-05, 0.0041444444444444445), (10, 0.011550000000000001, 0.43244444444444446), (0, 0, 0), (0, 0, 0), (0, 0, 0)]","[(4011, 67.09873333333333, 10.047572222222222), (16082, 51.89993333333334, 6.185855555555555), (32202, 58.18845, 11.207555555555555), (4026, 67.1, 10.11), (16105, 51.900000000000006, 6.1899999999999995), (32212, 58.2, 11.639999999999999)]","[0, 0, 0, 0, 0, 0]","[0, 0, 0, 0, 0, 0]"
457,"[19.45892280963018, 24.512466057763515, 8.82006082800571, 0.0, 0.0, 0.0]","[6, 10, 5, 0, 0, 0]","[277.7201170404719, 1034.4243994203407, 1201.9990713734164, 0, 0, 0]","[3751.279882959528, 7067.575600579659, 14909.000928626583, 4029, 8102, 16111]","[4029, 8102, 16111, 4029, 8102, 16111]","[784, 1986, 1421, 0, 0, 0]","[8.17858595265813, 9.746451688009312, 1.0447041133100503, 0.0, 0.0, 0.0]","[351.2702666666667, 1674.4404, 358.9603333333333, 0, 0, 0]","[0.06546666666666667, 0.029066666666666664, 0.8641333333333334, 0, 0, 0]","[0.05146666666666666, 0.03, 0.2786666666666667, 0, 0, 0]","[3943.729733333333, 15505.5596, 34001.039666666664, 4295, 17180, 34360]","[371.9345333333333, 359.97093333333333, 375.6758666666667, 372.0, 360.0, 376.54]","[199.94853333333333, 304.97, 266.47133333333335, 200.0, 305.0, 266.75]","[(12, 6.666666666666667e-05, 0.061000000000000006), (25, 1.666666666666667e-05, 0.004172222222222222), (10, 1.666666666666667e-05, 0.2285111111111111), (0, 0, 0), (0, 0, 0), (0, 0, 0)]","[(4014, 67.09993333333333, 10.049), (16080, 51.89998333333334, 6.185827777777777), (32202, 58.199983333333336, 11.411488888888888), (4026, 67.1, 10.11), (16105, 51.900000000000006, 6.1899999999999995), (32212, 58.2, 11.639999999999999)]","[0, 0, 0, 0, 0, 0]","[0, 0, 0, 0, 0, 0]"
458,"[24.075452965996526, 19.427301900765244, 15.629073303953819, 0.0, 0.0, 0.0]","[7, 9, 9, 0, 0, 0]","[576.7817232929588, 1230.3171786611347, 1523.089320945908, 0, 0, 0]","[3452.2182767070412, 6871.682821338865, 14587.910679054092, 4029, 8102, 16111]","[4029, 8102, 16111, 4029, 8102, 16111]","[970, 1574, 2518, 0, 0, 0]","[3.8603616608459457, 9.658716336825766, 2.8096187427240977, 0.0, 0.0, 0.0]","[165.80253333333337, 1659.3674666666666, 965.385, 0, 0, 0]","[0.06533333333333333, 0.030666666666666672, 1.0178666666666665, 0, 0, 0]","[0.05093333333333333, 0.04493333333333333, 0.34253333333333325, 0, 0, 0]","[4129.1974666666665, 15520.632533333333, 33394.615, 4295, 17180, 34360]","[371.93466666666666, 359.96933333333334, 375.52213333333333, 372.0, 360.0, 376.54]","[199.94906666666665, 304.95506666666665, 266.40746666666666, 200.0, 305.0, 266.75]","[(11, 3.3333333333333335e-05, 0.057229914529914515), (21, 3.3333333333333335e-05, 0.006988888888888888), (18, 0.0001, 0.2905888888888889), (0, 0, 0), (0, 0, 0), (0, 0, 0)]","[(4015, 67.09996666666666, 10.052770085470085), (16084, 51.89996666666667, 6.183011111111111), (32194, 58.1999, 11.34941111111111), (4026, 67.1, 10.11), (16105, 51.900000000000006, 6.1899999999999995), (32212, 58.2, 11.639999999999999)]","[0, 0, 0, 0, 0, 0]","[0, 0, 0, 0, 0, 0]"
459,"[28.19558203028047, 21.11824240928166, 15.97666190801316, 0.0, 0.0, 0.0]","[8, 10, 9, 0, 0, 0]","[825.7741614494317, 1087.616080951125, 1478.2246316600636, 0, 0, 0]","[3203.2258385505684, 7014.383919048875, 14632.775368339937, 4029, 8102, 16111]","[4029, 8102, 16111, 4029, 8102, 16111]","[1136, 1711, 2574, 0, 0, 0]","[4.908113310050447, 7.278864959254948, 2.117638145129996, 0.0, 0.0, 0.0]","[210.80346666666668, 1250.509, 727.6204666666666, 0, 0, 0]","[0.060399999999999995, 0.019333333333333334, 0.036533333333333334, 0, 0, 0]","[0.044933333333333325, 0.04533333333333333, 0.021599999999999998, 0, 0, 0]","[4084.1965333333333, 15929.491, 33632.37953333333, 4295, 17180, 34360]","[371.9396, 359.98066666666665, 376.50346666666667, 372.0, 360.0, 376.54]","[199.95506666666665, 304.95466666666664, 266.7284, 200.0, 305.0, 266.75]","[(12, 0.0, 0.05727777777777778), (21, 0.0012166666666666667, 0.007588888888888889), (16, 0.0, 0.0035277777777777772), (0, 0, 0), (0, 0, 0), (0, 0, 0)]","[(4014, 67.1, 10.052722222222222), (16084, 51.89878333333334, 6.182411111111111), (32196, 58.2, 11.63647222222222), (4026, 67.1, 10.11), (16105, 51.900000000000006, 6.1899999999999995), (32212, 58.2, 11.639999999999999)]","[0, 0, 0, 0, 0, 0]","[0, 0, 0, 0, 0, 0]"
460,"[30.75204765450484, 17.711676129350778, 15.753212091117868, 0.0, 0.0, 0.0]","[9, 8, 9, 0, 0, 0]","[777.4524649794821, 878.1731616674463, 521.2189563886693, 0, 0, 0]","[3251.547535020518, 7223.826838332554, 15589.78104361133, 4029, 8102, 16111]","[4029, 8102, 16111, 4029, 8102, 16111]","[1239, 1435, 2538, 0, 0, 0]","[5.03628249902988, 5.6065277454404345, 1.914953240201785, 0.0, 0.0, 0.0]","[216.30833333333334, 963.2014666666666, 657.9779333333333, 0, 0, 0]","[0.0636, 0.02973333333333333, 0.04933333333333333, 0, 0, 0]","[0.029733333333333334, 0.037866666666666667, 0.035733333333333325, 0, 0, 0]","[4078.6916666666666, 16216.798533333333, 33702.022066666665, 4295, 17180, 34360]","[371.9364, 359.97026666666665, 376.4906666666667, 372.0, 360.0, 376.54]","[199.97026666666667, 304.9621333333333, 266.7142666666667, 200.0, 305.0, 266.75]","[(15, 0.00011666666666666667, 0.055794444444444445), (15, 0.0004833333333333333, 0.00335), (19, 0.0, 0.0034), (0, 0, 0), (0, 0, 0), (0, 0, 0)]","[(4011, 67.09988333333332, 10.054205555555555), (16090, 51.89951666666667, 6.186649999999999), (32193, 58.2, 11.6366), (4026, 67.1, 10.11), (16105, 51.900000000000006, 6.1899999999999995), (32212, 58.2, 11.639999999999999)]","[0, 0, 0, 0, 0, 0]","[0, 0, 0, 0, 0, 0]"
461,"[28.270042194092827, 21.229326092322882, 10.303519334616102, 0.0, 0.0, 0.0]","[7, 9, 6, 0, 0, 0]","[459.47742692222926, 934.130532326825, 910.4205441330253, 0, 0, 0]","[3569.5225730777706, 7167.869467673175, 15200.579455866975, 4029, 8102, 16111]","[4029, 8102, 16111, 4029, 8102, 16111]","[1139, 1720, 1660, 0, 0, 0]","[4.297777260380287, 3.444622429181219, 0.471103996895615, 0.0, 0.0, 0.0]","[184.58953333333335, 591.7861333333334, 161.8713333333333, 0, 0, 0]","[0.002933333333333333, 1.2837333333333334, 0.011866666666666666, 0, 0, 0]","[0.014666666666666665, 1.3001333333333336, 0.012400000000000001, 0, 0, 0]","[4110.410466666666, 16588.213866666665, 34198.128666666664, 4295, 17180, 34360]","[371.9970666666667, 358.7162666666667, 376.52813333333336, 372.0, 360.0, 376.54]","[199.98533333333333, 303.69986666666665, 266.7376, 200.0, 305.0, 266.75]","[(12, 6.666666666666667e-05, 0.0015), (16, 0.0008999999999999999, 0.0034500000000000004), (15, 0.0, 0.0016333333333333334), (0, 0, 0), (0, 0, 0), (0, 0, 0)]","[(4014, 67.09993333333333, 10.1085), (16089, 51.899100000000004, 6.1865499999999995), (32197, 58.2, 11.638366666666666), (4026, 67.1, 10.11), (16105, 51.900000000000006, 6.1899999999999995), (32212, 58.2, 11.639999999999999)]","[0, 0, 0, 0, 0, 0]","[0, 0, 0, 0, 0, 0]"
462,"[16.306775874906926, 21.155270303628733, 13.140090621314629, 0.0, 0.0, 0.0]","[5, 9, 8, 0, 0, 0]","[334.4788889020356, 1044.2767389813298, 1308.041819652347, 0, 0, 0]","[3694.5211110979644, 7057.72326101867, 14802.958180347654, 4029, 8102, 16111]","[4029, 8102, 16111, 4029, 8102, 16111]","[657, 1714, 2117, 0, 0, 0]","[3.1849421808304226, 2.0016589057043075, 0.4583845556849048, 0.0, 0.0, 0.0]","[136.79326666666665, 343.885, 157.5009333333333, 0, 0, 0]","[0.0008, 0.0572, 0.012400000000000001, 0, 0, 0]","[0.0016, 0.03346666666666667, 0.0026666666666666666, 0, 0, 0]","[4158.206733333333, 16836.115, 34202.49906666666, 4295, 17180, 34360]","[371.9992, 359.9428, 376.5276, 372.0, 360.0, 376.54]","[199.9984, 304.96653333333336, 266.74733333333336, 200.0, 305.0, 266.75]","[(10, 1.666666666666667e-05, 0.001388888888888889), (18, 0.49735, 0.02495), (20, 0.003533333333333333, 0.002288888888888889), (0, 0, 0), (0, 0, 0), (0, 0, 0)]","[(4016, 67.09998333333333, 10.108611111111111), (16087, 51.40265000000001, 6.16505), (32192, 58.19646666666667, 11.63771111111111), (4026, 67.1, 10.11), (16105, 51.900000000000006, 6.1899999999999995), (32212, 58.2, 11.639999999999999)]","[0, 0, 0, 0, 0, 0]","[0, 0, 0, 0, 0, 0]"
463,"[15.14023330851328, 20.982473463342384, 12.773881199180684, 0.0, 0.0, 0.0]","[4, 9, 8, 0, 0, 0]","[418.28764661888886, 894.9137274350478, 988.9778295817425, 0, 0, 0]","[3610.712353381111, 7207.086272564952, 15122.022170418257, 4029, 8102, 16111]","[4029, 8102, 16111, 4029, 8102, 16111]","[610, 1700, 2058, 0, 0, 0]","[2.4799984478075277, 2.48027667830811, 0.3550095071788902, 0.0, 0.0, 0.0]","[106.51593333333331, 426.1115333333333, 121.98126666666667, 0, 0, 0]","[1.1491999999999998, 0.025466666666666665, 0.015333333333333334, 0, 0, 0]","[1.1497333333333335, 0.010266666666666667, 0.005333333333333334, 0, 0, 0]","[4188.484066666667, 16753.888466666667, 34238.01873333333, 4295, 17180, 34360]","[370.8508, 359.97453333333334, 376.5246666666667, 372.0, 360.0, 376.54]","[198.85026666666667, 304.98973333333333, 266.74466666666666, 200.0, 305.0, 266.75]","[(8, 0.0, 0.0010222222222222221), (19, 0.0005666666666666666, 0.004388888888888888), (16, 0.0, 0.001333333333333333), (0, 0, 0), (0, 0, 0), (0, 0, 0)]","[(4018, 67.1, 10.108977777777778), (16086, 51.89943333333334, 6.18561111111111), (32196, 58.2, 11.638666666666666), (4026, 67.1, 10.11), (16105, 51.900000000000006, 6.1899999999999995), (32212, 58.2, 11.639999999999999)]","[0, 0, 0, 0, 0, 0]","[0, 0, 0, 0, 0, 0]"
464,"[21.44452717795979, 15.773882991853863, 12.252498293091676, 0.0, 0.0, 0.0]","[6, 7, 8, 0, 0, 0]","[597.71498818314, 936.7221981340181, 1699.2230593657978, 0, 0, 0]","[3431.28501181686, 7165.277801865982, 14411.776940634201, 4029, 8102, 16111]","[4029, 8102, 16111, 4029, 8102, 16111]","[864, 1278, 1974, 0, 0, 0]","[12.375740783857198, 2.2430073729142417, 0.834894450911913, 0.0, 0.0, 0.0]","[531.5380666666666, 385.3486666666667, 286.86973333333333, 0, 0, 0]","[0.07880000000000001, 0.059333333333333335, 0.009333333333333334, 0, 0, 0]","[0.066, 0.022266666666666664, 0.0010666666666666667, 0, 0, 0]","[3763.4619333333335, 16794.651333333335, 34073.13026666667, 4295, 17180, 34360]","[371.9212, 359.9406666666667, 376.53066666666666, 372.0, 360.0, 376.54]","[199.934, 304.97773333333333, 266.74893333333335, 200.0, 305.0, 266.75]","[(12, 1.666666666666667e-05, 0.008722222222222221), (18, 0.06448333333333334, 0.02649444444444445), (16, 6.666666666666667e-05, 0.005922222222222222), (0, 0, 0), (0, 0, 0), (0, 0, 0)]","[(4014, 67.09998333333333, 10.101277777777778), (16087, 51.83551666666667, 6.163505555555555), (32196, 58.199933333333334, 11.634077777777776), (4026, 67.1, 10.11), (16105, 51.900000000000006, 6.1899999999999995), (32212, 58.2, 11.639999999999999)]","[0, 0, 0, 0, 0, 0]","[0, 0, 0, 0, 0, 0]"
465,"[26.28443782576322, 17.254998765736858, 12.252498293091676, 0.0, 0.0, 0.0]","[7, 8, 8, 0, 0, 0]","[530.3807369644546, 447.7618796244058, 1282.1186950679146, 0, 0, 0]","[3498.6192630355454, 7654.238120375594, 14828.881304932085, 4029, 8102, 16111]","[4029, 8102, 16111, 4029, 8102, 16111]","[1059, 1398, 1974, 0, 0, 0]","[10.396190919674039, 2.6872914241365926, 0.8215440434613893, 0.0, 0.0, 0.0]","[446.5164, 461.6766666666666, 282.28253333333333, 0, 0, 0]","[0.0876, 0.030266666666666664, 0.009466666666666667, 0, 0, 0]","[0.06799999999999999, 0.016799999999999995, 0.00026666666666666673, 0, 0, 0]","[3848.4836, 16718.323333333334, 34077.71746666667, 4295, 17180, 34360]","[371.9124, 359.96973333333335, 376.5305333333334, 372.0, 360.0, 376.54]","[199.932, 304.9832, 266.7497333333333, 200.0, 305.0, 266.75]","[(15, 1.666666666666667e-05, 0.00981111111111111), (21, 0.0013, 0.04850555555555555), (16, 0.0, 0.005255555555555556), (0, 0, 0), (0, 0, 0), (0, 0, 0)]","[(4011, 67.09998333333333, 10.100188888888889), (16084, 51.898700000000005, 6.141494444444444), (32196, 58.2, 11.634744444444443), (4026, 67.1, 10.11), (16105, 51.900000000000006, 6.1899999999999995), (32212, 58.2, 11.639999999999999)]","[0, 0, 0, 0, 0, 0]","[0, 0, 0, 0, 0, 0]"
466,"[24.79523454951601, 10.86151567514194, 16.53528645025138, 0.0, 0.0, 0.0]","[9, 6, 10, 0, 0, 0]","[434.83984902590385, 470.56666789039275, 1843.1312433409637, 0, 0, 0]","[3594.1601509740963, 7631.433332109607, 14267.868756659036, 4029, 8102, 16111]","[4029, 8102, 16111, 4029, 8102, 16111]","[999, 880, 2664, 0, 0, 0]","[5.052561893674815, 1.8068634070624756, 0.8324776872332169, 0.0, 0.0, 0.0]","[217.00753333333333, 310.4191333333333, 286.03933333333333, 0, 0, 0]","[0.1708, 0.012, 0.051066666666666656, 0, 0, 0]","[0.24639999999999995, 0.008, 0.04253333333333333, 0, 0, 0]","[4077.9924666666666, 16869.580866666667, 34073.960666666666, 4295, 17180, 34360]","[371.8292, 359.988, 376.48893333333336, 372.0, 360.0, 376.54]","[199.7536, 304.992, 266.7074666666667, 200.0, 305.0, 266.75]","[(17, 0.0048833333333333315, 0.03818333333333333), (14, 0.0004166666666666667, 0.0027888888888888885), (20, 0.0, 0.005933333333333334), (0, 0, 0), (0, 0, 0), (0, 0, 0)]","[(4009, 67.09511666666666, 10.071816666666667), (16091, 51.89958333333334, 6.187211111111111), (32192, 58.2, 11.634066666666666), (4026, 67.1, 10.11), (16105, 51.900000000000006, 6.1899999999999995), (32212, 58.2, 11.639999999999999)]","[0, 0, 0, 0, 0, 0]","[0, 0, 0, 0, 0, 0]"
467,"[17.24993794986349, 11.244137250061712, 18.54633480230898, 0.0, 0.0, 0.0]","[8, 5, 11, 0, 0, 0]","[361.3484531157139, 433.6539485017524, 1446.9837137736115, 0, 0, 0]","[3667.6515468842863, 7668.346051498248, 14664.016286226388, 4029, 8102, 16111]","[4029, 8102, 16111, 4029, 8102, 16111]","[695, 911, 2988, 0, 0, 0]","[3.9549833139309274, 1.307651532790066, 0.9862043073341092, 0.0, 0.0, 0.0]","[169.86653333333334, 224.65453333333335, 338.85979999999995, 0, 0, 0]","[0.1532, 0.00026666666666666673, 0.004399999999999999, 0, 0, 0]","[0.23013333333333336, 0.0032, 0.004266666666666667, 0, 0, 0]","[4125.133466666666, 16955.345466666666, 34021.1402, 4295, 17180, 34360]","[371.8468, 359.9997333333333, 376.53560000000004, 372.0, 360.0, 376.54]","[199.76986666666667, 304.9968, 266.7457333333333, 200.0, 305.0, 266.75]","[(16, 0.0, 0.035166666666666666), (8, 0.0, 0.0016777777777777776), (20, 0.0, 0.030333333333333334), (0, 0, 0), (0, 0, 0), (0, 0, 0)]","[(4010, 67.1, 10.074833333333332), (16097, 51.900000000000006, 6.188322222222221), (32192, 58.2, 11.609666666666666), (4026, 67.1, 10.11), (16105, 51.900000000000006, 6.1899999999999995), (32212, 58.2, 11.639999999999999)]","[0, 0, 0, 0, 0, 0]","[0, 0, 0, 0, 0, 0]"
468,"[16.95209729461405, 17.884472969637127, 14.071131525045, 0.0, 0.0, 0.0]","[7, 7, 8, 0, 0, 0]","[582.7036368831914, 939.6662843014841, 751.3603237067343, 0, 0, 0]","[3446.2963631168086, 7162.333715698516, 15359.639676293265, 4029, 8102, 16111]","[4029, 8102, 16111, 4029, 8102, 16111]","[683, 1449, 2267, 0, 0, 0]","[4.90406674427629, 1.1446332945285216, 0.6489910748932869, 0.0, 0.0, 0.0]","[210.62966666666665, 196.64800000000002, 222.99333333333337, 0, 0, 0]","[0.12013333333333333, 0.004266666666666667, 0.004533333333333333, 0, 0, 0]","[0.20293333333333338, 0.011466666666666667, 0.0010666666666666667, 0, 0, 0]","[4084.3703333333333, 16983.352, 34137.00666666667, 4295, 17180, 34360]","[371.87986666666666, 359.9957333333333, 376.5354666666667, 372.0, 360.0, 376.54]","[199.79706666666667, 304.98853333333335, 266.74893333333335, 200.0, 305.0, 266.75]","[(14, 0.008966666666666666, 0.03398888888888889), (10, 0.0004666666666666667, 0.0010944444444444443), (15, 0.0, 0.0027833333333333334), (0, 0, 0), (0, 0, 0), (0, 0, 0)]","[(4012, 67.09103333333333, 10.07601111111111), (16095, 51.89953333333334, 6.188905555555555), (32197, 58.2, 11.637216666666665), (4026, 67.1, 10.11), (16105, 51.900000000000006, 6.1899999999999995), (32212, 58.2, 11.639999999999999)]","[0, 0, 0, 0, 0, 0]","[0, 0, 0, 0, 0, 0]"
469,"[21.692727724000992, 12.046408294248334, 8.633852647259637, 0.0, 0.0, 0.0]","[9, 5, 5, 0, 0, 0]","[459.5075225000419, 773.554931105677, 952.3240551635339, 0, 0, 0]","[3569.492477499958, 7328.445068894323, 15158.675944836466, 4029, 8102, 16111]","[4029, 8102, 16111, 4029, 8102, 16111]","[874, 976, 1391, 0, 0, 0]","[4.321145518044237, 0.3247403958090803, 0.6768438106325184, 0.0, 0.0, 0.0]","[185.5932, 55.7904, 232.56353333333334, 0, 0, 0]","[0.188, 0.0038666666666666663, 0.009866666666666666, 0, 0, 0]","[0.27359999999999995, 0.006666666666666666, 0.010266666666666664, 0, 0, 0]","[4109.4068, 17124.2096, 34127.436466666666, 4295, 17180, 34360]","[371.812, 359.9961333333333, 376.53013333333337, 372.0, 360.0, 376.54]","[199.7264, 304.99333333333334, 266.73973333333333, 200.0, 305.0, 266.75]","[(16, 0.0, 0.029683333333333332), (8, 0.0, 0.0003333333333333334), (11, 0.0, 0.004094444444444444), (0, 0, 0), (0, 0, 0), (0, 0, 0)]","[(4010, 67.1, 10.080316666666667), (16097, 51.900000000000006, 6.189666666666666), (32201, 58.2, 11.635905555555555), (4026, 67.1, 10.11), (16105, 51.900000000000006, 6.1899999999999995), (32212, 58.2, 11.639999999999999)]","[0, 0, 0, 0, 0, 0]","[0, 0, 0, 0, 0, 0]"
470,"[17.920079424174734, 18.834855591212047, 9.086959220408417, 0.0, 0.0, 0.0]","[6, 8, 5, 0, 0, 0]","[519.353138051352, 991.1398803311724, 768.6821913217982, 0, 0, 0]","[3509.646861948648, 7110.860119668828, 15342.317808678203, 4029, 8102, 16111]","[4029, 8102, 16111, 4029, 8102, 16111]","[722, 1526, 1464, 0, 0, 0]","[8.238606131160262, 2.1049150174621656, 0.7809835079549864, 0.0, 0.0, 0.0]","[353.8481333333333, 361.62440000000004, 268.34593333333333, 0, 0, 0]","[0.7538666666666667, 0.08666666666666664, 0.01786666666666667, 0, 0, 0]","[0.36333333333333334, 0.09146666666666667, 0.008666666666666666, 0, 0, 0]","[3941.1518666666666, 16818.3756, 34091.65406666667, 4295, 17180, 34360]","[371.2461333333333, 359.91333333333336, 376.52213333333333, 372.0, 360.0, 376.54]","[199.63666666666666, 304.9085333333333, 266.74133333333333, 200.0, 305.0, 266.75]","[(9, 0.0, 0.029911111111111114), (15, 0.0, 0.0017777777777777776), (12, 0.0, 0.004666666666666666), (0, 0, 0), (0, 0, 0), (0, 0, 0)]","[(4017, 67.1, 10.080088888888888), (16090, 51.900000000000006, 6.188222222222222), (32200, 58.2, 11.635333333333332), (4026, 67.1, 10.11), (16105, 51.900000000000006, 6.1899999999999995), (32212, 58.2, 11.639999999999999)]","[0, 0, 0, 0, 0, 0]","[0, 0, 0, 0, 0, 0]"
471,"[17.32439811367585, 18.69908664527277, 8.950406554527962, 0.0, 0.0, 0.0]","[6, 8, 5, 0, 0, 0]","[342.98751335228366, 1220.4703703133005, 1021.3156577048605, 0, 0, 0]","[3686.0124866477163, 6881.5296296867, 15089.684342295139, 4029, 8102, 16111]","[4029, 8102, 16111, 4029, 8102, 16111]","[698, 1515, 1442, 0, 0, 0]","[9.45623282887078, 1.8620512223515715, 0.575500194024059, 0.0, 0.0, 0.0]","[406.1452, 319.9004, 197.74186666666668, 0, 0, 0]","[0.8916, 0.05533333333333333, 0.016133333333333333, 0, 0, 0]","[0.39546666666666663, 0.04746666666666667, 0.0077333333333333325, 0, 0, 0]","[3888.8548, 16860.0996, 34162.25813333334, 4295, 17180, 34360]","[371.1084, 359.94466666666665, 376.52386666666666, 372.0, 360.0, 376.54]","[199.60453333333334, 304.95253333333335, 266.7422666666667, 200.0, 305.0, 266.75]","[(9, 0.0004833333333333333, 0.0029388888888888893), (16, 0.0, 0.0031166666666666665), (13, 0.0, 0.0028944444444444443), (0, 0, 0), (0, 0, 0), (0, 0, 0)]","[(4017, 67.09951666666666, 10.107061111111111), (16089, 51.900000000000006, 6.186883333333332), (32199, 58.2, 11.637105555555554), (4026, 67.1, 10.11), (16105, 51.900000000000006, 6.1899999999999995), (32212, 58.2, 11.639999999999999)]","[0, 0, 0, 0, 0, 0]","[0, 0, 0, 0, 0, 0]"
472,"[24.894514767932492, 20.106146630461613, 8.950406554527962, 0.0, 0.0, 0.0]","[9, 9, 5, 0, 0, 0]","[505.6310996456592, 663.856136530319, 407.8881381047508, 0, 0, 0]","[3523.368900354341, 7438.143863469681, 15703.11186189525, 4029, 8102, 16111]","[4029, 8102, 16111, 4029, 8102, 16111]","[1003, 1629, 1442, 0, 0, 0]","[12.340097788125728, 2.1931598758246023, 0.4934862242918121, 0.0, 0.0, 0.0]","[530.0072, 376.78486666666663, 169.56186666666665, 0, 0, 0]","[0.8199999999999997, 0.053599999999999995, 0.015066666666666666, 0, 0, 0]","[0.40173333333333333, 0.0476, 0.007200000000000001, 0, 0, 0]","[3764.9928, 16803.215133333335, 34190.43813333334, 4295, 17180, 34360]","[371.18, 359.9464, 376.52493333333337, 372.0, 360.0, 376.54]","[199.59826666666666, 304.9524, 266.7428, 200.0, 305.0, 266.75]","[(16, 0.00013333333333333334, 0.004105555555555555), (17, 0.0, 0.0038166666666666666), (13, 0.0, 0.003011111111111111), (0, 0, 0), (0, 0, 0), (0, 0, 0)]","[(4010, 67.09986666666666, 10.105894444444443), (16088, 51.900000000000006, 6.186183333333333), (32199, 58.2, 11.636988888888888), (4026, 67.1, 10.11), (16105, 51.900000000000006, 6.1899999999999995), (32212, 58.2, 11.639999999999999)]","[0, 0, 0, 0, 0, 0]","[0, 0, 0, 0, 0, 0]"
473,"[22.213948870687517, 20.21723031350284, 8.453851405871765, 0.0, 0.0, 0.0]","[9, 9, 5, 0, 0, 0]","[602.8829115872996, 839.6297368983023, 691.9333803408651, 0, 0, 0]","[3426.1170884127005, 7262.370263101698, 15419.066619659136, 4029, 8102, 16111]","[4029, 8102, 16111, 4029, 8102, 16111]","[895, 1638, 1362, 0, 0, 0]","[7.060616220411331, 1.3536775320139698, 0.6474716724873886, 0.0, 0.0, 0.0]","[303.25346666666667, 232.5618, 222.4712666666667, 0, 0, 0]","[0.19359999999999997, 0.0484, 0.009466666666666667, 0, 0, 0]","[0.19693333333333338, 0.04306666666666666, 0.00026666666666666673, 0, 0, 0]","[3991.7465333333334, 16947.4382, 34137.52873333333, 4295, 17180, 34360]","[371.8064, 359.9516, 376.5305333333334, 372.0, 360.0, 376.54]","[199.80306666666667, 304.9569333333333, 266.7497333333333, 200.0, 305.0, 266.75]","[(20, 1.666666666666667e-05, 0.046933333333333334), (17, 0.0006000000000000001, 0.005955555555555556), (7, 0.0, 0.005000000000000001), (0, 0, 0), (0, 0, 0), (0, 0, 0)]","[(4006, 67.09998333333333, 10.063066666666666), (16088, 51.89940000000001, 6.184044444444444), (32205, 58.2, 11.634999999999998), (4026, 67.1, 10.11), (16105, 51.900000000000006, 6.1899999999999995), (32212, 58.2, 11.639999999999999)]","[0, 0, 0, 0, 0, 0]","[0, 0, 0, 0, 0, 0]"
474,"[20.97294614048151, 13.971858800296221, 15.039414064924586, 0.0, 0.0, 0.0]","[8, 6, 9, 0, 0, 0]","[645.6476467285777, 835.3804177707398, 1104.4432456796676, 0, 0, 0]","[3383.3523532714225, 7266.61958222926, 15006.556754320332, 4029, 8102, 16111]","[4029, 8102, 16111, 4029, 8102, 16111]","[845, 1132, 2423, 0, 0, 0]","[7.4980488940628645, 1.0545657741559953, 0.8245925494761351, 0.0, 0.0, 0.0]","[322.0412, 181.1744, 283.33000000000004, 0, 0, 0]","[0.011733333333333332, 0.8118666666666667, 0.0006666666666666666, 0, 0, 0]","[0.010533333333333334, 0.6788, 0.0038666666666666667, 0, 0, 0]","[3972.9588, 16998.8256, 34076.67, 4295, 17180, 34360]","[371.9882666666667, 359.1881333333333, 376.53933333333333, 372.0, 360.0, 376.54]","[199.98946666666666, 304.3212, 266.7461333333333, 200.0, 305.0, 266.75]","[(18, 1.666666666666667e-05, 0.0031111111111111105), (11, 0.0032999999999999995, 0.06136666666666666), (14, 0.0035499999999999998, 0.005116666666666667), (0, 0, 0), (0, 0, 0), (0, 0, 0)]","[(4008, 67.09998333333333, 10.106888888888887), (16094, 51.8967, 6.128633333333333), (32198, 58.196450000000006, 11.634883333333333), (4026, 67.1, 10.11), (16105, 51.900000000000006, 6.1899999999999995), (32212, 58.2, 11.639999999999999)]","[0, 0, 0, 0, 0, 0]","[2, 2, 0, 0, 0, 0]"
475,"[23.703152146934723, 11.305850407306837, 11.222146359630067, 0.0, 0.0, 0.0]","[9, 5, 7, 0, 0, 0]","[347.94898477032905, 570.1863484779136, 805.6986660072104, 0, 0, 0]","[3681.051015229671, 7531.813651522087, 15305.30133399279, 4029, 8102, 16111]","[4029, 8102, 16111, 4029, 8102, 16111]","[955, 916, 1808, 0, 0, 0]","[7.712690725649979, 0.9236569654637174, 0.44630539386883966, 0.0, 0.0, 0.0]","[331.2600666666666, 158.68426666666664, 153.35053333333332, 0, 0, 0]","[0.021599999999999998, 0.6169333333333333, 0.00013333333333333337, 0, 0, 0]","[0.011066666666666666, 0.5561333333333334, 0.0004000000000000001, 0, 0, 0]","[3963.7399333333333, 17021.315733333333, 34206.64946666667, 4295, 17180, 34360]","[371.9784, 359.38306666666665, 376.5398666666667, 372.0, 360.0, 376.54]","[199.98893333333334, 304.4438666666667, 266.7496, 200.0, 305.0, 266.75]","[(21, 3.3333333333333335e-05, 0.0041111111111111105), (8, 0.0005499999999999999, 0.0527888888888889), (13, 0.0, 0.0009444444444444445), (0, 0, 0), (0, 0, 0), (0, 0, 0)]","[(4005, 67.09996666666666, 10.105888888888888), (16097, 51.89945000000001, 6.13721111111111), (32199, 58.2, 11.639055555555554), (4026, 67.1, 10.11), (16105, 51.900000000000006, 6.1899999999999995), (32212, 58.2, 11.639999999999999)]","[0, 0, 0, 0, 0, 0]","[2, 2, 0, 0, 0, 0]"
476,"[20.302804666170264, 15.61342878301654, 10.849729998137917, 0.0, 0.0, 0.0]","[7, 8, 7, 0, 0, 0]","[452.98175024978843, 685.9649024341165, 534.3741883900759, 0, 0, 0]","[3576.0182497502115, 7416.035097565884, 15576.625811609923, 4029, 8102, 16111]","[4029, 8102, 16111, 4029, 8102, 16111]","[818, 1265, 1748, 0, 0, 0]","[9.314870003880483, 1.6098280946837407, 0.33745789677920063, 0.0, 0.0, 0.0]","[400.0736666666667, 276.56846666666667, 115.95053333333334, 0, 0, 0]","[0.035866666666666665, 0.6055999999999999, 0.0033333333333333335, 0, 0, 0]","[0.020133333333333336, 0.5485333333333333, 0.0038666666666666667, 0, 0, 0]","[3894.9263333333333, 16903.431533333332, 34244.049466666664, 4295, 17180, 34360]","[371.96413333333334, 359.3944, 376.5366666666667, 372.0, 360.0, 376.54]","[199.97986666666668, 304.45146666666665, 266.7461333333333, 200.0, 305.0, 266.75]","[(17, 0.11843333333333331, 0.05043333333333333), (13, 0.0010000000000000002, 0.09816666666666667), (13, 1.666666666666667e-05, 0.0007444444444444444), (0, 0, 0), (0, 0, 0), (0, 0, 0)]","[(4009, 66.98156666666667, 10.059566666666665), (16092, 51.89900000000001, 6.091833333333333), (32199, 58.199983333333336, 11.639255555555554), (4026, 67.1, 10.11), (16105, 51.900000000000006, 6.1899999999999995), (32212, 58.2, 11.639999999999999)]","[2, 0, 0, 0, 0, 0]","[2, 2, 0, 0, 0, 0]"
477,"[25.539836187639615, 14.008886694643296, 7.491775805350382, 0.0, 0.0, 0.0]","[8, 7, 5, 0, 0, 0]","[400.60083746027794, 928.4577813855249, 666.014342074489, 0, 0, 0]","[3628.399162539722, 7173.542218614475, 15444.98565792551, 4029, 8102, 16111]","[4029, 8102, 16111, 4029, 8102, 16111]","[1029, 1135, 1207, 0, 0, 0]","[8.5926069072565, 1.96818315871168, 0.23014435389988358, 0.0, 0.0, 0.0]","[369.05246666666665, 338.1338666666666, 79.0776, 0, 0, 0]","[0.021733333333333334, 0.5956, 0.0048, 0, 0, 0]","[0.005600000000000001, 0.5424, 0.004266666666666666, 0, 0, 0]","[3925.9475333333335, 16841.866133333333, 34280.9224, 4295, 17180, 34360]","[371.9782666666667, 359.4044, 376.53520000000003, 372.0, 360.0, 376.54]","[199.9944, 304.4576, 266.7457333333333, 200.0, 305.0, 266.75]","[(20, 0.06294999999999999, 0.030416666666666658), (12, 0.00065, 0.05196666666666666), (10, 0.0003333333333333333, 0.0007666666666666666), (0, 0, 0), (0, 0, 0), (0, 0, 0)]","[(4006, 67.03705, 10.079583333333332), (16093, 51.899350000000005, 6.138033333333333), (32202, 58.19966666666667, 11.639233333333332), (4026, 67.1, 10.11), (16105, 51.900000000000006, 6.1899999999999995), (32212, 58.2, 11.639999999999999)]","[2, 0, 0, 0, 0, 0]","[2, 2, 0, 0, 0, 0]"
478,"[20.277984611566147, 24.277956060232043, 9.415927006393147, 0.0, 0.0, 0.0]","[5, 11, 4, 0, 0, 0]","[549.0152332931244, 1241.3952219742764, 229.00368020910892, 0, 0, 0]","[3479.9847667068757, 6860.604778025723, 15881.996319790891, 4029, 8102, 16111]","[4029, 8102, 16111, 4029, 8102, 16111]","[817, 1967, 1517, 0, 0, 0]","[7.635400853705857, 3.0853837795886694, 0.15843092743500195, 0.0, 0.0, 0.0]","[327.94046666666657, 530.0689333333333, 54.43686666666667, 0, 0, 0]","[0.0112, 0.6237333333333334, 0.0038666666666666663, 0, 0, 0]","[0.009866666666666666, 0.5422666666666666, 0.0041333333333333335, 0, 0, 0]","[3967.0595333333335, 16649.931066666668, 34305.56313333334, 4295, 17180, 34360]","[371.9888, 359.37626666666665, 376.53613333333334, 372.0, 360.0, 376.54]","[199.99013333333335, 304.45773333333335, 266.74586666666664, 200.0, 305.0, 266.75]","[(13, 0.07981666666666666, 0.04275555555555556), (20, 0.00031666666666666665, 0.055716666666666664), (9, 0.0, 0.0006666666666666666), (0, 0, 0), (0, 0, 0), (0, 0, 0)]","[(4013, 67.02018333333332, 10.067244444444444), (16085, 51.899683333333336, 6.134283333333332), (32203, 58.2, 11.639333333333331), (4026, 67.1, 10.11), (16105, 51.900000000000006, 6.1899999999999995), (32212, 58.2, 11.639999999999999)]","[2, 0, 2, 0, 0, 0]","[2, 4, 0, 0, 0, 0]"
479,"[23.15711094564408, 22.056282399407554, 9.37247843088573, 0.0, 0.0, 0.0]","[6, 9, 4, 0, 0, 0]","[407.49725409850504, 950.0701581571391, 644.3759765835163, 0, 0, 0]","[3621.502745901495, 7151.929841842861, 15466.624023416483, 4029, 8102, 16111]","[4029, 8102, 16111, 4029, 8102, 16111]","[933, 1787, 1510, 0, 0, 0]","[6.281437330228948, 2.3650616996507567, 0.08747710516103996, 0.0, 0.0, 0.0]","[269.78773333333334, 406.31759999999997, 30.05713333333333, 0, 0, 0]","[0.0192, 0.5158666666666666, 0.06306666666666667, 0, 0, 0]","[0.006933333333333334, 0.4313333333333333, 0.06226666666666668, 0, 0, 0]","[4025.2122666666664, 16773.6824, 34329.942866666664, 4295, 17180, 34360]","[371.9808, 359.4841333333333, 376.47693333333336, 372.0, 360.0, 376.54]","[199.99306666666666, 304.5686666666667, 266.6877333333333, 200.0, 305.0, 266.75]","[(12, 0.10236666666666665, 0.03406111111111111), (17, 0.0004166666666666667, 0.05597222222222222), (8, 0.0, 0.00012222222222222224), (0, 0, 0), (0, 0, 0), (0, 0, 0)]","[(4014, 66.99763333333333, 10.075938888888889), (16088, 51.89958333333334, 6.134027777777777), (32204, 58.2, 11.639877777777777), (4026, 67.1, 10.11), (16105, 51.900000000000006, 6.1899999999999995), (32212, 58.2, 11.639999999999999)]","[2, 0, 2, 0, 0, 0]","[2, 4, 0, 0, 0, 0]"
480,"[29.982625961777114, 16.55146877314243, 12.631121593942026, 0.0, 0.0, 0.0]","[8, 7, 8, 0, 0, 0]","[594.6439723281877, 366.1669300165398, 932.3089992315117, 0, 0, 0]","[3434.356027671812, 7735.8330699834605, 15178.69100076849, 4029, 8102, 16111]","[4029, 8102, 16111, 4029, 8102, 16111]","[1208, 1341, 2035, 0, 0, 0]","[2.52113930927435, 1.353942956926659, 0.9762906480403568, 0.0, 0.0, 0.0]","[108.28293333333333, 232.6074, 335.4534666666666, 0, 0, 0]","[0.012933333333333333, 0.0796, 1.1172000000000002, 0, 0, 0]","[0.004, 0.05053333333333333, 0.37733333333333335, 0, 0, 0]","[4186.717066666667, 16947.3926, 34024.546533333334, 4295, 17180, 34360]","[371.9870666666667, 359.9204, 375.4228, 372.0, 360.0, 376.54]","[199.996, 304.9494666666667, 266.37266666666665, 200.0, 305.0, 266.75]","[(13, 0.0, 0.0011944444444444442), (14, 0.05811666666666666, 0.07151666666666667), (19, 0.0, 0.004166666666666666), (0, 0, 0), (0, 0, 0), (0, 0, 0)]","[(4013, 67.1, 10.108805555555556), (16091, 51.84188333333334, 6.118483333333333), (32193, 58.2, 11.635833333333332), (4026, 67.1, 10.11), (16105, 51.900000000000006, 6.1899999999999995), (32212, 58.2, 11.639999999999999)]","[0, 0, 0, 0, 0, 0]","[0, 0, 0, 0, 0, 0]"
481,"[25.589476296847852, 12.231547765983708, 13.562162497672398, 0.0, 0.0, 0.0]","[7, 6, 8, 0, 0, 0]","[627.978554884587, 509.78800976612365, 1533.727857524479, 0, 0, 0]","[3401.021445115413, 7592.211990233876, 14577.272142475522, 4029, 8102, 16111]","[4029, 8102, 16111, 4029, 8102, 16111]","[1031, 991, 2185, 0, 0, 0]","[4.532234381063252, 1.3030818781528908, 1.9574233604967013, 0.0, 0.0, 0.0]","[194.65946666666667, 223.86946666666665, 672.5706666666666, 0, 0, 0]","[0.018533333333333332, 0.05333333333333333, 0.098, 0, 0, 0]","[0.011066666666666666, 0.030266666666666664, 0.13413333333333333, 0, 0, 0]","[4100.340533333333, 16956.130533333333, 33687.42933333333, 4295, 17180, 34360]","[371.9814666666667, 359.94666666666666, 376.442, 372.0, 360.0, 376.54]","[199.98893333333334, 304.96973333333335, 266.61586666666665, 200.0, 305.0, 266.75]","[(13, 0.0006666666666666666, 0.0019277777777777778), (11, 0.03351666666666667, 0.058772222222222226), (19, 0.0, 0.006533333333333333), (0, 0, 0), (0, 0, 0), (0, 0, 0)]","[(4013, 67.09933333333333, 10.108072222222221), (16094, 51.86648333333334, 6.131227777777777), (32193, 58.2, 11.633466666666665), (4026, 67.1, 10.11), (16105, 51.900000000000006, 6.1899999999999995), (32212, 58.2, 11.639999999999999)]","[0, 0, 0, 0, 0, 0]","[0, 0, 0, 0, 0, 0]"
482,"[19.65748324646314, 12.503085657862256, 16.789770963937684, 0.0, 0.0, 0.0]","[6, 6, 10, 0, 0, 0]","[507.98652710687793, 673.6170331747567, 1127.5264928959793, 0, 0, 0]","[3521.013472893122, 7428.382966825244, 14983.473507104021, 4029, 8102, 16111]","[4029, 8102, 16111, 4029, 8102, 16111]","[792, 1013, 2705, 0, 0, 0]","[3.5774792394256885, 1.0556387272021732, 1.6811098176173846, 0.0, 0.0, 0.0]","[153.65273333333332, 181.35873333333336, 577.6293333333334, 0, 0, 0]","[0.002533333333333333, 0.06253333333333333, 0.08893333333333334, 0, 0, 0]","[0.004, 0.0308, 0.12066666666666666, 0, 0, 0]","[4141.347266666667, 16998.641266666666, 33782.37066666667, 4295, 17180, 34360]","[371.99746666666664, 359.9374666666667, 376.4510666666667, 372.0, 360.0, 376.54]","[199.996, 304.9692, 266.6293333333333, 200.0, 305.0, 266.75]","[(14, 0.00055, 0.0010722222222222222), (9, 0.049499999999999995, 0.06027222222222221), (21, 0.0, 0.00796111111111111), (0, 0, 0), (0, 0, 0), (0, 0, 0)]","[(4012, 67.09944999999999, 10.108927777777778), (16096, 51.850500000000004, 6.129727777777777), (32191, 58.2, 11.632038888888887), (4026, 67.1, 10.11), (16105, 51.900000000000006, 6.1899999999999995), (32212, 58.2, 11.639999999999999)]","[0, 0, 0, 0, 0, 0]","[0, 0, 0, 0, 0, 0]"
483,"[31.52146934723256, 12.873364601333003, 12.426292595121344, 0.0, 0.0, 0.0]","[10, 5, 8, 0, 0, 0]","[888.2839851402813, 675.1458871075861, 1062.8274542661675, 0, 0, 0]","[3140.7160148597186, 7426.8541128924135, 15048.172545733833, 4029, 8102, 16111]","[4029, 8102, 16111, 4029, 8102, 16111]","[1270, 1043, 2002, 0, 0, 0]","[4.492441155274682, 0.4302859914629415, 1.8915593713620487, 0.0, 0.0, 0.0]","[192.95034761904762, 73.92313333333334, 649.9398, 0, 0, 0]","[0.008, 0.023733333333333332, 0.0536, 0, 0, 0]","[0.009466666666666667, 0.0013333333333333335, 0.08173333333333334, 0, 0, 0]","[4102.0496523809525, 17106.076866666666, 33710.0602, 4295, 17180, 34360]","[371.992, 359.9762666666667, 376.4864, 372.0, 360.0, 376.54]","[199.99053333333333, 304.9986666666667, 266.6682666666667, 200.0, 305.0, 266.75]","[(20, 0.0002833333333333333, 0.0014007936507936505), (9, 0.05543333333333332, 0.0062277777777777765), (14, 0.00016666666666666666, 0.007599999999999999), (0, 0, 0), (0, 0, 0), (0, 0, 0)]","[(4006, 67.09971666666667, 10.108599206349206), (16096, 51.84456666666667, 6.183772222222221), (32198, 58.19983333333334, 11.632399999999999), (4026, 67.1, 10.11), (16105, 51.900000000000006, 6.1899999999999995), (32212, 58.2, 11.639999999999999)]","[0, 0, 0, 0, 0, 0]","[0, 0, 0, 0, 0, 0]"
484,"[32.58873169520973, 11.58973093063441, 9.85041276146732, 0.0, 0.0, 0.0]","[10, 5, 6, 0, 0, 0]","[728.7207943001783, 440.62564652549355, 604.0109955761895, 0, 0, 0]","[3300.2792056998214, 7661.374353474506, 15506.989004423811, 4029, 8102, 16111]","[4029, 8102, 16111, 4029, 8102, 16111]","[1313, 939, 1587, 0, 0, 0]","[5.853925938244914, 0.5576973224679861, 1.271042297244858, 0.0, 0.0, 0.0]","[251.42611904761904, 95.81240000000001, 436.73013333333324, 0, 0, 0]","[0.004266666666666667, 0.022, 0.026933333333333337, 0, 0, 0]","[0.006933333333333333, 0.0041333333333333335, 0.016666666666666666, 0, 0, 0]","[4043.573880952381, 17084.1876, 33923.26986666667, 4295, 17180, 34360]","[371.9957333333333, 359.978, 376.5130666666667, 372.0, 360.0, 376.54]","[199.99306666666666, 304.99586666666664, 266.73333333333335, 200.0, 305.0, 266.75]","[(19, 0.00043333333333333337, 0.0021900793650793645), (9, 0.0335, 0.004605555555555556), (9, 0.09476666666666667, 0.021155555555555556), (0, 0, 0), (0, 0, 0), (0, 0, 0)]","[(4007, 67.09956666666666, 10.10780992063492), (16096, 51.86650000000001, 6.1853944444444435), (32203, 58.10523333333334, 11.618844444444443), (4026, 67.1, 10.11), (16105, 51.900000000000006, 6.1899999999999995), (32212, 58.2, 11.639999999999999)]","[0, 0, 0, 0, 0, 0]","[0, 0, 0, 0, 0, 0]"
485,"[31.173988582774882, 16.230560355467784, 8.528334678170195, 0.0, 0.0, 0.0]","[9, 7, 5, 0, 0, 0]","[724.8071186395842, 418.7254080480517, 310.3928604482538, 0, 0, 0]","[3304.192881360416, 7683.274591951948, 15800.607139551747, 4029, 8102, 16111]","[4029, 8102, 16111, 4029, 8102, 16111]","[1256, 1315, 1374, 0, 0, 0]","[8.800107101280558, 2.709674039580908, 1.0925131936360108, 0.0, 0.0, 0.0]","[377.96459999999996, 465.522, 375.38753333333335, 0, 0, 0]","[0.0136, 1.2161333333333335, 0.010133333333333334, 0, 0, 0]","[0.0156, 0.39039999999999997, 0.016000000000000004, 0, 0, 0]","[3917.0354, 16714.478, 33984.612466666666, 4295, 17180, 34360]","[371.9864, 358.78386666666665, 376.5298666666667, 372.0, 360.0, 376.54]","[199.9844, 304.6096, 266.734, 200.0, 305.0, 266.75]","[(19, 0.0005333333333333333, 0.013172222222222222), (12, 0.011550000000000001, 0.43396666666666667), (6, 0.0, 0.0035388888888888887), (0, 0, 0), (0, 0, 0), (0, 0, 0)]","[(4007, 67.09946666666666, 10.096827777777778), (16093, 51.888450000000006, 5.756033333333333), (32206, 58.2, 11.63646111111111), (4026, 67.1, 10.11), (16105, 51.900000000000006, 6.1899999999999995), (32212, 58.2, 11.639999999999999)]","[0, 0, 0, 0, 0, 0]","[0, 0, 0, 0, 0, 0]"
486,"[28.468602630925787, 14.66304616144162, 8.255229346409285, 0.0, 0.0, 0.0]","[8, 6, 5, 0, 0, 0]","[462.3940546625288, 944.4498711020286, 707.8251550874569, 0, 0, 0]","[3566.605945337471, 7157.550128897971, 15403.174844912543, 4029, 8102, 16111]","[4029, 8102, 16111, 4029, 8102, 16111]","[1147, 1188, 1330, 0, 0, 0]","[7.211181994567327, 2.154510671323244, 0.47631800543267366, 0.0, 0.0, 0.0]","[309.7202666666667, 370.1449333333333, 163.66286666666667, 0, 0, 0]","[0.028799999999999996, 0.8526666666666667, 0.03946666666666667, 0, 0, 0]","[0.016, 0.2728, 0.0204, 0, 0, 0]","[3985.2797333333333, 16809.855066666667, 34196.337133333334, 4295, 17180, 34360]","[371.9712, 359.14733333333334, 376.50053333333335, 372.0, 360.0, 376.54]","[199.984, 304.7272, 266.7296, 200.0, 305.0, 266.75]","[(17, 0.0, 0.007044444444444444), (12, 1.666666666666667e-05, 0.2300111111111111), (12, 0.026199999999999998, 0.010144444444444444), (0, 0, 0), (0, 0, 0), (0, 0, 0)]","[(4009, 67.1, 10.102955555555555), (16093, 51.89998333333334, 5.959988888888889), (32200, 58.1738, 11.629855555555555), (4026, 67.1, 10.11), (16105, 51.900000000000006, 6.1899999999999995), (32212, 58.2, 11.639999999999999)]","[0, 0, 0, 0, 0, 0]","[0, 0, 0, 0, 0, 0]"
487,"[17.15065773144701, 21.735373981732906, 6.386940599590342, 0.0, 0.0, 0.0]","[6, 9, 4, 0, 0, 0]","[265.035131238004, 461.826651661104, 286.31901953851883, 0, 0, 0]","[3763.964868761996, 7640.173348338896, 15824.68098046148, 4029, 8102, 16111]","[4029, 8102, 16111, 4029, 8102, 16111]","[691, 1761, 1029, 0, 0, 0]","[6.081049282110981, 2.252415211486224, 0.4389361660845945, 0.0, 0.0, 0.0]","[261.18106666666665, 386.9649333333333, 150.8184666666667, 0, 0, 0]","[0.018666666666666665, 0.9935999999999998, 0.0017333333333333335, 0, 0, 0]","[0.0064, 0.3212, 0.003333333333333333, 0, 0, 0]","[4033.8189333333335, 16793.035066666667, 34209.181533333336, 4295, 17180, 34360]","[371.98133333333334, 359.0064, 376.5382666666667, 372.0, 360.0, 376.54]","[199.9936, 304.6788, 266.74666666666667, 200.0, 305.0, 266.75]","[(14, 8.333333333333333e-05, 0.0056055555555555555), (17, 8.333333333333333e-05, 0.2891777777777777), (11, 0.0002833333333333333, 0.0012000000000000001), (0, 0, 0), (0, 0, 0), (0, 0, 0)]","[(4012, 67.09991666666666, 10.104394444444443), (16088, 51.89991666666667, 5.900822222222222), (32201, 58.19971666666667, 11.638799999999998), (4026, 67.1, 10.11), (16105, 51.900000000000006, 6.1899999999999995), (32212, 58.2, 11.639999999999999)]","[0, 0, 0, 0, 0, 0]","[0, 0, 0, 0, 0, 0]"
488,"[14.321171506577315, 18.43989138484325, 12.407671777046739, 0.0, 0.0, 0.0]","[5, 7, 7, 0, 0, 0]","[173.2639653777113, 1031.6181617812242, 949.3887484588626, 0, 0, 0]","[3855.7360346222886, 7070.381838218776, 15161.611251541137, 4029, 8102, 16111]","[4029, 8102, 16111, 4029, 8102, 16111]","[577, 1494, 1999, 0, 0, 0]","[3.0614997505404955, 2.411357392316648, 2.8036459060923553, 0.0, 0.0, 0.0]","[131.49141428571428, 414.2712000000001, 963.3327333333333, 0, 0, 0]","[0.009866666666666668, 1.2397333333333334, 9.6164, 0, 0, 0]","[0.005733333333333333, 0.4089333333333334, 0.06293333333333334, 0, 0, 0]","[4163.508585714286, 16765.7288, 33396.66726666666, 4295, 17180, 34360]","[371.99013333333335, 358.76026666666667, 366.9236, 372.0, 360.0, 376.54]","[199.99426666666668, 304.5910666666667, 266.6870666666667, 200.0, 305.0, 266.75]","[(11, 0.0, 0.0029841269841269836), (15, 0.026366666666666663, 0.3837333333333333), (15, 0.0, 0.03525), (0, 0, 0), (0, 0, 0), (0, 0, 0)]","[(4015, 67.1, 10.107015873015872), (16090, 51.87363333333334, 5.806266666666666), (32197, 58.2, 11.60475), (4026, 67.1, 10.11), (16105, 51.900000000000006, 6.1899999999999995), (32212, 58.2, 11.639999999999999)]","[0, 0, 0, 0, 0, 0]","[0, 0, 0, 0, 0, 0]"
489,"[12.956068503350707, 19.958035053073313, 10.632487120600832, 0.0, 0.0, 0.0]","[4, 9, 6, 0, 0, 0]","[379.8662439761009, 919.9788923478521, 1257.0063742961213, 0, 0, 0]","[3649.133756023899, 7182.021107652148, 14853.993625703879, 4029, 8102, 16111]","[4029, 8102, 16111, 4029, 8102, 16111]","[522, 1617, 1713, 0, 0, 0]","[1.9579507733244639, 2.376766006984866, 2.021896003104385, 0.0, 0.0, 0.0]","[84.09398571428572, 408.3284, 694.7234666666668, 0, 0, 0]","[0.042666666666666665, 0.10573333333333335, 3.8593333333333333, 0, 0, 0]","[0.016533333333333334, 0.1989333333333333, 0.06466666666666666, 0, 0, 0]","[4210.906014285714, 16771.6716, 33665.27653333333, 4295, 17180, 34360]","[371.95733333333334, 359.8942666666667, 372.6806666666667, 372.0, 360.0, 376.54]","[199.98346666666666, 304.80106666666666, 266.68533333333335, 200.0, 305.0, 266.75]","[(5, 0.0, 0.048791666666666664), (16, 0.005166666666666665, 0.03341111111111111), (12, 0.0, 0.008583333333333332), (0, 0, 0), (0, 0, 0), (0, 0, 0)]","[(4021, 67.1, 10.061208333333333), (16089, 51.89483333333334, 6.156588888888888), (32200, 58.2, 11.631416666666665), (4026, 67.1, 10.11), (16105, 51.900000000000006, 6.1899999999999995), (32212, 58.2, 11.639999999999999)]","[0, 0, 0, 0, 0, 0]","[0, 0, 0, 0, 0, 0]"
490,"[14.767932489451477, 16.92174771661318, 12.848364471479112, 0.0, 0.0, 0.0]","[5, 8, 7, 0, 0, 0]","[382.07781494327145, 1068.173233655662, 1193.9460878215107, 0, 0, 0]","[3646.9221850567287, 7033.8267663443385, 14917.05391217849, 4029, 8102, 16111]","[4029, 8102, 16111, 4029, 8102, 16111]","[595, 1371, 2070, 0, 0, 0]","[4.07707256499806, 1.7547252619324796, 2.548573923166473, 0.0, 0.0, 0.0]","[175.11026666666666, 301.4618, 875.69, 0, 0, 0]","[0.051333333333333335, 0.16186666666666666, 7.682666666666666, 0, 0, 0]","[0.019200000000000002, 0.22093333333333337, 0.10693333333333332, 0, 0, 0]","[4119.889733333333, 16878.5382, 33484.31, 4295, 17180, 34360]","[371.94866666666667, 359.83813333333336, 368.8573333333334, 372.0, 360.0, 376.54]","[199.9808, 304.77906666666667, 266.64306666666664, 200.0, 305.0, 266.75]","[(10, 5e-05, 0.050550000000000005), (13, 0.007883333333333332, 0.05336468253968253), (15, 0.00031666666666666665, 0.00906111111111111), (0, 0, 0), (0, 0, 0), (0, 0, 0)]","[(4016, 67.09994999999999, 10.05945), (16092, 51.89211666666667, 6.136635317460317), (32197, 58.19968333333333, 11.630938888888888), (4026, 67.1, 10.11), (16105, 51.900000000000006, 6.1899999999999995), (32212, 58.2, 11.639999999999999)]","[0, 0, 0, 0, 0, 0]","[0, 0, 0, 0, 0, 0]"
491,"[20.92330603127327, 18.427548753394223, 10.992489603376574, 0.0, 0.0, 0.0]","[7, 8, 6, 0, 0, 0]","[505.9388356447162, 1205.5099019723243, 967.2914765542458, 0, 0, 0]","[3523.061164355284, 6896.490098027676, 15143.708523445754, 4029, 8102, 16111]","[4029, 8102, 16111, 4029, 8102, 16111]","[843, 1493, 1771, 0, 0, 0]","[3.9905844004656568, 1.499907644547924, 3.491176949941794, 0.0, 0.0, 0.0]","[171.39559999999997, 257.68413333333336, 1199.5684000000003, 0, 0, 0]","[0.046533333333333336, 0.024, 7.281333333333333, 0, 0, 0]","[0.011866666666666666, 0.009866666666666666, 0.5090666666666667, 0, 0, 0]","[4123.6044, 16922.315866666668, 33160.431599999996, 4295, 17180, 34360]","[371.95346666666666, 359.976, 369.25866666666667, 372.0, 360.0, 376.54]","[199.98813333333334, 304.99013333333335, 266.2409333333333, 200.0, 305.0, 266.75]","[(15, 0.05691666666666666, 0.03927460317460318), (14, 0.0, 0.02674444444444445), (12, 0.05533333333333333, 0.45414999999999994), (0, 0, 0), (0, 0, 0), (0, 0, 0)]","[(4011, 67.04308333333333, 10.070725396825397), (16091, 51.900000000000006, 6.163255555555555), (32200, 58.14466666666667, 11.185849999999999), (4026, 67.1, 10.11), (16105, 51.900000000000006, 6.1899999999999995), (32212, 58.2, 11.639999999999999)]","[0, 0, 0, 0, 0, 0]","[0, 0, 0, 0, 0, 0]"
492,"[23.0578307272276, 19.439644532214267, 8.801440009931103, 0.0, 0.0, 0.0]","[8, 9, 5, 0, 0, 0]","[690.2438672081125, 828.34387507472, 816.4187625318918, 0, 0, 0]","[3338.7561327918875, 7273.65612492528, 15294.581237468108, 4029, 8102, 16111]","[4029, 8102, 16111, 4029, 8102, 16111]","[929, 1575, 1418, 0, 0, 0]","[4.698570430733411, 2.1288222739619713, 1.243066550252231, 0.0, 0.0, 0.0]","[201.80360000000002, 365.7316666666667, 427.11766666666654, 0, 0, 0]","[0.1448, 0.08773333333333334, 0.8444, 0, 0, 0]","[0.20799999999999996, 0.06346666666666667, 0.27426666666666666, 0, 0, 0]","[4093.1964, 16814.268333333333, 33932.882333333335, 4295, 17180, 34360]","[371.8552, 359.91226666666665, 375.6956, 372.0, 360.0, 376.54]","[199.792, 304.93653333333333, 266.4757333333333, 200.0, 305.0, 266.75]","[(15, 0.0384, 0.0601111111111111), (15, 0.0012833333333333332, 0.033124603174603175), (12, 1.666666666666667e-05, 0.22987222222222223), (0, 0, 0), (0, 0, 0), (0, 0, 0)]","[(4011, 67.0616, 10.049888888888889), (16090, 51.89871666666667, 6.156875396825396), (32200, 58.199983333333336, 11.410127777777777), (4026, 67.1, 10.11), (16105, 51.900000000000006, 6.1899999999999995), (32212, 58.2, 11.639999999999999)]","[0, 0, 0, 0, 0, 0]","[0, 0, 0, 0, 0, 0]"
493,"[27.997021593447506, 10.972599358183164, 13.053193470299796, 0.0, 0.0, 0.0]","[10, 5, 8, 0, 0, 0]","[708.5569663815656, 536.2147948584093, 1082.2683159850737, 0, 0, 0]","[3320.443033618434, 7565.78520514159, 15028.731684014927, 4029, 8102, 16111]","[4029, 8102, 16111, 4029, 8102, 16111]","[1128, 889, 2103, 0, 0, 0]","[5.577460613116027, 1.5174629414047345, 2.569424524641055, 0.0, 0.0, 0.0]","[239.55193333333335, 260.7001333333334, 882.8542666666666, 0, 0, 0]","[0.16666666666666669, 0.03213333333333333, 1.5677333333333332, 0, 0, 0]","[0.22266666666666668, 0.009733333333333333, 0.43573333333333336, 0, 0, 0]","[4055.448066666667, 16919.299866666668, 33477.14573333333, 4295, 17180, 34360]","[371.8333333333333, 359.9678666666667, 374.9722666666667, 372.0, 360.0, 376.54]","[199.77733333333333, 304.9902666666667, 266.31426666666664, 200.0, 305.0, 266.75]","[(18, 0.04946666666666666, 0.08124444444444444), (9, 0.0, 0.03417222222222222), (16, 8.333333333333333e-05, 0.2900277777777777), (0, 0, 0), (0, 0, 0), (0, 0, 0)]","[(4008, 67.05053333333333, 10.028755555555556), (16096, 51.900000000000006, 6.155827777777778), (32196, 58.19991666666667, 11.34997222222222), (4026, 67.1, 10.11), (16105, 51.900000000000006, 6.1899999999999995), (32212, 58.2, 11.639999999999999)]","[0, 0, 0, 0, 0, 0]","[0, 0, 0, 0, 0, 0]"
494,"[23.00819061801936, 11.51567514194026, 11.060765936316802, 0.0, 0.0, 0.0]","[9, 6, 7, 0, 0, 0]","[673.7062203621628, 361.0283143084543, 842.4132587972554, 0, 0, 0]","[3355.2937796378374, 7740.971685691546, 15268.586741202744, 4029, 8102, 16111]","[4029, 8102, 16111, 4029, 8102, 16111]","[927, 933, 1782, 0, 0, 0]","[4.568357004268528, 1.1853294528521536, 2.1702809468374076, 0.0, 0.0, 0.0]","[196.21093333333332, 203.6396, 745.7085333333332, 0, 0, 0]","[0.14773333333333333, 0.060399999999999995, 1.7976, 0, 0, 0]","[0.21760000000000004, 0.0572, 0.5100000000000001, 0, 0, 0]","[4098.789066666666, 16976.3604, 33614.29146666667, 4295, 17180, 34360]","[371.85226666666665, 359.9396, 374.74240000000003, 372.0, 360.0, 376.54]","[199.7824, 304.9428, 266.24, 200.0, 305.0, 266.75]","[(17, 0.05543333333333332, 0.0337), (14, 0.0, 0.032094444444444446), (15, 0.00016666666666666666, 0.37493333333333334), (0, 0, 0), (0, 0, 0), (0, 0, 0)]","[(4009, 67.04456666666665, 10.0763), (16091, 51.900000000000006, 6.157905555555555), (32197, 58.19983333333334, 11.265066666666666), (4026, 67.1, 10.11), (16105, 51.900000000000006, 6.1899999999999995), (32212, 58.2, 11.639999999999999)]","[0, 0, 0, 0, 0, 0]","[0, 0, 0, 0, 0, 0]"
495,"[26.259617771159093, 11.219451987163662, 11.203525541555459, 0.0, 0.0, 0.0]","[9, 5, 7, 0, 0, 0]","[577.5910331460328, 353.302534796344, 1005.6842448239161, 0, 0, 0]","[3451.4089668539673, 7748.697465203656, 15105.315755176083, 4029, 8102, 16111]","[4029, 8102, 16111, 4029, 8102, 16111]","[1058, 909, 1805, 0, 0, 0]","[5.007813736903375, 6.565542491268918, 1.5146684128831975, 0.0, 0.0, 0.0]","[215.0856, 1127.9602, 520.4400666666667, 0, 0, 0]","[0.04626666666666667, 0.23493333333333336, 0.5818666666666666, 0, 0, 0]","[0.0224, 1.5013333333333334, 0.11626666666666666, 0, 0, 0]","[4079.9144, 16052.0398, 33839.55993333333, 4295, 17180, 34360]","[371.95373333333333, 359.76506666666666, 375.95813333333336, 372.0, 360.0, 376.54]","[199.9776, 303.4986666666667, 266.63373333333334, 200.0, 305.0, 266.75]","[(15, 0.0335, 0.007066666666666666), (13, 0.0, 0.02931666666666667), (15, 1.666666666666667e-05, 0.0019444444444444444), (0, 0, 0), (0, 0, 0), (0, 0, 0)]","[(4011, 67.06649999999999, 10.102933333333333), (16092, 51.900000000000006, 6.160683333333333), (32197, 58.199983333333336, 11.638055555555555), (4026, 67.1, 10.11), (16105, 51.900000000000006, 6.1899999999999995), (32212, 58.2, 11.639999999999999)]","[0, 0, 0, 0, 0, 0]","[0, 0, 0, 0, 0, 0]"
496,"[18.267560188632416, 11.626758824981485, 12.538017503568991, 0.0, 0.0, 0.0]","[7, 6, 7, 0, 0, 0]","[354.0072231432755, 653.1277746064138, 680.1487903699677, 0, 0, 0]","[3674.9927768567245, 7448.872225393587, 15430.851209630033, 4029, 8102, 16111]","[4029, 8102, 16111, 4029, 8102, 16111]","[736, 942, 2020, 0, 0, 0]","[4.7148513775708185, 5.224301125339542, 1.6008781528909586, 0.0, 0.0, 0.0]","[202.50286666666668, 897.5349333333334, 550.0617333333333, 0, 0, 0]","[0.034133333333333335, 0.19493333333333335, 0.5977333333333332, 0, 0, 0]","[0.022, 0.7951999999999998, 0.11666666666666667, 0, 0, 0]","[4092.4971333333333, 16282.465066666668, 33809.938266666664, 4295, 17180, 34360]","[371.96586666666667, 359.8050666666667, 375.9422666666667, 372.0, 360.0, 376.54]","[199.978, 304.2048, 266.6333333333333, 200.0, 305.0, 266.75]","[(12, 0.0, 0.003911111111111111), (15, 0.0, 0.026255555555555556), (16, 0.0, 0.0016555555555555557), (0, 0, 0), (0, 0, 0), (0, 0, 0)]","[(4014, 67.1, 10.106088888888888), (16090, 51.900000000000006, 6.163744444444444), (32196, 58.2, 11.638344444444444), (4026, 67.1, 10.11), (16105, 51.900000000000006, 6.1899999999999995), (32212, 58.2, 11.639999999999999)]","[0, 0, 0, 0, 0, 0]","[0, 0, 0, 0, 0, 0]"
497,"[24.47257383966245, 17.427795606023206, 9.2979951585873, 0.0, 0.0, 0.0]","[10, 9, 5, 0, 0, 0]","[677.303710768546, 737.2389258982888, 907.4709178441615, 0, 0, 0]","[3351.696289231454, 7364.7610741017115, 15203.52908215584, 4029, 8102, 16111]","[4029, 8102, 16111, 4029, 8102, 16111]","[986, 1412, 1498, 0, 0, 0]","[15.234162204113307, 5.435114862242918, 0.9485754753589445, 0.0, 0.0, 0.0]","[654.3072666666666, 933.7527333333334, 325.93053333333336, 0, 0, 0]","[0.022933333333333333, 0.2257333333333333, 0.5367999999999999, 0, 0, 0]","[0.013733333333333334, 0.6425333333333334, 0.1056, 0, 0, 0]","[3640.6927333333333, 16246.247266666667, 34034.06946666667, 4295, 17180, 34360]","[371.97706666666664, 359.7742666666667, 376.0032, 372.0, 360.0, 376.54]","[199.98626666666667, 304.35746666666665, 266.6444, 200.0, 305.0, 266.75]","[(18, 0.00375, 0.05105555555555555), (21, 0.0, 0.01690555555555556), (13, 0.0, 0.0013833333333333334), (0, 0, 0), (0, 0, 0), (0, 0, 0)]","[(4008, 67.09625, 10.058944444444444), (16084, 51.900000000000006, 6.173094444444444), (32199, 58.2, 11.638616666666666), (4026, 67.1, 10.11), (16105, 51.900000000000006, 6.1899999999999995), (32212, 58.2, 11.639999999999999)]","[0, 0, 0, 0, 0, 0]","[0, 0, 0, 0, 0, 0]"
498,"[31.372549019607842, 14.68773142433967, 13.183539196822046, 0.0, 0.0, 0.0]","[13, 7, 7, 0, 0, 0]","[887.2347665476077, 520.0674618583321, 1044.5011452347514, 0, 0, 0]","[3141.7652334523923, 7581.9325381416675, 15066.498854765248, 4029, 8102, 16111]","[4029, 8102, 16111, 4029, 8102, 16111]","[1264, 1190, 2124, 0, 0, 0]","[14.48442530073729, 1.7099712844392705, 0.5030188203337214, 0.0, 0.0, 0.0]","[622.1060666666665, 293.77306666666664, 172.83726666666666, 0, 0, 0]","[0.038400000000000004, 0.0388, 0.031733333333333336, 0, 0, 0]","[0.010400000000000001, 0.021466666666666665, 0.02373333333333333, 0, 0, 0]","[3672.8939333333337, 16886.22693333333, 34187.16273333333, 4295, 17180, 34360]","[371.9616, 359.9612, 376.5082666666667, 372.0, 360.0, 376.54]","[199.9896, 304.97853333333336, 266.7262666666667, 200.0, 305.0, 266.75]","[(24, 0.057316666666666655, 0.020183333333333334), (16, 0.0, 0.0023777777777777773), (17, 0.0, 0.0028611111111111116), (0, 0, 0), (0, 0, 0), (0, 0, 0)]","[(4002, 67.04268333333333, 10.089816666666666), (16089, 51.900000000000006, 6.187622222222222), (32195, 58.2, 11.637138888888888), (4026, 67.1, 10.11), (16105, 51.900000000000006, 6.1899999999999995), (32212, 58.2, 11.639999999999999)]","[0, 0, 0, 0, 0, 0]","[0, 0, 2, 0, 0, 0]"
499,"[31.397369074211962, 12.626511972352505, 12.624914654583824, 0.0, 0.0, 0.0]","[13, 5, 7, 0, 0, 0]","[629.7904350233325, 503.3616069472036, 1086.5227830578792, 0, 0, 0]","[3399.2095649766675, 7598.638393052796, 15024.477216942121, 4029, 8102, 16111]","[4029, 8102, 16111, 4029, 8102, 16111]","[1265, 1023, 2034, 0, 0, 0]","[14.946222739619708, 2.9105851765618937, 0.6053791230112533, 0.0, 0.0, 0.0]","[641.9402666666665, 500.03853333333336, 208.00826666666666, 0, 0, 0]","[0.015733333333333332, 0.041600000000000005, 0.030266666666666664, 0, 0, 0]","[0.007733333333333333, 0.03506666666666666, 0.020799999999999996, 0, 0, 0]","[3653.0597333333335, 16679.961466666668, 34151.991733333336, 4295, 17180, 34360]","[371.98426666666666, 359.9584, 376.5097333333334, 372.0, 360.0, 376.54]","[199.99226666666667, 304.9649333333333, 266.7292, 200.0, 305.0, 266.75]","[(24, 0.08256666666666668, 0.026327777777777783), (11, 0.0, 0.0038333333333333327), (14, 5e-05, 0.0027055555555555552), (0, 0, 0), (0, 0, 0), (0, 0, 0)]","[(4002, 67.01743333333333, 10.083672222222221), (16094, 51.900000000000006, 6.186166666666666), (32198, 58.19995, 11.637294444444443), (4026, 67.1, 10.11), (16105, 51.900000000000006, 6.1899999999999995), (32212, 58.2, 11.639999999999999)]","[0, 0, 0, 0, 0, 0]","[0, 0, 2, 0, 0, 0]"
500,"[21.04740630429387, 17.896815601086153, 12.761467320464279, 0.0, 0.0, 0.0]","[10, 7, 7, 0, 0, 0]","[437.33904294400287, 565.3403255410068, 1134.2761038167969, 0, 0, 0]","[3591.660957055997, 7536.659674458993, 14976.723896183203, 4029, 8102, 16111]","[4029, 8102, 16111, 4029, 8102, 16111]","[848, 1450, 2056, 0, 0, 0]","[7.226410554908807, 2.2193604967015905, 0.4601676367869615, 0.0, 0.0, 0.0]","[310.3743333333333, 381.2861333333333, 158.11359999999996, 0, 0, 0]","[0.012533333333333332, 0.041999999999999996, 0.029866666666666666, 0, 0, 0]","[0.0017333333333333333, 0.0388, 0.021599999999999998, 0, 0, 0]","[3984.625666666667, 16798.713866666665, 34201.8864, 4295, 17180, 34360]","[371.98746666666665, 359.958, 376.51013333333333, 372.0, 360.0, 376.54]","[199.99826666666667, 304.9612, 266.7284, 200.0, 305.0, 266.75]","[(19, 0.04951666666666666, 0.005300000000000001), (16, 0.0, 0.0035777777777777774), (13, 1.666666666666667e-05, 0.0022777777777777774), (0, 0, 0), (0, 0, 0), (0, 0, 0)]","[(4007, 67.05048333333333, 10.1047), (16089, 51.900000000000006, 6.186422222222221), (32199, 58.199983333333336, 11.637722222222221), (4026, 67.1, 10.11), (16105, 51.900000000000006, 6.1899999999999995), (32212, 58.2, 11.639999999999999)]","[0, 0, 0, 0, 0, 0]","[2, 0, 2, 0, 0, 0]"
501,"[19.2355423181931, 16.107134040977535, 15.362174911551113, 0.0, 0.0, 0.0]","[8, 7, 8, 0, 0, 0]","[463.44625799970726, 571.1581881849911, 1613.5988908232707, 0, 0, 0]","[3565.553742000293, 7530.841811815009, 14497.40110917673, 4029, 8102, 16111]","[4029, 8102, 16111, 4029, 8102, 16111]","[775, 1305, 2475, 0, 0, 0]","[3.3069926270857577, 2.47392743500194, 0.695023670935196, 0.0, 0.0, 0.0]","[142.0353333333333, 425.0207333333333, 238.81013333333334, 0, 0, 0]","[1.1623999999999997, 0.028266666666666666, 0.06079999999999999, 0, 0, 0]","[1.1505333333333334, 0.02213333333333333, 0.042666666666666665, 0, 0, 0]","[4152.964666666667, 16754.979266666665, 34121.18986666667, 4295, 17180, 34360]","[370.8376, 359.97173333333336, 376.47920000000005, 372.0, 360.0, 376.54]","[198.84946666666667, 304.97786666666667, 266.70733333333334, 200.0, 305.0, 266.75]","[(15, 0.05546666666666666, 0.0057555555555555546), (17, 0.0006666666666666666, 0.003983333333333333), (16, 0.0, 0.003138888888888889), (0, 0, 0), (0, 0, 0), (0, 0, 0)]","[(4011, 67.04453333333333, 10.104244444444443), (16088, 51.89933333333334, 6.186016666666666), (32196, 58.2, 11.63686111111111), (4026, 67.1, 10.11), (16105, 51.900000000000006, 6.1899999999999995), (32212, 58.2, 11.639999999999999)]","[0, 0, 0, 0, 0, 0]","[2, 0, 2, 0, 0, 0]"
502,"[17.374038222884092, 19.007652431498396, 15.250450003103468, 0.0, 0.0, 0.0]","[7, 8, 8, 0, 0, 0]","[350.626586284837, 1001.5663489404371, 1395.1586090070439, 0, 0, 0]","[3678.373413715163, 7100.433651059563, 14715.841390992957, 4029, 8102, 16111]","[4029, 8102, 16111, 4029, 8102, 16111]","[700, 1540, 2457, 0, 0, 0]","[3.9081893674815675, 1.692928599146294, 0.689175009701203, 0.0, 0.0, 0.0]","[167.85673333333332, 290.8451333333333, 236.80053333333336, 0, 0, 0]","[0.0312, 0.010533333333333334, 0.0412, 0, 0, 0]","[0.022133333333333335, 0.007333333333333333, 0.023866666666666658, 0, 0, 0]","[4127.143266666667, 16889.154866666668, 34123.199466666665, 4295, 17180, 34360]","[371.9688, 359.98946666666666, 376.4988, 372.0, 360.0, 376.54]","[199.97786666666667, 304.99266666666665, 266.72613333333334, 200.0, 305.0, 266.75]","[(14, 0.0335, 0.04878333333333334), (19, 0.0010166666666666668, 0.0025277777777777772), (17, 0.0, 0.0035666666666666663), (0, 0, 0), (0, 0, 0), (0, 0, 0)]","[(4012, 67.06649999999999, 10.061216666666667), (16086, 51.89898333333334, 6.187472222222222), (32195, 58.2, 11.636433333333333), (4026, 67.1, 10.11), (16105, 51.900000000000006, 6.1899999999999995), (32212, 58.2, 11.639999999999999)]","[0, 0, 0, 0, 0, 0]","[2, 0, 4, 0, 0, 0]"
503,"[12.931248448746588, 19.74821031843989, 14.896654459685928, 0.0, 0.0, 0.0]","[5, 9, 8, 0, 0, 0]","[341.92623978497727, 861.9842153402948, 1035.2766348066912, 0, 0, 0]","[3687.073760215023, 7240.015784659705, 15075.72336519331, 4029, 8102, 16111]","[4029, 8102, 16111, 4029, 8102, 16111]","[521, 1600, 2400, 0, 0, 0]","[2.895028327512611, 1.7880403570042682, 1.092766201008925, 0.0, 0.0, 0.0]","[124.34146666666666, 307.1853333333333, 375.4744666666666, 0, 0, 0]","[0.03386666666666667, 0.0088, 0.04386666666666667, 0, 0, 0]","[0.026266666666666667, 0.0012, 0.02493333333333333, 0, 0, 0]","[4170.658533333333, 16872.814666666665, 33984.52553333333, 4295, 17180, 34360]","[371.96613333333335, 359.9912, 376.4961333333334, 372.0, 360.0, 376.54]","[199.97373333333334, 304.9988, 266.7250666666667, 200.0, 305.0, 266.75]","[(11, 0.0, 0.0022555555555555554), (19, 0.0002833333333333333, 0.003633333333333333), (13, 0.0, 0.031955555555555556), (0, 0, 0), (0, 0, 0), (0, 0, 0)]","[(4015, 67.1, 10.107744444444444), (16086, 51.89971666666667, 6.186366666666666), (32199, 58.2, 11.608044444444443), (4026, 67.1, 10.11), (16105, 51.900000000000006, 6.1899999999999995), (32212, 58.2, 11.639999999999999)]","[0, 0, 0, 0, 0, 0]","[2, 0, 4, 0, 0, 0]"
504,"[22.685529908165798, 17.057516662552455, 13.549748618955991, 0.0, 0.0, 0.0]","[6, 7, 8, 0, 0, 0]","[659.3526957267001, 836.0924955107555, 1891.6038221048002, 0, 0, 0]","[3369.6473042733, 7265.907504489244, 14219.3961778952, 4029, 8102, 16111]","[4029, 8102, 16111, 4029, 8102, 16111]","[914, 1382, 2183, 0, 0, 0]","[10.262933643771827, 2.2287652308886305, 2.24123670935196, 0.0, 0.0, 0.0]","[440.79299999999995, 382.9018666666667, 770.0889333333334, 0, 0, 0]","[0.618, 0.052, 9.6652, 0, 0, 0]","[0.13226666666666667, 0.05706666666666666, 0.08346666666666668, 0, 0, 0]","[3854.207, 16797.098133333333, 33589.91106666667, 4295, 17180, 34360]","[371.382, 359.948, 366.8748, 372.0, 360.0, 376.54]","[199.86773333333332, 304.9429333333333, 266.66653333333335, 200.0, 305.0, 266.75]","[(9, 0.008966666666666666, 0.006816666666666668), (14, 0.002483333333333333, 0.021105555555555554), (13, 1.666666666666667e-05, 0.01235), (0, 0, 0), (0, 0, 0), (0, 0, 0)]","[(4017, 67.09103333333333, 10.103183333333332), (16091, 51.897516666666675, 6.168894444444444), (32199, 58.199983333333336, 11.62765), (4026, 67.1, 10.11), (16105, 51.900000000000006, 6.1899999999999995), (32212, 58.2, 11.639999999999999)]","[0, 0, 0, 0, 0, 0]","[0, 0, 0, 0, 0, 0]"
505,"[21.14668652271035, 17.106887188348555, 15.418037365774936, 0.0, 0.0, 0.0]","[6, 7, 9, 0, 0, 0]","[526.2547562713415, 476.0472194272185, 1324.2859139869227, 0, 0, 0]","[3502.7452437286584, 7625.952780572781, 14786.714086013077, 4029, 8102, 16111]","[4029, 8102, 16111, 4029, 8102, 16111]","[852, 1386, 2484, 0, 0, 0]","[11.376810244470315, 3.88586069072565, 2.146378928987194, 0.0, 0.0, 0.0]","[488.634, 667.5908666666667, 737.4957999999999, 0, 0, 0]","[0.6235999999999999, 0.010133333333333334, 3.897333333333333, 0, 0, 0]","[0.12053333333333334, 0.021599999999999998, 0.084, 0, 0, 0]","[3806.366, 16512.409133333334, 33622.5042, 4295, 17180, 34360]","[371.3764, 359.98986666666667, 372.6426666666667, 372.0, 360.0, 376.54]","[199.87946666666667, 304.9784, 266.666, 200.0, 305.0, 266.75]","[(9, 0.0, 0.0036444444444444445), (13, 1.666666666666667e-05, 0.08370000000000001), (14, 0.0, 0.011383333333333334), (0, 0, 0), (0, 0, 0), (0, 0, 0)]","[(4017, 67.1, 10.106355555555554), (16092, 51.89998333333334, 6.106299999999999), (32198, 58.2, 11.628616666666666), (4026, 67.1, 10.11), (16105, 51.900000000000006, 6.1899999999999995), (32212, 58.2, 11.639999999999999)]","[0, 0, 0, 0, 0, 0]","[0, 0, 0, 0, 0, 0]"
506,"[26.160337552742618, 11.120710935571463, 14.021476010179382, 0.0, 0.0, 0.0]","[7, 5, 8, 0, 0, 0]","[661.7917987464132, 430.66165704593413, 1289.46189345464, 0, 0, 0]","[3367.2082012535866, 7671.338342954066, 14821.53810654536, 4029, 8102, 16111]","[4029, 8102, 16111, 4029, 8102, 16111]","[1054, 901, 2259, 0, 0, 0]","[10.685098952270081, 2.109497865735351, 2.0815310438494374, 0.0, 0.0, 0.0]","[458.92499999999995, 362.41173333333336, 715.2140666666667, 0, 0, 0]","[0.5754666666666666, 0.0035999999999999995, 7.707866666666667, 0, 0, 0]","[0.1344, 0.0144, 0.09373333333333332, 0, 0, 0]","[3836.075, 16817.588266666666, 33644.78593333333, 4295, 17180, 34360]","[371.42453333333333, 359.9964, 368.83213333333333, 372.0, 360.0, 376.54]","[199.8656, 304.9856, 266.6562666666667, 200.0, 305.0, 266.75]","[(11, 0.0, 0.048933333333333336), (7, 1.666666666666667e-05, 0.017522222222222227), (11, 0.00031666666666666665, 0.011083333333333334), (0, 0, 0), (0, 0, 0), (0, 0, 0)]","[(4015, 67.1, 10.061066666666665), (16098, 51.89998333333334, 6.172477777777777), (32201, 58.19968333333333, 11.628916666666665), (4026, 67.1, 10.11), (16105, 51.900000000000006, 6.1899999999999995), (32212, 58.2, 11.639999999999999)]","[0, 0, 0, 0, 0, 0]","[0, 0, 0, 0, 0, 0]"
507,"[22.263588979895758, 10.960256726734139, 14.14561479734343, 0.0, 0.0, 0.0]","[6, 5, 8, 0, 0, 0]","[354.5635838227654, 263.8449147475014, 1142.5882642754746, 0, 0, 0]","[3674.4364161772346, 7838.155085252499, 14968.411735724525, 4029, 8102, 16111]","[4029, 8102, 16111, 4029, 8102, 16111]","[897, 888, 2279, 0, 0, 0]","[5.826738067520371, 2.9708537058595264, 1.8352281722933645, 0.0, 0.0, 0.0]","[250.25839999999994, 510.3926666666666, 630.5844000000001, 0, 0, 0]","[0.013999999999999999, 0.006, 6.116, 0, 0, 0]","[0.009866666666666668, 0.024399999999999998, 0.11080000000000002, 0, 0, 0]","[4044.7416000000003, 16669.607333333333, 33729.4156, 4295, 17180, 34360]","[371.986, 359.994, 370.42400000000004, 372.0, 360.0, 376.54]","[199.99013333333335, 304.9756, 266.6392, 200.0, 305.0, 266.75]","[(11, 0.0006333333333333333, 0.0029055555555555553), (8, 1.666666666666667e-05, 0.019394444444444447), (13, 0.0, 0.008194444444444442), (0, 0, 0), (0, 0, 0), (0, 0, 0)]","[(4015, 67.09936666666665, 10.107094444444444), (16097, 51.89998333333334, 6.1706055555555555), (32199, 58.2, 11.631805555555554), (4026, 67.1, 10.11), (16105, 51.900000000000006, 6.1899999999999995), (32212, 58.2, 11.639999999999999)]","[0, 0, 0, 0, 0, 0]","[0, 0, 0, 0, 0, 0]"
508,"[20.82402581285679, 10.269069365588743, 14.331822978089503, 0.0, 0.0, 0.0]","[6, 6, 8, 0, 0, 0]","[604.9582641634702, 469.7396549044776, 555.2936385064354, 0, 0, 0]","[3424.04173583653, 7632.260345095522, 15555.706361493565, 4029, 8102, 16111]","[4029, 8102, 16111, 4029, 8102, 16111]","[839, 832, 2309, 0, 0, 0]","[3.6213317811408614, 2.4235766395032985, 0.44096973224679853, 0.0, 0.0, 0.0]","[155.5362, 416.3704666666667, 151.51719999999997, 0, 0, 0]","[0.10746666666666668, 0.016, 0.036533333333333334, 0, 0, 0]","[0.2085333333333333, 0.009066666666666667, 0.0005333333333333334, 0, 0, 0]","[4139.4637999999995, 16763.629533333333, 34208.4828, 4295, 17180, 34360]","[371.89253333333335, 359.984, 376.50346666666667, 372.0, 360.0, 376.54]","[199.79146666666668, 304.9909333333333, 266.74946666666665, 200.0, 305.0, 266.75]","[(14, 0.0048833333333333315, 0.03321111111111111), (14, 6.666666666666667e-05, 0.024538888888888888), (17, 0.0, 0.004366666666666666), (0, 0, 0), (0, 0, 0), (0, 0, 0)]","[(4012, 67.09511666666666, 10.076788888888888), (16091, 51.89993333333334, 6.16546111111111), (32195, 58.2, 11.635633333333333), (4026, 67.1, 10.11), (16105, 51.900000000000006, 6.1899999999999995), (32212, 58.2, 11.639999999999999)]","[0, 0, 0, 0, 0, 0]","[0, 0, 0, 0, 0, 0]"
509,"[29.33730454206999, 9.13354727227845, 7.330395382037118, 0.0, 0.0, 0.0]","[9, 5, 4, 0, 0, 0]","[425.1419444115963, 235.70985195425115, 815.3603240900289, 0, 0, 0]","[3603.8580555884037, 7866.2901480457485, 15295.639675909972, 4029, 8102, 16111]","[4029, 8102, 16111, 4029, 8102, 16111]","[1182, 740, 1181, 0, 0, 0]","[8.019681800543268, 1.3165622817229337, 0.4013019014357781, 0.0, 0.0, 0.0]","[344.44533333333334, 226.1854, 137.88733333333334, 0, 0, 0]","[0.6917333333333333, 0.014933333333333333, 0.0276, 0, 0, 0]","[0.6556, 0.008533333333333334, 0.00013333333333333337, 0, 0, 0]","[3950.554666666667, 16953.8146, 34222.11266666667, 4295, 17180, 34360]","[371.30826666666667, 359.9850666666667, 376.5124, 372.0, 360.0, 376.54]","[199.3444, 304.99146666666667, 266.74986666666666, 200.0, 305.0, 266.75]","[(20, 0.0030666666666666663, 0.08928333333333333), (12, 0.0, 0.0038277777777777776), (8, 0.0, 0.003244444444444444), (0, 0, 0), (0, 0, 0), (0, 0, 0)]","[(4006, 67.09693333333333, 10.020716666666667), (16093, 51.900000000000006, 6.186172222222222), (32204, 58.2, 11.636755555555554), (4026, 67.1, 10.11), (16105, 51.900000000000006, 6.1899999999999995), (32212, 58.2, 11.639999999999999)]","[0, 0, 0, 0, 0, 0]","[0, 0, 0, 0, 0, 0]"
510,"[35.49267808389178, 13.4658109108862, 12.66215629073304, 0.0, 0.0, 0.0]","[11, 6, 7, 0, 0, 0]","[723.1952682416779, 641.3098500069812, 1258.0868809784342, 0, 0, 0]","[3305.8047317583223, 7460.690149993019, 14852.913119021567, 4029, 8102, 16111]","[4029, 8102, 16111, 4029, 8102, 16111]","[1430, 1091, 2040, 0, 0, 0]","[16.859801319363598, 5.969181994567327, 1.2204342258440046, 0.0, 0.0, 0.0]","[724.1284666666666, 1025.5054666666667, 419.3412, 0, 0, 0]","[0.43920000000000003, 1.0690666666666668, 12.139466666666667, 0, 0, 0]","[0.36239999999999994, 0.3278666666666667, 12.072133333333337, 0, 0, 0]","[3570.8715333333334, 16154.494533333333, 33940.6588, 4295, 17180, 34360]","[371.5608, 358.9309333333333, 364.4005333333333, 372.0, 360.0, 376.54]","[199.6376, 304.6721333333333, 254.67786666666666, 200.0, 305.0, 266.75]","[(23, 0.00395, 0.10196666666666668), (13, 0.0, 0.010344444444444444), (13, 0.0, 0.0038222222222222225), (0, 0, 0), (0, 0, 0), (0, 0, 0)]","[(4003, 67.09604999999999, 10.008033333333334), (16092, 51.900000000000006, 6.179655555555555), (32199, 58.2, 11.636177777777776), (4026, 67.1, 10.11), (16105, 51.900000000000006, 6.1899999999999995), (32212, 58.2, 11.639999999999999)]","[0, 0, 0, 0, 0, 0]","[0, 0, 0, 0, 0, 0]"
511,"[33.10995284189625, 10.429523574426067, 12.041462354912792, 0.0, 0.0, 0.0]","[11, 5, 7, 0, 0, 0]","[547.7034008811013, 670.7764781400386, 1455.7220458522052, 0, 0, 0]","[3481.2965991188985, 7431.223521859962, 14655.277954147794, 4029, 8102, 16111]","[4029, 8102, 16111, 4029, 8102, 16111]","[1334, 845, 1940, 0, 0, 0]","[16.853870391928595, 5.748438106325184, 0.9256874272409779, 0.0, 0.0, 0.0]","[723.8737333333331, 987.5816666666666, 318.0662, 0, 0, 0]","[0.4476, 0.05653333333333333, 0.03093333333333333, 0, 0, 0]","[0.36333333333333334, 0.10653333333333331, 0.021333333333333333, 0, 0, 0]","[3571.126266666667, 16192.418333333333, 34041.9338, 4295, 17180, 34360]","[371.5524, 359.94346666666667, 376.5090666666667, 372.0, 360.0, 376.54]","[199.63666666666666, 304.89346666666665, 266.72866666666664, 200.0, 305.0, 266.75]","[(23, 0.0005166666666666667, 0.05824444444444445), (8, 0.0012, 0.06519444444444444), (11, 0.0, 0.006477777777777778), (0, 0, 0), (0, 0, 0), (0, 0, 0)]","[(4003, 67.09948333333332, 10.051755555555555), (16097, 51.89880000000001, 6.124805555555555), (32201, 58.2, 11.63352222222222), (4026, 67.1, 10.11), (16105, 51.900000000000006, 6.1899999999999995), (32212, 58.2, 11.639999999999999)]","[0, 0, 0, 0, 0, 0]","[0, 0, 0, 0, 0, 0]"
512,"[17.77115909655001, 23.512712910392498, 10.384209546272732, 0.0, 0.0, 0.0]","[6, 11, 6, 0, 0, 0]","[378.95707392569614, 1270.1531818828826, 542.324745042753, 0, 0, 0]","[3650.042926074304, 6831.846818117117, 15568.675254957247, 4029, 8102, 16111]","[4029, 8102, 16111, 4029, 8102, 16111]","[716, 1905, 1673, 0, 0, 0]","[13.252935972060534, 9.334212262320525, 0.7761552192471867, 0.0, 0.0, 0.0]","[569.2135999999999, 1603.6176666666663, 266.68693333333334, 0, 0, 0]","[0.4131999999999999, 0.11946666666666667, 0.031599999999999996, 0, 0, 0]","[0.35533333333333333, 0.13786666666666664, 0.014933333333333331, 0, 0, 0]","[3725.7864, 15576.382333333333, 34093.31306666667, 4295, 17180, 34360]","[371.5868, 359.88053333333335, 376.5084, 372.0, 360.0, 376.54]","[199.64466666666667, 304.86213333333336, 266.7350666666667, 200.0, 305.0, 266.75]","[(10, 0.00026666666666666673, 0.05448333333333332), (18, 0.044583333333333336, 0.14106666666666667), (8, 0.0, 0.005094444444444445), (0, 0, 0), (0, 0, 0), (0, 0, 0)]","[(4016, 67.09973333333333, 10.055516666666666), (16087, 51.85541666666667, 6.048933333333332), (32204, 58.2, 11.634905555555555), (4026, 67.1, 10.11), (16105, 51.900000000000006, 6.1899999999999995), (32212, 58.2, 11.639999999999999)]","[0, 0, 0, 0, 0, 0]","[0, 0, 0, 0, 0, 0]"
513,"[12.732688011913625, 27.05504813626265, 5.089690273726025, 0.0, 0.0, 0.0]","[5, 12, 3, 0, 0, 0]","[221.84443773059746, 1345.3629110182146, 697.2019777863399, 0, 0, 0]","[3807.1555622694027, 6756.637088981785, 15413.79802221366, 4029, 8102, 16111]","[4029, 8102, 16111, 4029, 8102, 16111]","[513, 2192, 820, 0, 0, 0]","[5.490422972448583, 8.824823826154443, 0.3326375630578192, 0.0, 0.0, 0.0]","[235.81366666666662, 1516.1047333333333, 114.29426666666667, 0, 0, 0]","[0.42133333333333334, 0.12306666666666666, 0.0184, 0, 0, 0]","[0.35493333333333327, 0.1413333333333333, 0.0004000000000000001, 0, 0, 0]","[4059.1863333333336, 15663.895266666666, 34245.705733333336, 4295, 17180, 34360]","[371.57866666666666, 359.87693333333334, 376.52160000000003, 372.0, 360.0, 376.54]","[199.64506666666668, 304.8586666666667, 266.7496, 200.0, 305.0, 266.75]","[(8, 0.0, 0.05183333333333333), (22, 0.47108333333333335, 0.13078333333333333), (5, 0.0, 0.002844444444444444), (0, 0, 0), (0, 0, 0), (0, 0, 0)]","[(4018, 67.1, 10.058166666666667), (16083, 51.42891666666667, 6.059216666666666), (32207, 58.2, 11.637155555555553), (4026, 67.1, 10.11), (16105, 51.900000000000006, 6.1899999999999995), (32212, 58.2, 11.639999999999999)]","[0, 0, 0, 0, 0, 0]","[0, 0, 0, 0, 0, 0]"
514,"[7.644576818069, 25.882498148605283, 9.87524051890013, 0.0, 0.0, 0.0]","[4, 11, 6, 0, 0, 0]","[163.1559233262675, 1148.8948036019226, 910.5543700289256, 0, 0, 0]","[3865.8440766737326, 6953.105196398077, 15200.445629971075, 4029, 8102, 16111]","[4029, 8102, 16111, 4029, 8102, 16111]","[308, 2097, 1591, 0, 0, 0]","[1.64890648040357, 7.498336437718277, 1.8442588280946839, 0.0, 0.0, 0.0]","[70.82053333333333, 1288.2142, 633.6873333333333, 0, 0, 0]","[0.00013333333333333337, 1.2085333333333337, 0.0216, 0, 0, 0]","[0.003466666666666667, 0.4513333333333334, 0.003333333333333333, 0, 0, 0]","[4224.1794666666665, 15891.7858, 33726.312666666665, 4295, 17180, 34360]","[371.99986666666666, 358.7914666666667, 376.51840000000004, 372.0, 360.0, 376.54]","[199.99653333333333, 304.5486666666667, 266.74666666666667, 200.0, 305.0, 266.75]","[(6, 0.0, 0.0010500000000000002), (21, 0.026499999999999996, 0.13202777777777777), (13, 0.0, 0.0039722222222222225), (0, 0, 0), (0, 0, 0), (0, 0, 0)]","[(4020, 67.1, 10.10895), (16084, 51.87350000000001, 6.057972222222221), (32199, 58.2, 11.636027777777777), (4026, 67.1, 10.11), (16105, 51.900000000000006, 6.1899999999999995), (32212, 58.2, 11.639999999999999)]","[0, 0, 0, 0, 0, 0]","[0, 0, 0, 0, 0, 0]"
515,"[18.739141226110696, 17.304369291532957, 12.699397926882256, 0.0, 0.0, 0.0]","[7, 8, 8, 0, 0, 0]","[413.8357255397676, 786.8018928077494, 1134.9631413235993, 0, 0, 0]","[3615.1642744602323, 7315.198107192251, 14976.036858676402, 4029, 8102, 16111]","[4029, 8102, 16111, 4029, 8102, 16111]","[755, 1402, 2046, 0, 0, 0]","[2.229207605743112, 4.062344974776873, 5.85118335273574, 0.0, 0.0, 0.0]","[95.74446666666665, 697.9108666666667, 2010.4666000000002, 0, 0, 0]","[0.0006666666666666666, 0.11906666666666665, 1.2101333333333335, 0, 0, 0]","[0.0038666666666666663, 0.1433333333333333, 0.3889333333333333, 0, 0, 0]","[4199.255533333333, 16482.089133333335, 32349.5334, 4295, 17180, 34360]","[371.9993333333333, 359.88093333333336, 375.3298666666667, 372.0, 360.0, 376.54]","[199.99613333333335, 304.8566666666667, 266.36106666666666, 200.0, 305.0, 266.75]","[(12, 0.0, 0.0011499999999999998), (16, 0.06475, 0.08399444444444444), (19, 0.011550000000000001, 0.4337666666666667), (0, 0, 0), (0, 0, 0), (0, 0, 0)]","[(4014, 67.1, 10.108849999999999), (16089, 51.83525000000001, 6.106005555555555), (32193, 58.18845, 11.206233333333332), (4026, 67.1, 10.11), (16105, 51.900000000000006, 6.1899999999999995), (32212, 58.2, 11.639999999999999)]","[0, 0, 0, 0, 0, 0]","[0, 0, 0, 0, 0, 0]"
516,"[27.376520228344503, 15.884966674895088, 13.313884923344299, 0.0, 0.0, 0.0]","[9, 7, 8, 0, 0, 0]","[517.821707794769, 642.5090116039135, 1307.7252738333766, 0, 0, 0]","[3511.1782922052307, 7459.490988396086, 14803.274726166623, 4029, 8102, 16111]","[4029, 8102, 16111, 4029, 8102, 16111]","[1103, 1287, 2145, 0, 0, 0]","[6.337820721769498, 3.9308727202173066, 7.0316959642995736, 0.0, 0.0, 0.0]","[272.20939999999996, 675.3239333333332, 2416.0907333333334, 0, 0, 0]","[0.0096, 0.11680000000000001, 0.8521333333333334, 0, 0, 0]","[0.0037333333333333333, 0.0944, 0.27253333333333335, 0, 0, 0]","[4022.7906000000003, 16504.676066666667, 31943.909266666666, 4295, 17180, 34360]","[371.9904, 359.8832, 375.6878666666667, 372.0, 360.0, 376.54]","[199.99626666666666, 304.9056, 266.47746666666666, 200.0, 305.0, 266.75]","[(17, 0.0, 0.0023666666666666667), (15, 0.0014, 0.05859444444444444), (20, 0.00036666666666666667, 0.24211666666666667), (0, 0, 0), (0, 0, 0), (0, 0, 0)]","[(4009, 67.1, 10.107633333333332), (16090, 51.89860000000001, 6.131405555555555), (32192, 58.19963333333334, 11.397883333333333), (4026, 67.1, 10.11), (16105, 51.900000000000006, 6.1899999999999995), (32212, 58.2, 11.639999999999999)]","[0, 0, 0, 0, 0, 0]","[0, 0, 0, 0, 0, 0]"
517,"[21.22114668652271, 17.649962972105655, 14.884240580969523, 0.0, 0.0, 0.0]","[6, 9, 9, 0, 0, 0]","[484.0706073275645, 685.6618418115656, 968.1228319678361, 0, 0, 0]","[3544.9293926724354, 7416.338158188434, 15142.877168032164, 4029, 8102, 16111]","[4029, 8102, 16111, 4029, 8102, 16111]","[855, 1430, 2398, 0, 0, 0]","[5.596707799767171, 1.9767403958090803, 8.904821691889794, 0.0, 0.0, 0.0]","[240.37859999999998, 339.604, 3059.6967333333328, 0, 0, 0]","[0.0112, 0.09879999999999999, 0.9877333333333331, 0, 0, 0]","[0.004666666666666666, 0.03506666666666667, 0.3236, 0, 0, 0]","[4054.6214, 16840.396, 31300.303266666666, 4295, 17180, 34360]","[371.9888, 359.9012, 375.5522666666667, 372.0, 360.0, 376.54]","[199.99533333333332, 304.9649333333333, 266.4264, 200.0, 305.0, 266.75]","[(13, 0.04578333333333333, 0.016216666666666667), (16, 0.0006666666666666666, 0.058188888888888894), (22, 0.0468, 0.29164444444444443), (0, 0, 0), (0, 0, 0), (0, 0, 0)]","[(4013, 67.05421666666666, 10.093783333333333), (16089, 51.89933333333334, 6.13181111111111), (32190, 58.153200000000005, 11.348355555555555), (4026, 67.1, 10.11), (16105, 51.900000000000006, 6.1899999999999995), (32212, 58.2, 11.639999999999999)]","[0, 0, 0, 0, 0, 0]","[0, 0, 0, 0, 0, 0]"
518,"[22.53660958054108, 11.725499876573686, 12.333188504748309, 0.0, 0.0, 0.0]","[6, 7, 8, 0, 0, 0]","[551.7977964841385, 481.80274901867796, 930.3059570926064, 0, 0, 0]","[3477.2022035158616, 7620.197250981322, 15180.694042907393, 4029, 8102, 16111]","[4029, 8102, 16111, 4029, 8102, 16111]","[908, 950, 1987, 0, 0, 0]","[4.816600698486613, 1.8193267365153278, 5.758614086146682, 0.0, 0.0, 0.0]","[206.873, 312.56033333333335, 1978.6598000000001, 0, 0, 0]","[0.0116, 0.056666666666666664, 1.2137333333333333, 0, 0, 0]","[0.005333333333333333, 0.02013333333333333, 0.3961333333333334, 0, 0, 0]","[4088.127, 16867.439666666665, 32381.3402, 4295, 17180, 34360]","[371.9884, 359.9433333333333, 375.3262666666667, 372.0, 360.0, 376.54]","[199.99466666666666, 304.9798666666667, 266.35386666666665, 200.0, 305.0, 266.75]","[(12, 0.0, 0.0017777777777777776), (13, 0.00055, 0.004994444444444445), (20, 0.00055, 0.38184444444444443), (0, 0, 0), (0, 0, 0), (0, 0, 0)]","[(4014, 67.1, 10.108222222222222), (16092, 51.89945000000001, 6.185005555555555), (32192, 58.199450000000006, 11.258155555555554), (4026, 67.1, 10.11), (16105, 51.900000000000006, 6.1899999999999995), (32212, 58.2, 11.639999999999999)]","[0, 0, 0, 0, 0, 0]","[0, 0, 0, 0, 0, 0]"
519,"[26.95457930007446, 12.478400394964206, 10.787660604555892, 0.0, 0.0, 0.0]","[9, 7, 7, 0, 0, 0]","[577.2655361518121, 786.7466106853581, 1023.331722737595, 0, 0, 0]","[3451.734463848188, 7315.253389314642, 15087.668277262404, 4029, 8102, 16111]","[4029, 8102, 16111, 4029, 8102, 16111]","[1086, 1011, 1738, 0, 0, 0]","[8.542744276290259, 1.38649049282111, 6.174668412883198, 0.0, 0.0, 0.0]","[366.91086666666666, 238.19906666666668, 2121.616066666667, 0, 0, 0]","[0.0848, 0.018533333333333332, 2.6601333333333335, 0, 0, 0]","[0.06586666666666666, 0.0015999999999999999, 0.3704, 0, 0, 0]","[3928.0891333333334, 16941.800933333332, 32238.383933333334, 4295, 17180, 34360]","[371.9152, 359.9814666666667, 373.8798666666667, 372.0, 360.0, 376.54]","[199.93413333333334, 304.9984, 266.3796, 200.0, 305.0, 266.75]","[(18, 0.0, 0.01556111111111111), (12, 0.0002833333333333333, 0.0054444444444444445), (15, 0.0, 0.00632222222222222), (0, 0, 0), (0, 0, 0), (0, 0, 0)]","[(4008, 67.1, 10.094438888888888), (16093, 51.89971666666667, 6.184555555555555), (32197, 58.2, 11.633677777777777), (4026, 67.1, 10.11), (16105, 51.900000000000006, 6.1899999999999995), (32212, 58.2, 11.639999999999999)]","[0, 0, 0, 0, 0, 0]","[0, 0, 0, 0, 0, 0]"
520,"[18.714321171506576, 18.6126882251296, 7.473154987275775, 0.0, 0.0, 0.0]","[7, 10, 5, 0, 0, 0]","[529.6411381275601, 615.3367171630902, 612.6557852109726, 0, 0, 0]","[3499.35886187244, 7486.66328283691, 15498.344214789027, 4029, 8102, 16111]","[4029, 8102, 16111, 4029, 8102, 16111]","[754, 1508, 1204, 0, 0, 0]","[4.984445479239427, 1.5253395421032208, 6.78196391152503, 0.0, 0.0, 0.0]","[214.08193333333338, 262.05333333333334, 2330.2828000000004, 0, 0, 0]","[0.09079999999999999, 0.06266666666666666, 1.5944, 0, 0, 0]","[0.07039999999999999, 0.03599999999999999, 0.11426666666666667, 0, 0, 0]","[4080.9180666666666, 16917.946666666667, 32029.7172, 4295, 17180, 34360]","[371.9092, 359.93733333333336, 374.9456, 372.0, 360.0, 376.54]","[199.9296, 304.964, 266.63573333333335, 200.0, 305.0, 266.75]","[(15, 0.0, 0.013705555555555554), (17, 0.0005166666666666667, 0.00565), (10, 0.0, 0.005483333333333333), (0, 0, 0), (0, 0, 0), (0, 0, 0)]","[(4011, 67.1, 10.096294444444444), (16088, 51.899483333333336, 6.184349999999999), (32202, 58.2, 11.634516666666665), (4026, 67.1, 10.11), (16105, 51.900000000000006, 6.1899999999999995), (32212, 58.2, 11.639999999999999)]","[0, 0, 0, 0, 0, 0]","[0, 0, 0, 0, 0, 0]"
521,"[22.313229089103995, 12.861021969883978, 12.122152566569424, 0.0, 0.0, 0.0]","[8, 7, 7, 0, 0, 0]","[577.4106522715634, 583.1205898370938, 996.1217449741805, 0, 0, 0]","[3451.5893477284367, 7518.879410162906, 15114.87825502582, 4029, 8102, 16111]","[4029, 8102, 16111, 4029, 8102, 16111]","[899, 1042, 1953, 0, 0, 0]","[5.6456608459448985, 1.8452665890570434, 3.0198112145906095, 0.0, 0.0, 0.0]","[242.4811333333334, 317.01680000000005, 1037.6071333333334, 0, 0, 0]","[0.09226666666666666, 0.05226666666666667, 0.041466666666666666, 0, 0, 0]","[0.06173333333333333, 0.032266666666666666, 0.0624, 0, 0, 0]","[4052.518866666667, 16862.9832, 33322.39286666667, 4295, 17180, 34360]","[371.90773333333334, 359.94773333333336, 376.49853333333334, 372.0, 360.0, 376.54]","[199.93826666666666, 304.96773333333334, 266.6876, 200.0, 305.0, 266.75]","[(17, 0.0, 0.014661111111111114), (13, 0.0020666666666666663, 0.02122222222222222), (12, 0.0, 0.011844444444444446), (0, 0, 0), (0, 0, 0), (0, 0, 0)]","[(4009, 67.1, 10.095338888888888), (16092, 51.89793333333334, 6.168777777777778), (32200, 58.2, 11.628155555555555), (4026, 67.1, 10.11), (16105, 51.900000000000006, 6.1899999999999995), (32212, 58.2, 11.639999999999999)]","[0, 0, 0, 0, 0, 0]","[0, 0, 0, 0, 0, 0]"
522,"[26.383718044179698, 13.564551962478399, 13.245608590404071, 0.0, 0.0, 0.0]","[8, 7, 7, 0, 0, 0]","[405.98669817403623, 442.7279767789215, 1337.5567217669197, 0, 0, 0]","[3623.013301825964, 7659.272023221079, 14773.44327823308, 4029, 8102, 16111]","[4029, 8102, 16111, 4029, 8102, 16111]","[1063, 1099, 2134, 0, 0, 0]","[4.798269305393869, 2.2379208381839346, 0.7770415211486225, 0.0, 0.0, 0.0]","[206.08566666666667, 384.47479999999996, 266.99146666666667, 0, 0, 0]","[0.0844, 0.03866666666666667, 0.010133333333333334, 0, 0, 0]","[0.0668, 0.0276, 0.0002666666666666667, 0, 0, 0]","[4088.914333333333, 16795.5252, 34093.00853333333, 4295, 17180, 34360]","[371.9156, 359.96133333333336, 376.5298666666667, 372.0, 360.0, 376.54]","[199.9332, 304.9724, 266.7497333333333, 200.0, 305.0, 266.75]","[(17, 0.0, 0.013683333333333332), (14, 0.4706166666666667, 0.09458333333333334), (14, 0.0, 0.04838888888888889), (0, 0, 0), (0, 0, 0), (0, 0, 0)]","[(4009, 67.1, 10.096316666666667), (16091, 51.42938333333334, 6.095416666666666), (32198, 58.2, 11.59161111111111), (4026, 67.1, 10.11), (16105, 51.900000000000006, 6.1899999999999995), (32212, 58.2, 11.639999999999999)]","[2, 0, 0, 0, 0, 0]","[0, 0, 0, 0, 0, 0]"
523,"[20.997766195085628, 13.453468279437175, 13.798026193284091, 0.0, 0.0, 0.0]","[6, 9, 8, 0, 0, 0]","[349.76461211990886, 796.5108620331964, 1415.3514905946652, 0, 0, 0]","[3679.2353878800914, 7305.489137966803, 14695.648509405335, 4029, 8102, 16111]","[4029, 8102, 16111, 4029, 8102, 16111]","[846, 1090, 2223, 0, 0, 0]","[0.9958168412883199, 2.4866383391540543, 3.8634893286767555, 0.0, 0.0, 0.0]","[42.77033333333334, 427.2044666666665, 1327.4949333333334, 0, 0, 0]","[0.00013333333333333337, 0.05426666666666667, 0.010266666666666665, 0, 0, 0]","[0.0015999999999999999, 0.026133333333333328, 0.0024, 0, 0, 0]","[4252.229666666667, 16752.795533333334, 33032.505066666665, 4295, 17180, 34360]","[371.99986666666666, 359.94573333333335, 376.52973333333335, 372.0, 360.0, 376.54]","[199.9984, 304.97386666666665, 266.7476, 200.0, 305.0, 266.75]","[(12, 0.0, 0.0007888888888888889), (19, 1.666666666666667e-05, 0.02036666666666667), (17, 0.0, 0.0203), (0, 0, 0), (0, 0, 0), (0, 0, 0)]","[(4014, 67.1, 10.10921111111111), (16086, 51.89998333333334, 6.169633333333333), (32195, 58.2, 11.619699999999998), (4026, 67.1, 10.11), (16105, 51.900000000000006, 6.1899999999999995), (32212, 58.2, 11.639999999999999)]","[2, 0, 0, 0, 0, 0]","[0, 0, 0, 0, 0, 0]"
524,"[28.691983122362867, 12.749938286842754, 12.910433865061139, 0.0, 0.0, 0.0]","[7, 8, 8, 0, 0, 0]","[464.6431944437072, 653.0689087087477, 1282.790346341027, 0, 0, 0]","[3564.356805556293, 7448.931091291252, 14828.209653658972, 4029, 8102, 16111]","[4029, 8102, 16111, 4029, 8102, 16111]","[1156, 1033, 2080, 0, 0, 0]","[1.7007807528133487, 2.946180830422972, 3.4710849825378345, 0.0, 0.0, 0.0]","[73.04853333333332, 506.1538666666666, 1192.6648, 0, 0, 0]","[0.031999999999999994, 0.023733333333333335, 0.007333333333333333, 0, 0, 0]","[0.04093333333333333, 0.026266666666666667, 0.008266666666666665, 0, 0, 0]","[4221.951466666666, 16673.846133333333, 33167.3352, 4295, 17180, 34360]","[371.968, 359.9762666666667, 376.53266666666667, 372.0, 360.0, 376.54]","[199.95906666666667, 304.9737333333333, 266.74173333333334, 200.0, 305.0, 266.75]","[(15, 0.0, 0.0011055555555555558), (17, 0.06461666666666667, 0.04005555555555556), (15, 1.666666666666667e-05, 0.01922777777777778), (0, 0, 0), (0, 0, 0), (0, 0, 0)]","[(4011, 67.1, 10.108894444444443), (16088, 51.83538333333334, 6.1499444444444435), (32197, 58.199983333333336, 11.620772222222222), (4026, 67.1, 10.11), (16105, 51.900000000000006, 6.1899999999999995), (32212, 58.2, 11.639999999999999)]","[4, 0, 0, 0, 0, 0]","[0, 2, 0, 0, 0, 0]"
525,"[28.840903449987593, 11.503332510491235, 11.830426416733907, 0.0, 0.0, 0.0]","[7, 7, 8, 0, 0, 0]","[245.6812442833224, 574.5077529979266, 1033.5760347369674, 0, 0, 0]","[3783.3187557166775, 7527.492247002074, 15077.423965263033, 4029, 8102, 16111]","[4029, 8102, 16111, 4029, 8102, 16111]","[1162, 932, 1906, 0, 0, 0]","[1.4301885913853318, 2.0482107101280556, 3.581329452852154, 0.0, 0.0, 0.0]","[61.4266, 351.88259999999997, 1230.5448000000001, 0, 0, 0]","[0.027466666666666667, 0.017333333333333333, 0.0308, 0, 0, 0]","[0.030933333333333337, 0.013866666666666666, 0.033733333333333324, 0, 0, 0]","[4233.5734, 16828.1174, 33129.4552, 4295, 17180, 34360]","[371.97253333333333, 359.98266666666666, 376.5092, 372.0, 360.0, 376.54]","[199.96906666666666, 304.9861333333333, 266.7162666666667, 200.0, 305.0, 266.75]","[(15, 0.0, 0.0008722222222222223), (14, 0.0013, 0.0028777777777777777), (15, 0.04671666666666667, 0.00435), (0, 0, 0), (0, 0, 0), (0, 0, 0)]","[(4011, 67.1, 10.109127777777777), (16091, 51.898700000000005, 6.1871222222222215), (32197, 58.153283333333334, 11.635649999999998), (4026, 67.1, 10.11), (16105, 51.900000000000006, 6.1899999999999995), (32212, 58.2, 11.639999999999999)]","[4, 0, 0, 0, 0, 0]","[0, 2, 0, 0, 0, 0]"
526,"[36.46066021345247, 16.99580350530733, 11.973186021972564, 0.0, 0.0, 0.0]","[7, 8, 7, 0, 0, 0]","[641.8788580372253, 985.9681880733299, 1245.1410418294395, 0, 0, 0]","[3387.121141962775, 7116.03181192667, 14865.85895817056, 4029, 8102, 16111]","[4029, 8102, 16111, 4029, 8102, 16111]","[1469, 1377, 1929, 0, 0, 0]","[3.947864959254948, 1.7112378734963136, 3.4942279782693055, 0.0, 0.0, 0.0]","[169.5608, 293.9906666666667, 1200.6167333333333, 0, 0, 0]","[1.1947999999999999, 0.0196, 0.021066666666666668, 0, 0, 0]","[1.2182666666666668, 0.02466666666666667, 0.020666666666666663, 0, 0, 0]","[4125.4392, 16886.00933333333, 33159.383266666664, 4295, 17180, 34360]","[370.8052, 359.9804, 376.51893333333334, 372.0, 360.0, 376.54]","[198.78173333333334, 304.9753333333333, 266.72933333333333, 200.0, 305.0, 266.75]","[(14, 0.0014833333333333332, 0.007527777777777777), (16, 1.666666666666667e-05, 0.00215), (14, 0.0, 0.0017), (0, 0, 0), (0, 0, 0), (0, 0, 0)]","[(4012, 67.09851666666665, 10.102472222222222), (16089, 51.89998333333334, 6.187849999999999), (32198, 58.2, 11.6383), (4026, 67.1, 10.11), (16105, 51.900000000000006, 6.1899999999999995), (32212, 58.2, 11.639999999999999)]","[6, 0, 0, 0, 0, 0]","[0, 2, 0, 0, 0, 0]"
527,"[44.15487714072971, 18.254751913107874, 11.12904226925703, 0.0, 0.0, 0.0]","[8, 8, 6, 0, 0, 0]","[859.149268760613, 889.2101384196692, 821.3102168119751, 0, 0, 0]","[3169.8507312393867, 7212.789861580331, 15289.689783188025, 4029, 8102, 16111]","[4029, 8102, 16111, 4029, 8102, 16111]","[1779, 1479, 1793, 0, 0, 0]","[5.068845944897168, 1.1293783469150172, 3.4413313930927427, 0.0, 0.0, 0.0]","[217.70693333333335, 194.02719999999994, 1182.4414666666664, 0, 0, 0]","[0.057866666666666663, 0.022266666666666667, 0.029866666666666666, 0, 0, 0]","[0.06373333333333334, 0.01786666666666667, 0.021466666666666665, 0, 0, 0]","[4077.2930666666666, 16985.9728, 33177.55853333334, 4295, 17180, 34360]","[371.94213333333335, 359.97773333333333, 376.51013333333333, 372.0, 360.0, 376.54]","[199.93626666666665, 304.9821333333333, 266.72853333333336, 200.0, 305.0, 266.75]","[(17, 0.0, 0.009155555555555556), (15, 3.3333333333333335e-05, 0.0024444444444444444), (13, 1.666666666666667e-05, 0.002494444444444444), (0, 0, 0), (0, 0, 0), (0, 0, 0)]","[(4009, 67.1, 10.100844444444444), (16090, 51.89996666666667, 6.187555555555555), (32199, 58.199983333333336, 11.637505555555554), (4026, 67.1, 10.11), (16105, 51.900000000000006, 6.1899999999999995), (32212, 58.2, 11.639999999999999)]","[6, 0, 0, 0, 0, 0]","[0, 2, 0, 0, 0, 0]"
528,"[31.322908910399605, 16.31695877561096, 12.457327291912359, 0.0, 0.0, 0.0]","[9, 6, 7, 0, 0, 0]","[653.1419041925174, 601.6217070848866, 970.4270996935596, 0, 0, 0]","[3375.8580958074826, 7500.378292915113, 15140.57290030644, 4029, 8102, 16111]","[4029, 8102, 16111, 4029, 8102, 16111]","[1262, 1322, 2007, 0, 0, 0]","[5.918915350074839, 1.0352902599922391, 3.4667630966239824, 0.0, 0.0, 0.0]","[254.2174142857143, 177.86286666666666, 1191.1798000000003, 0, 0, 0]","[0.0756, 0.022933333333333333, 8.268799999999999, 0, 0, 0]","[0.08666666666666667, 0.019200000000000002, 8.284000000000002, 0, 0, 0]","[4040.7825857142857, 17002.137133333334, 33168.8202, 4295, 17180, 34360]","[371.9244, 359.97706666666664, 368.2712, 372.0, 360.0, 376.54]","[199.91333333333333, 304.9808, 258.466, 200.0, 305.0, 266.75]","[(18, 0.0, 0.00768968253968254), (11, 5e-05, 0.002438888888888889), (18, 0.0, 0.0019722222222222224), (0, 0, 0), (0, 0, 0), (0, 0, 0)]","[(4008, 67.1, 10.102310317460317), (16094, 51.899950000000004, 6.18756111111111), (32194, 58.2, 11.638027777777777), (4026, 67.1, 10.11), (16105, 51.900000000000006, 6.1899999999999995), (32212, 58.2, 11.639999999999999)]","[0, 0, 0, 0, 0, 0]","[0, 0, 0, 0, 0, 0]"
529,"[36.31173988582775, 16.711922981979757, 13.990441313388368, 0.0, 0.0, 0.0]","[10, 6, 8, 0, 0, 0]","[767.0762275942208, 1087.3220705856465, 998.2664536852949, 0, 0, 0]","[3261.9237724057793, 7014.6779294143535, 15112.733546314705, 4029, 8102, 16111]","[4029, 8102, 16111, 4029, 8102, 16111]","[1463, 1354, 2254, 0, 0, 0]","[7.858933311159156, 0.875324020178502, 3.4778240201785016, 0.0, 0.0, 0.0]","[337.54118571428575, 150.38066666666666, 1194.9803333333332, 0, 0, 0]","[0.03133333333333333, 0.03453333333333333, 24.281733333333342, 0, 0, 0]","[0.015733333333333332, 0.04373333333333333, 24.336266666666663, 0, 0, 0]","[3957.458814285714, 17029.619333333332, 33165.01966666667, 4295, 17180, 34360]","[371.96866666666665, 359.96546666666666, 352.25826666666666, 372.0, 360.0, 376.54]","[199.98426666666666, 304.9562666666667, 242.41373333333334, 200.0, 305.0, 266.75]","[(21, 0.0, 0.008378968253968253), (9, 0.0012833333333333332, 0.008772222222222221), (19, 0.0, 0.0020166666666666666), (0, 0, 0), (0, 0, 0), (0, 0, 0)]","[(4005, 67.1, 10.101621031746031), (16096, 51.89871666666667, 6.181227777777777), (32193, 58.2, 11.637983333333333), (4026, 67.1, 10.11), (16105, 51.900000000000006, 6.1899999999999995), (32212, 58.2, 11.639999999999999)]","[0, 0, 0, 0, 0, 0]","[0, 0, 0, 0, 0, 0]"
530,"[36.88260114172251, 24.339669217477166, 8.162125256036248, 0.0, 0.0, 0.0]","[10, 9, 5, 0, 0, 0]","[897.8278532697786, 952.4544945556909, 765.7724924621964, 0, 0, 0]","[3131.1721467302214, 7149.545505444309, 15345.227507537804, 4029, 8102, 16111]","[4029, 8102, 16111, 4029, 8102, 16111]","[1486, 1972, 1315, 0, 0, 0]","[6.225454404346139, 1.4775258051998448, 0.25023515715948774, 0.0, 0.0, 0.0]","[267.38326666666666, 253.83893333333336, 85.9808, 0, 0, 0]","[0.019866666666666668, 0.015066666666666666, 20.592666666666666, 0, 0, 0]","[0.019066666666666666, 0.005733333333333333, 20.647333333333332, 0, 0, 0]","[4027.6167333333333, 16926.161066666667, 34274.0192, 4295, 17180, 34360]","[371.98013333333336, 359.98493333333334, 355.94733333333335, 372.0, 360.0, 376.54]","[199.98093333333333, 304.99426666666665, 246.10266666666666, 200.0, 305.0, 266.75]","[(21, 0.0006000000000000001, 0.0064333333333333334), (15, 0.0, 0.010094444444444444), (13, 0.0, 0.0008500000000000001), (0, 0, 0), (0, 0, 0), (0, 0, 0)]","[(4005, 67.09939999999999, 10.103566666666666), (16090, 51.900000000000006, 6.179905555555555), (32199, 58.2, 11.639149999999999), (4026, 67.1, 10.11), (16105, 51.900000000000006, 6.1899999999999995), (32212, 58.2, 11.639999999999999)]","[0, 0, 0, 0, 0, 0]","[0, 0, 0, 0, 0, 0]"
531,"[33.03549267808389, 22.117995556652676, 9.937309912482155, 0.0, 0.0, 0.0]","[9, 9, 6, 0, 0, 0]","[889.961897252796, 1006.2295409846165, 288.02965803873417, 0, 0, 0]","[3139.038102747204, 7095.7704590153835, 15822.970341961265, 4029, 8102, 16111]","[4029, 8102, 16111, 4029, 8102, 16111]","[1331, 1792, 1601, 0, 0, 0]","[5.960998059759409, 1.2389825378346913, 0.41553899883585554, 0.0, 0.0, 0.0]","[256.02486666666664, 212.85719999999998, 142.77919999999997, 0, 0, 0]","[0.0188, 0.0264, 21.97946666666667, 0, 0, 0]","[0.007466666666666667, 0.04719999999999999, 22.025733333333335, 0, 0, 0]","[4038.9751333333334, 16967.1428, 34217.2208, 4295, 17180, 34360]","[371.9812, 359.9736, 354.56053333333335, 372.0, 360.0, 376.54]","[199.99253333333334, 304.9528, 244.72426666666667, 200.0, 305.0, 266.75]","[(19, 0.00031666666666666665, 0.005255555555555555), (16, 0.00015, 0.030194444444444447), (15, 0.0, 0.001922222222222222), (0, 0, 0), (0, 0, 0), (0, 0, 0)]","[(4007, 67.09968333333333, 10.104744444444444), (16089, 51.89985000000001, 6.159805555555555), (32197, 58.2, 11.638077777777777), (4026, 67.1, 10.11), (16105, 51.900000000000006, 6.1899999999999995), (32212, 58.2, 11.639999999999999)]","[0, 0, 0, 0, 0, 0]","[0, 0, 0, 0, 0, 0]"
532,"[32.86175229585505, 16.55146877314243, 6.7717708397988945, 0.0, 0.0, 0.0]","[9, 8, 4, 0, 0, 0]","[347.4871814539051, 693.1554775910064, 627.9263137973953, 0, 0, 0]","[3681.512818546095, 7408.844522408994, 15483.073686202604, 4029, 8102, 16111]","[4029, 8102, 16111, 4029, 8102, 16111]","[1324, 1341, 1091, 0, 0, 0]","[6.028111757857975, 2.9972937524253, 0.524766783081102, 0.0, 0.0, 0.0]","[258.9074, 514.9350666666666, 180.30986666666666, 0, 0, 0]","[0.010533333333333334, 0.005599999999999999, 0.0108, 0, 0, 0]","[0.0088, 0.008933333333333335, 0.0012, 0, 0, 0]","[4036.0926, 16665.064933333335, 34179.69013333333, 4295, 17180, 34360]","[371.98946666666666, 359.9944, 376.5292, 372.0, 360.0, 376.54]","[199.9912, 304.99106666666665, 266.7488, 200.0, 305.0, 266.75]","[(18, 0.00036666666666666667, 0.010194444444444443), (16, 0.0037166666666666667, 0.007333333333333333), (7, 0.0, 0.02996666666666667), (0, 0, 0), (0, 0, 0), (0, 0, 0)]","[(4008, 67.09963333333333, 10.099805555555555), (16089, 51.896283333333336, 6.182666666666666), (32205, 58.2, 11.610033333333332), (4026, 67.1, 10.11), (16105, 51.900000000000006, 6.1899999999999995), (32212, 58.2, 11.639999999999999)]","[0, 0, 0, 0, 0, 0]","[0, 0, 0, 0, 0, 0]"
533,"[22.90891039960288, 19.057022957294496, 8.522127738811992, 0.0, 0.0, 0.0]","[6, 11, 5, 0, 0, 0]","[561.3424028478208, 1054.7645366314453, 892.2582721774834, 0, 0, 0]","[3467.6575971521793, 7047.2354633685545, 15218.741727822517, 4029, 8102, 16111]","[4029, 8102, 16111, 4029, 8102, 16111]","[923, 1544, 1373, 0, 0, 0]","[3.3477050834303452, 3.345431121459061, 0.4010415211486225, 0.0, 0.0, 0.0]","[143.78393333333332, 574.7450666666666, 137.7978666666667, 0, 0, 0]","[0.022, 1.172, 0.012933333333333331, 0, 0, 0]","[0.017466666666666665, 1.2005333333333335, 0.011999999999999999, 0, 0, 0]","[4151.216066666667, 16605.254933333334, 34222.20213333333, 4295, 17180, 34360]","[371.978, 358.828, 376.5270666666667, 372.0, 360.0, 376.54]","[199.98253333333332, 303.79946666666666, 266.738, 200.0, 305.0, 266.75]","[(13, 0.0, 0.0026388888888888885), (19, 0.040016666666666666, 0.02574444444444445), (8, 0.0, 0.001827777777777778), (0, 0, 0), (0, 0, 0), (0, 0, 0)]","[(4013, 67.1, 10.10736111111111), (16086, 51.85998333333334, 6.164255555555555), (32204, 58.2, 11.63817222222222), (4026, 67.1, 10.11), (16105, 51.900000000000006, 6.1899999999999995), (32212, 58.2, 11.639999999999999)]","[0, 0, 0, 0, 0, 0]","[0, 0, 0, 0, 0, 0]"
534,"[23.57905187391412, 17.452480868921256, 10.756625907764882, 0.0, 0.0, 0.0]","[7, 10, 6, 0, 0, 0]","[596.1708435792822, 777.2441594786186, 1045.2371265528495, 0, 0, 0]","[3432.829156420718, 7324.755840521381, 15065.762873447151, 4029, 8102, 16111]","[4029, 8102, 16111, 4029, 8102, 16111]","[950, 1414, 1733, 0, 0, 0]","[4.817615832363212, 3.925518432285603, 3.595315289095847, 0.0, 0.0, 0.0]","[206.9166, 674.4040666666666, 1235.350333333333, 0, 0, 0]","[0.022533333333333336, 0.12360000000000003, 0.020133333333333336, 0, 0, 0]","[0.019733333333333332, 0.2236, 0.015866666666666664, 0, 0, 0]","[4088.0834, 16505.595933333334, 33124.649666666664, 4295, 17180, 34360]","[371.97746666666666, 359.8764, 376.5198666666667, 372.0, 360.0, 376.54]","[199.98026666666667, 304.7764, 266.7341333333333, 200.0, 305.0, 266.75]","[(17, 0.0, 0.04621111111111111), (17, 0.005149999999999998, 0.03859444444444443), (12, 0.0, 0.0019444444444444442), (0, 0, 0), (0, 0, 0), (0, 0, 0)]","[(4009, 67.1, 10.063788888888888), (16088, 51.894850000000005, 6.151405555555555), (32200, 58.2, 11.638055555555555), (4026, 67.1, 10.11), (16105, 51.900000000000006, 6.1899999999999995), (32212, 58.2, 11.639999999999999)]","[0, 0, 0, 0, 0, 0]","[0, 0, 0, 0, 0, 0]"
535,"[22.90891039960288, 14.08294248333745, 11.842840295450314, 0.0, 0.0, 0.0]","[7, 8, 7, 0, 0, 0]","[271.0802976904046, 381.78227520266694, 797.3219298191539, 0, 0, 0]","[3757.9197023095953, 7720.217724797333, 15313.678070180846, 4029, 8102, 16111]","[4029, 8102, 16111, 4029, 8102, 16111]","[923, 1141, 1908, 0, 0, 0]","[8.334213426464881, 1.132430733410943, 3.692590221187427, 0.0, 0.0, 0.0]","[357.9544666666667, 194.55159999999998, 1268.774, 0, 0, 0]","[0.02133333333333333, 0.12173333333333333, 0.017466666666666665, 0, 0, 0]","[0.015733333333333332, 0.20973333333333335, 0.004266666666666667, 0, 0, 0]","[3937.0455333333334, 16985.4484, 33091.226, 4295, 17180, 34360]","[371.97866666666664, 359.87826666666666, 376.52253333333334, 372.0, 360.0, 376.54]","[199.98426666666666, 304.79026666666664, 266.7457333333333, 200.0, 305.0, 266.75]","[(19, 0.5191666666666667, 0.03188333333333334), (14, 0.0, 0.030127777777777774), (13, 3.3333333333333335e-05, 0.005888888888888889), (0, 0, 0), (0, 0, 0), (0, 0, 0)]","[(4007, 66.58083333333333, 10.078116666666666), (16091, 51.900000000000006, 6.159872222222222), (32199, 58.19996666666667, 11.63411111111111), (4026, 67.1, 10.11), (16105, 51.900000000000006, 6.1899999999999995), (32212, 58.2, 11.639999999999999)]","[0, 0, 0, 0, 0, 0]","[0, 0, 0, 0, 0, 0]"
536,"[17.795979151154132, 14.070599851888424, 13.692508224194649, 0.0, 0.0, 0.0]","[6, 8, 8, 0, 0, 0]","[512.9164260987843, 603.8489477917495, 1217.6542727472902, 0, 0, 0]","[3516.0835739012155, 7498.151052208251, 14893.34572725271, 4029, 8102, 16111]","[4029, 8102, 16111, 4029, 8102, 16111]","[717, 1140, 2206, 0, 0, 0]","[6.259056266977105, 1.2878172293364378, 0.6173298409002717, 0.0, 0.0, 0.0]","[268.82646666666665, 221.247, 212.11453333333333, 0, 0, 0]","[0.01813333333333333, 0.12026666666666666, 0.023066666666666666, 0, 0, 0]","[0.0002666666666666667, 0.20986666666666673, 0.013599999999999998, 0, 0, 0]","[4026.1735333333336, 16958.753, 34147.88546666667, 4295, 17180, 34360]","[371.9818666666667, 359.8797333333333, 376.5169333333333, 372.0, 360.0, 376.54]","[199.99973333333332, 304.79013333333336, 266.7364, 200.0, 305.0, 266.75]","[(17, 0.0, 0.00295), (16, 0.009566666666666666, 0.03358333333333333), (18, 0.0, 0.006694444444444444), (0, 0, 0), (0, 0, 0), (0, 0, 0)]","[(4009, 67.1, 10.10705), (16089, 51.89043333333334, 6.156416666666666), (32194, 58.2, 11.633305555555554), (4026, 67.1, 10.11), (16105, 51.900000000000006, 6.1899999999999995), (32212, 58.2, 11.639999999999999)]","[0, 0, 0, 0, 0, 0]","[0, 0, 0, 0, 0, 0]"
537,"[19.012161826756017, 14.021229326092321, 13.506300043448574, 0.0, 0.0, 0.0]","[7, 7, 8, 0, 0, 0]","[420.5725274662856, 708.5615777965719, 1264.8973847648667, 0, 0, 0]","[3608.4274725337145, 7393.438422203428, 14846.102615235133, 4029, 8102, 16111]","[4029, 8102, 16111, 4029, 8102, 16111]","[766, 1136, 2176, 0, 0, 0]","[6.114598370197904, 6.989473806752036, 0.8340065968180054, 0.0, 0.0, 0.0]","[262.622, 1200.7915999999998, 286.56466666666665, 0, 0, 0]","[0.02266666666666667, 0.008933333333333333, 0.023333333333333338, 0, 0, 0]","[0.0004, 0.0068, 0.01893333333333333, 0, 0, 0]","[4032.378, 15979.2084, 34073.435333333335, 4295, 17180, 34360]","[371.9773333333333, 359.99106666666665, 376.5166666666667, 372.0, 360.0, 376.54]","[199.9996, 304.9932, 266.73106666666666, 200.0, 305.0, 266.75]","[(18, 0.06446666666666667, 0.025461111111111115), (15, 0.0002333333333333333, 0.0019500000000000001), (18, 0.0004166666666666667, 0.003966666666666666), (0, 0, 0), (0, 0, 0), (0, 0, 0)]","[(4008, 67.03553333333333, 10.084538888888888), (16090, 51.89976666666667, 6.18805), (32194, 58.19958333333334, 11.636033333333332), (4026, 67.1, 10.11), (16105, 51.900000000000006, 6.1899999999999995), (32212, 58.2, 11.639999999999999)]","[0, 0, 0, 0, 0, 0]","[0, 0, 0, 0, 0, 0]"
538,"[24.298833457433606, 13.626265119723524, 15.337347154118305, 0.0, 0.0, 0.0]","[8, 6, 8, 0, 0, 0]","[452.1433922980143, 588.2158064381543, 1224.8405969894498, 0, 0, 0]","[3576.856607701986, 7513.784193561845, 14886.15940301055, 4029, 8102, 16111]","[4029, 8102, 16111, 4029, 8102, 16111]","[979, 1104, 2471, 0, 0, 0]","[5.283515715948777, 6.476784245246411, 0.7324080325960418, 0.0, 0.0, 0.0]","[226.92699999999996, 1112.7115333333334, 251.6554, 0, 0, 0]","[0.0312, 0.0, 12.120800000000001, 0, 0, 0]","[0.0006666666666666668, 0.006666666666666666, 12.060533333333337, 0, 0, 0]","[4068.073, 16067.288466666667, 34108.3446, 4295, 17180, 34360]","[371.9688, 360.0, 364.41920000000005, 372.0, 360.0, 376.54]","[199.99933333333334, 304.99333333333334, 254.68946666666668, 200.0, 305.0, 266.75]","[(19, 0.0012833333333333334, 0.003727777777777778), (12, 0.00048333333333333334, 0.01422777777777778), (16, 0.0, 0.0027555555555555554), (0, 0, 0), (0, 0, 0), (0, 0, 0)]","[(4007, 67.09871666666666, 10.106272222222222), (16093, 51.89951666666667, 6.175772222222221), (32196, 58.2, 11.637244444444443), (4026, 67.1, 10.11), (16105, 51.900000000000006, 6.1899999999999995), (32212, 58.2, 11.639999999999999)]","[0, 0, 0, 0, 0, 0]","[0, 0, 0, 0, 0, 0]"
539,"[19.40928270042194, 13.3176993334979, 12.202842778226056, 0.0, 0.0, 0.0]","[7, 7, 7, 0, 0, 0]","[401.30403713232033, 769.6295685851201, 672.3437388664386, 0, 0, 0]","[3627.6959628676796, 7332.37043141488, 15438.656261133561, 4029, 8102, 16111]","[4029, 8102, 16111, 4029, 8102, 16111]","[782, 1079, 1966, 0, 0, 0]","[4.6813084982537845, 8.456592549476136, 0.673918509895227, 0.0, 0.0, 0.0]","[201.06220000000002, 1452.8426000000002, 231.55839999999998, 0, 0, 0]","[0.021066666666666664, 0.004933333333333333, 0.17666666666666667, 0, 0, 0]","[0.008533333333333332, 0.024800000000000003, 0.021733333333333334, 0, 0, 0]","[4093.9378, 15727.1574, 34128.4416, 4295, 17180, 34360]","[371.9789333333333, 359.9950666666667, 376.36333333333334, 372.0, 360.0, 376.54]","[199.99146666666667, 304.9752, 266.7282666666667, 200.0, 305.0, 266.75]","[(17, 0.0, 0.004761111111111111), (15, 0.14223333333333335, 0.06703333333333335), (13, 0.0004166666666666667, 0.08224999999999999), (0, 0, 0), (0, 0, 0), (0, 0, 0)]","[(4009, 67.1, 10.105238888888888), (16090, 51.757766666666676, 6.122966666666666), (32199, 58.19958333333334, 11.557749999999999), (4026, 67.1, 10.11), (16105, 51.900000000000006, 6.1899999999999995), (32212, 58.2, 11.639999999999999)]","[0, 0, 0, 0, 0, 0]","[0, 0, 0, 0, 0, 0]"
540,"[16.852817076197567, 18.649716119476672, 8.397988951647942, 0.0, 0.0, 0.0]","[5, 9, 5, 0, 0, 0]","[590.0098107356687, 1013.3966556923812, 440.52727986788005, 0, 0, 0]","[3438.990189264331, 7088.6033443076185, 15670.47272013212, 4029, 8102, 16111]","[4029, 8102, 16111, 4029, 8102, 16111]","[679, 1511, 1353, 0, 0, 0]","[5.170616996507566, 8.375714784633294, 0.4157941404734187, 0.0, 0.0, 0.0]","[222.07799999999997, 1438.9478, 142.86686666666668, 0, 0, 0]","[0.002266666666666667, 0.0057333333333333325, 0.17813333333333334, 0, 0, 0]","[0.008133333333333333, 0.009466666666666667, 0.017066666666666667, 0, 0, 0]","[4072.922, 15741.0522, 34217.13313333334, 4295, 17180, 34360]","[371.9977333333333, 359.99426666666665, 376.3618666666667, 372.0, 360.0, 376.54]","[199.99186666666665, 304.99053333333336, 266.73293333333334, 200.0, 305.0, 266.75]","[(12, 3.3333333333333335e-05, 0.005822222222222222), (17, 0.020200000000000003, 0.0029), (10, 0.0003333333333333333, 0.07593888888888889), (0, 0, 0), (0, 0, 0), (0, 0, 0)]","[(4014, 67.09996666666666, 10.104177777777776), (16088, 51.8798, 6.187099999999999), (32202, 58.19966666666667, 11.56406111111111), (4026, 67.1, 10.11), (16105, 51.900000000000006, 6.1899999999999995), (32212, 58.2, 11.639999999999999)]","[0, 0, 0, 0, 0, 0]","[0, 0, 0, 0, 0, 0]"
541,"[27.575080665177467, 15.378918785485066, 5.871764632859537, 0.0, 0.0, 0.0]","[8, 8, 4, 0, 0, 0]","[786.2584945854453, 649.5162857792172, 350.54209509498736, 0, 0, 0]","[3242.741505414555, 7452.4837142207825, 15760.457904905013, 4029, 8102, 16111]","[4029, 8102, 16111, 4029, 8102, 16111]","[1111, 1246, 946, 0, 0, 0]","[7.99648117966628, 8.655205277454407, 0.144953434225844, 0.0, 0.0, 0.0]","[343.44886666666673, 1486.964266666667, 49.806, 0, 0, 0]","[0.009733333333333333, 1.5813333333333333, 0.007066666666666667, 0, 0, 0]","[0.016266666666666665, 0.040266666666666666, 0.007333333333333334, 0, 0, 0]","[3951.5511333333334, 15693.035733333332, 34310.194, 4295, 17180, 34360]","[371.9902666666667, 358.4186666666667, 376.53293333333335, 372.0, 360.0, 376.54]","[199.98373333333333, 304.95973333333336, 266.74266666666665, 200.0, 305.0, 266.75]","[(20, 0.0, 0.008333333333333333), (15, 1.666666666666667e-05, 0.002161111111111111), (6, 0.00065, 0.00023888888888888888), (0, 0, 0), (0, 0, 0), (0, 0, 0)]","[(4006, 67.1, 10.101666666666667), (16090, 51.89998333333334, 6.187838888888888), (32206, 58.19935, 11.63976111111111), (4026, 67.1, 10.11), (16105, 51.900000000000006, 6.1899999999999995), (32212, 58.2, 11.639999999999999)]","[0, 0, 0, 0, 0, 0]","[0, 0, 0, 0, 0, 0]"
542,"[26.65673864482502, 12.453715132066156, 7.100738625783626, 0.0, 0.0, 0.0]","[8, 6, 5, 0, 0, 0]","[379.63604261173595, 167.57241172599285, 813.4697926736867, 0, 0, 0]","[3649.363957388264, 7934.427588274008, 15297.530207326314, 4029, 8102, 16111]","[4029, 8102, 16111, 4029, 8102, 16111]","[1074, 1009, 1144, 0, 0, 0]","[7.878499029879704, 9.070759410166861, 1.2560372526193244, 0.0, 0.0, 0.0]","[338.3815333333333, 1558.3564666666668, 431.57439999999986, 0, 0, 0]","[0.01, 1.5581333333333334, 1.0922666666666667, 0, 0, 0]","[0.017066666666666667, 0.03666666666666667, 0.34573333333333334, 0, 0, 0]","[3956.618466666667, 15621.643533333334, 33928.4256, 4295, 17180, 34360]","[371.99, 358.44186666666667, 375.44773333333336, 372.0, 360.0, 376.54]","[199.98293333333334, 304.9633333333333, 266.4042666666667, 200.0, 305.0, 266.75]","[(18, 0.0, 0.004483333333333333), (11, 0.0, 0.0246), (9, 0.0, 0.005994444444444443), (0, 0, 0), (0, 0, 0), (0, 0, 0)]","[(4008, 67.1, 10.105516666666666), (16094, 51.900000000000006, 6.165399999999999), (32203, 58.2, 11.634005555555554), (4026, 67.1, 10.11), (16105, 51.900000000000006, 6.1899999999999995), (32212, 58.2, 11.639999999999999)]","[0, 0, 0, 0, 0, 0]","[0, 0, 0, 0, 0, 0]"
543,"[15.735914619012162, 12.61416934090348, 11.805598659301099, 0.0, 0.0, 0.0]","[5, 6, 8, 0, 0, 0]","[269.7142010764273, 688.4269195270449, 1286.4689050976397, 0, 0, 0]","[3759.2857989235727, 7413.573080472956, 14824.53109490236, 4029, 8102, 16111]","[4029, 8102, 16111, 4029, 8102, 16111]","[634, 1022, 1902, 0, 0, 0]","[4.525663950329841, 4.155892510671324, 3.012052386495925, 0.0, 0.0, 0.0]","[194.37726666666669, 713.9823333333334, 1034.9412, 0, 0, 0]","[0.0038666666666666667, 0.5881333333333334, 0.0712, 0, 0, 0]","[0.0061333333333333335, 0.47959999999999997, 0.10359999999999998, 0, 0, 0]","[4100.622733333334, 16466.017666666667, 33325.0588, 4295, 17180, 34360]","[371.9961333333333, 359.41186666666664, 376.46880000000004, 372.0, 360.0, 376.54]","[199.99386666666666, 304.5204, 266.6464, 200.0, 305.0, 266.75]","[(11, 0.0, 0.003194444444444444), (9, 0.06458333333333333, 0.0958111111111111), (13, 0.00065, 0.008016666666666667), (0, 0, 0), (0, 0, 0), (0, 0, 0)]","[(4015, 67.1, 10.106805555555555), (16096, 51.835416666666674, 6.094188888888889), (32199, 58.19935, 11.631983333333332), (4026, 67.1, 10.11), (16105, 51.900000000000006, 6.1899999999999995), (32212, 58.2, 11.639999999999999)]","[0, 0, 0, 0, 0, 0]","[0, 0, 0, 0, 0, 0]"
544,"[10.573343261355175, 16.156504566773634, 13.729749860343865, 0.0, 0.0, 0.0]","[4, 7, 9, 0, 0, 0]","[81.7284082385245, 890.2673359193569, 1233.934140875653, 0, 0, 0]","[3947.2715917614755, 7211.732664080643, 14877.065859124346, 4029, 8102, 16111]","[4029, 8102, 16111, 4029, 8102, 16111]","[426, 1309, 2212, 0, 0, 0]","[2.3396197128443927, 3.66487970508343, 3.206089833139308, 0.0, 0.0, 0.0]","[100.48666666666666, 629.6263333333333, 1101.6124666666665, 0, 0, 0]","[0.002, 0.45666666666666667, 0.06680000000000001, 0, 0, 0]","[0.0044, 0.3945333333333333, 0.08813333333333333, 0, 0, 0]","[4194.513333333333, 16550.373666666666, 33258.387533333334, 4295, 17180, 34360]","[371.998, 359.54333333333335, 376.4732, 372.0, 360.0, 376.54]","[199.9956, 304.60546666666664, 266.66186666666664, 200.0, 305.0, 266.75]","[(10, 0.0, 0.0008944444444444446), (12, 0.02966666666666666, 0.07836111111111112), (14, 1.666666666666667e-05, 0.008044444444444444), (0, 0, 0), (0, 0, 0), (0, 0, 0)]","[(4016, 67.1, 10.109105555555555), (16093, 51.87033333333334, 6.111638888888888), (32198, 58.199983333333336, 11.631955555555555), (4026, 67.1, 10.11), (16105, 51.900000000000006, 6.1899999999999995), (32212, 58.2, 11.639999999999999)]","[0, 0, 0, 0, 0, 0]","[0, 0, 0, 0, 0, 0]"
545,"[6.676594688508315, 19.538385583806466, 12.48836198870337, 0.0, 0.0, 0.0]","[3, 8, 8, 0, 0, 0]","[106.8172033791691, 703.6063226283402, 1133.684703825552, 0, 0, 0]","[3922.1827966208307, 7398.39367737166, 14977.315296174447, 4029, 8102, 16111]","[4029, 8102, 16111, 4029, 8102, 16111]","[269, 1583, 2012, 0, 0, 0]","[2.42102289483896, 3.817767559177338, 2.547804617772604, 0.0, 0.0, 0.0]","[103.98293333333334, 655.8924666666667, 875.4256666666668, 0, 0, 0]","[0.009333333333333334, 0.5017333333333333, 0.05386666666666667, 0, 0, 0]","[0.00013333333333333337, 0.4344, 0.09693333333333334, 0, 0, 0]","[4191.017066666666, 16524.107533333332, 33484.57433333333, 4295, 17180, 34360]","[371.99066666666664, 359.49826666666667, 376.4861333333333, 372.0, 360.0, 376.54]","[199.99986666666666, 304.5656, 266.6530666666667, 200.0, 305.0, 266.75]","[(8, 0.0, 0.00145), (11, 0.0013166666666666665, 0.11348333333333334), (11, 0.0006666666666666666, 0.0061388888888888864), (0, 0, 0), (0, 0, 0), (0, 0, 0)]","[(4018, 67.1, 10.10855), (16094, 51.89868333333334, 6.076516666666667), (32201, 58.199333333333335, 11.63386111111111), (4026, 67.1, 10.11), (16105, 51.900000000000006, 6.1899999999999995), (32212, 58.2, 11.639999999999999)]","[0, 0, 0, 0, 0, 0]","[0, 0, 0, 0, 0, 0]"
546,"[8.488458674609085, 13.601579856825474, 16.10700763453541, 0.0, 0.0, 0.0]","[3, 6, 8, 0, 0, 0]","[260.74204214668686, 364.7694446706182, 1000.6637991388839, 0, 0, 0]","[3768.257957853313, 7737.230555329382, 15110.336200861117, 4029, 8102, 16111]","[4029, 8102, 16111, 4029, 8102, 16111]","[342, 1102, 2595, 0, 0, 0]","[2.1524641055490883, 2.5998960031043854, 1.7631284439270472, 0.0, 0.0, 0.0]","[92.44833333333334, 446.6621333333334, 605.8109333333334, 0, 0, 0]","[1.1576, 0.47533333333333333, 0.08693333333333335, 0, 0, 0]","[1.1481333333333335, 0.4024, 0.06720000000000001, 0, 0, 0]","[4202.551666666666, 16733.337866666665, 33754.189066666666, 4295, 17180, 34360]","[370.8424, 359.5246666666667, 376.4530666666667, 372.0, 360.0, 376.54]","[198.85186666666667, 304.5976, 266.6828, 200.0, 305.0, 266.75]","[(7, 0.0, 0.0011944444444444442), (8, 0.0, 0.10807222222222224), (15, 0.026199999999999998, 0.011533333333333333), (0, 0, 0), (0, 0, 0), (0, 0, 0)]","[(4019, 67.1, 10.108805555555556), (16097, 51.900000000000006, 6.081927777777778), (32197, 58.1738, 11.628466666666666), (4026, 67.1, 10.11), (16105, 51.900000000000006, 6.1899999999999995), (32212, 58.2, 11.639999999999999)]","[0, 0, 2, 0, 0, 0]","[2, 0, 0, 0, 0, 0]"
547,"[13.526929759245471, 5.109849419896322, 16.615976661908014, 0.0, 0.0, 0.0]","[4, 3, 8, 0, 0, 0]","[283.27210380960634, 146.03503069265395, 1450.3334928749082, 0, 0, 0]","[3745.7278961903935, 7955.964969307346, 14660.666507125092, 4029, 8102, 16111]","[4029, 8102, 16111, 4029, 8102, 16111]","[545, 414, 2677, 0, 0, 0]","[1.4017198292588282, 0.8225386107877378, 0.5646882033372138, 0.0, 0.0, 0.0]","[60.20386666666667, 141.31213333333335, 194.02686666666668, 0, 0, 0]","[0.0264, 0.4472, 0.012133333333333335, 0, 0, 0]","[0.016933333333333335, 0.3771999999999999, 0.001466666666666667, 0, 0, 0]","[4234.796133333333, 17038.687866666667, 34165.97313333333, 4295, 17180, 34360]","[371.9736, 359.5528, 376.5278666666667, 372.0, 360.0, 376.54]","[199.98306666666667, 304.6228, 266.74853333333334, 200.0, 305.0, 266.75]","[(8, 0.0, 0.001316666666666667), (4, 0.0, 0.05076666666666666), (17, 0.0003333333333333333, 0.00832222222222222), (0, 0, 0), (0, 0, 0), (0, 0, 0)]","[(4018, 67.1, 10.108683333333333), (16101, 51.900000000000006, 6.139233333333332), (32195, 58.19966666666667, 11.631677777777776), (4026, 67.1, 10.11), (16105, 51.900000000000006, 6.1899999999999995), (32212, 58.2, 11.639999999999999)]","[0, 0, 2, 0, 0, 0]","[2, 0, 0, 0, 0, 0]"
548,"[17.647058823529413, 4.8506541594667985, 20.74979827447086, 0.0, 0.0, 0.0]","[4, 2, 9, 0, 0, 0]","[302.48644785978956, 260.9237227451071, 1396.2223145559597, 0, 0, 0]","[3726.5135521402103, 7841.076277254893, 14714.77768544404, 4029, 8102, 16111]","[4029, 8102, 16111, 4029, 8102, 16111]","[711, 393, 3343, 0, 0, 0]","[3.0964641055490882, 0.1853876600698487, 1.0088409002716336, 0.0, 0.0, 0.0]","[132.99313333333333, 31.849600000000006, 346.63773333333336, 0, 0, 0]","[0.029199999999999997, 0.006533333333333333, 0.04906666666666667, 0, 0, 0]","[0.010133333333333334, 0.007066666666666666, 0.019066666666666666, 0, 0, 0]","[4162.006866666667, 17148.1504, 34013.36226666666, 4295, 17180, 34360]","[371.9708, 359.9934666666667, 376.4909333333334, 372.0, 360.0, 376.54]","[199.98986666666667, 304.9929333333333, 266.7309333333333, 200.0, 305.0, 266.75]","[(8, 0.0, 0.0022944444444444444), (4, 0.03961666666666667, 0.014150000000000001), (16, 0.0, 0.03253333333333333), (0, 0, 0), (0, 0, 0), (0, 0, 0)]","[(4018, 67.1, 10.107705555555555), (16101, 51.86038333333334, 6.17585), (32196, 58.2, 11.607466666666665), (4026, 67.1, 10.11), (16105, 51.900000000000006, 6.1899999999999995), (32212, 58.2, 11.639999999999999)]","[0, 0, 4, 0, 0, 0]","[2, 0, 0, 0, 0, 0]"
549,"[15.711094564408043, 10.540607257467292, 15.995282726087767, 0.0, 0.0, 0.0]","[4, 4, 6, 0, 0, 0]","[344.57202059846657, 663.417343253267, 822.1793784018084, 0, 0, 0]","[3684.4279794015333, 7438.582656746733, 15288.820621598192, 4029, 8102, 16111]","[4029, 8102, 16111, 4029, 8102, 16111]","[633, 854, 2577, 0, 0, 0]","[1.8157532013969735, 0.5688847497089639, 0.5955896391152504, 0.0, 0.0, 0.0]","[77.98660000000001, 97.7344, 204.64460000000003, 0, 0, 0]","[0.019333333333333334, 0.0005333333333333334, 0.011866666666666666, 0, 0, 0]","[0.012666666666666668, 0.0009333333333333333, 0.0010666666666666667, 0, 0, 0]","[4217.0134, 17082.2656, 34155.3554, 4295, 17180, 34360]","[371.98066666666665, 359.99946666666665, 376.52813333333336, 372.0, 360.0, 376.54]","[199.98733333333334, 304.9990666666667, 266.74893333333335, 200.0, 305.0, 266.75]","[(8, 0.0, 0.0015333333333333334), (8, 0.0, 0.0008888888888888889), (11, 0.0, 0.003816666666666667), (0, 0, 0), (0, 0, 0), (0, 0, 0)]","[(4018, 67.1, 10.108466666666667), (16097, 51.900000000000006, 6.189111111111111), (32201, 58.2, 11.636183333333332), (4026, 67.1, 10.11), (16105, 51.900000000000006, 6.1899999999999995), (32212, 58.2, 11.639999999999999)]","[0, 0, 4, 0, 0, 0]","[2, 0, 0, 0, 0, 0]"
550,"[16.356415984115166, 11.256479881510737, 12.848364471479112, 0.0, 0.0, 0.0]","[4, 4, 4, 0, 0, 0]","[469.43152863620185, 583.6921778112243, 681.8804536871039, 0, 0, 0]","[3559.5684713637984, 7518.307822188775, 15429.119546312897, 4029, 8102, 16111]","[4029, 8102, 16111, 4029, 8102, 16111]","[659, 912, 2070, 0, 0, 0]","[1.4515746992627085, 0.279731858750485, 0.5569388824214202, 0.0, 0.0, 0.0]","[62.34513333333334, 48.057933333333324, 191.36419999999998, 0, 0, 0]","[0.020666666666666667, 0.0036000000000000003, 0.019866666666666668, 0, 0, 0]","[0.013999999999999999, 0.0038666666666666667, 0.0006666666666666668, 0, 0, 0]","[4232.654866666667, 17131.942066666667, 34168.635800000004, 4295, 17180, 34360]","[371.97933333333333, 359.9964, 376.5201333333334, 372.0, 360.0, 376.54]","[199.986, 304.9961333333333, 266.7493333333333, 200.0, 305.0, 266.75]","[(10, 0.0, 0.0010833333333333333), (10, 0.003533333333333333, 0.0017055555555555556), (6, 0.0, 0.0044222222222222215), (0, 0, 0), (0, 0, 0), (0, 0, 0)]","[(4016, 67.1, 10.108916666666666), (16095, 51.896466666666676, 6.188294444444444), (32206, 58.2, 11.635577777777776), (4026, 67.1, 10.11), (16105, 51.900000000000006, 6.1899999999999995), (32212, 58.2, 11.639999999999999)]","[0, 0, 4, 0, 0, 0]","[2, 0, 2, 0, 0, 0]"
551,"[26.85529908165798, 8.565786225623302, 12.860778350195517, 0.0, 0.0, 0.0]","[8, 3, 4, 0, 0, 0]","[763.6272385614138, 406.12175152829457, 437.1185106723884, 0, 0, 0]","[3265.372761438586, 7695.878248471706, 15673.881489327612, 4029, 8102, 16111]","[4029, 8102, 16111, 4029, 8102, 16111]","[1082, 694, 2072, 0, 0, 0]","[2.0893348855258056, 0.15461311602638728, 0.47072720217306946, 0.0, 0.0, 0.0]","[89.73693333333335, 26.562533333333334, 161.74186666666668, 0, 0, 0]","[0.020800000000000003, 0.0, 0.07826666666666668, 0, 0, 0]","[0.014266666666666664, 0.0, 0.05840000000000001, 0, 0, 0]","[4205.263066666666, 17153.437466666666, 34198.25813333334, 4295, 17180, 34360]","[371.9792, 360.0, 376.46173333333337, 372.0, 360.0, 376.54]","[199.98573333333334, 305.0, 266.6916, 200.0, 305.0, 266.75]","[(15, 8.333333333333333e-05, 0.0015111111111111109), (7, 0.0, 0.0007277777777777777), (8, 0.0, 0.003844444444444444), (0, 0, 0), (0, 0, 0), (0, 0, 0)]","[(4011, 67.09991666666666, 10.108488888888889), (16098, 51.900000000000006, 6.189272222222222), (32204, 58.2, 11.636155555555554), (4026, 67.1, 10.11), (16105, 51.900000000000006, 6.1899999999999995), (32212, 58.2, 11.639999999999999)]","[0, 0, 4, 0, 0, 0]","[2, 0, 2, 0, 0, 0]"
552,"[29.759245470340034, 8.516415699827203, 4.680032276084662, 0.0, 0.0, 0.0]","[9, 3, 3, 0, 0, 0]","[614.4550826951266, 406.530649975663, 673.7757136690707, 0, 0, 0]","[3414.5449173048733, 7695.4693500243375, 15437.22428633093, 4029, 8102, 16111]","[4029, 8102, 16111, 4029, 8102, 16111]","[1199, 690, 754, 0, 0, 0]","[4.699549864183159, 0.17393791230112532, 0.12435487000388049, 0.0, 0.0, 0.0]","[201.8456666666667, 29.88253333333333, 42.72833333333333, 0, 0, 0]","[0.017599999999999998, 0.0, 0.05800000000000001, 0, 0, 0]","[0.019466666666666663, 0.0061333333333333335, 0.04693333333333333, 0, 0, 0]","[4093.1543333333334, 17150.117466666667, 34317.27166666667, 4295, 17180, 34360]","[371.9824, 360.0, 376.482, 372.0, 360.0, 376.54]","[199.98053333333334, 304.9938666666667, 266.70306666666664, 200.0, 305.0, 266.75]","[(18, 5e-05, 0.0020166666666666666), (7, 0.0006166666666666667, 0.0008333333333333333), (7, 0.0, 0.0027499999999999994), (0, 0, 0), (0, 0, 0), (0, 0, 0)]","[(4008, 67.09994999999999, 10.107983333333333), (16098, 51.89938333333334, 6.189166666666666), (32205, 58.2, 11.637249999999998), (4026, 67.1, 10.11), (16105, 51.900000000000006, 6.1899999999999995), (32212, 58.2, 11.639999999999999)]","[0, 0, 0, 0, 0, 0]","[0, 0, 0, 0, 0, 0]"
553,"[26.383718044179698, 10.73808936065169, 5.9524548445161685, 0.0, 0.0, 0.0]","[9, 4, 4, 0, 0, 0]","[579.4576199748215, 405.1056923259023, 430.8115846572575, 0, 0, 0]","[3449.5423800251783, 7696.894307674098, 15680.188415342742, 4029, 8102, 16111]","[4029, 8102, 16111, 4029, 8102, 16111]","[1063, 870, 959, 0, 0, 0]","[9.06253007372914, 0.6520430733410942, 0.16428017074117193, 0.0, 0.0, 0.0]","[389.23566666666665, 112.02099999999999, 56.44666666666667, 0, 0, 0]","[0.010266666666666667, 0.0, 0.06280000000000001, 0, 0, 0]","[0.03333333333333333, 0.0028, 0.053066666666666665, 0, 0, 0]","[3905.7643333333335, 17067.979, 34303.55333333334, 4295, 17180, 34360]","[371.98973333333333, 360.0, 376.47720000000004, 372.0, 360.0, 376.54]","[199.96666666666667, 304.9972, 266.69693333333333, 200.0, 305.0, 266.75]","[(16, 0.04873333333333334, 0.020550000000000002), (8, 0.0003833333333333333, 0.0012333333333333332), (10, 0.0, 0.002111111111111111), (0, 0, 0), (0, 0, 0), (0, 0, 0)]","[(4010, 67.05126666666666, 10.08945), (16097, 51.899616666666674, 6.188766666666666), (32202, 58.2, 11.637888888888888), (4026, 67.1, 10.11), (16105, 51.900000000000006, 6.1899999999999995), (32212, 58.2, 11.639999999999999)]","[0, 0, 0, 0, 0, 0]","[0, 0, 0, 0, 0, 0]"
554,"[23.479771655497643, 12.786966181189829, 5.586245422382223, 0.0, 0.0, 0.0]","[8, 6, 4, 0, 0, 0]","[467.5586845024821, 580.7095031538292, 456.79820848172676, 0, 0, 0]","[3561.4413154975177, 7521.290496846171, 15654.201791518273, 4029, 8102, 16111]","[4029, 8102, 16111, 4029, 8102, 16111]","[946, 1036, 900, 0, 0, 0]","[6.514350019402407, 3.05044470314319, 0.13312727978269304, 0.0, 0.0, 0.0]","[279.79133333333334, 524.0664, 45.742533333333334, 0, 0, 0]","[0.011466666666666668, 0.5745333333333333, 0.009866666666666666, 0, 0, 0]","[0.010133333333333333, 0.104, 0.00013333333333333337, 0, 0, 0]","[4015.2086666666664, 16655.9336, 34314.25746666667, 4295, 17180, 34360]","[371.98853333333335, 359.4254666666667, 376.53013333333337, 372.0, 360.0, 376.54]","[199.98986666666667, 304.896, 266.74986666666666, 200.0, 305.0, 266.75]","[(14, 6.666666666666667e-05, 0.0031833333333333336), (12, 0.5656666666666667, 0.032105555555555554), (8, 0.0, 0.0020666666666666663), (0, 0, 0), (0, 0, 0), (0, 0, 0)]","[(4012, 67.09993333333333, 10.106816666666665), (16093, 51.33433333333334, 6.157894444444444), (32204, 58.2, 11.637933333333333), (4026, 67.1, 10.11), (16105, 51.900000000000006, 6.1899999999999995), (32212, 58.2, 11.639999999999999)]","[0, 0, 0, 0, 0, 0]","[0, 0, 0, 0, 0, 0]"
555,"[20.87366592206503, 14.675388792890645, 4.518651852771399, 0.0, 0.0, 0.0]","[8, 8, 3, 0, 0, 0]","[353.84032129452316, 729.3942162279986, 389.81575651362755, 0, 0, 0]","[3675.159678705477, 7372.605783772002, 15721.184243486372, 4029, 8102, 16111]","[4029, 8102, 16111, 4029, 8102, 16111]","[841, 1189, 728, 0, 0, 0]","[7.460394256887855, 2.7897702755141633, 0.07082130384167637, 0.0, 0.0, 0.0]","[320.42393333333337, 479.2825333333333, 24.3342, 0, 0, 0]","[0.011866666666666668, 0.6169333333333332, 0.0006666666666666666, 0, 0, 0]","[0.012933333333333335, 0.13373333333333334, 0.00013333333333333337, 0, 0, 0]","[3974.5760666666665, 16700.717466666665, 34335.6658, 4295, 17180, 34360]","[371.98813333333334, 359.38306666666665, 376.53933333333333, 372.0, 360.0, 376.54]","[199.98706666666666, 304.86626666666666, 266.74986666666666, 200.0, 305.0, 266.75]","[(18, 1.666666666666667e-05, 0.003783333333333333), (17, 0.00026666666666666673, 0.006038888888888888), (7, 0.0, 2.2222222222222223e-05), (0, 0, 0), (0, 0, 0), (0, 0, 0)]","[(4008, 67.09998333333333, 10.106216666666667), (16088, 51.89973333333334, 6.183961111111111), (32205, 58.2, 11.639977777777776), (4026, 67.1, 10.11), (16105, 51.900000000000006, 6.1899999999999995), (32212, 58.2, 11.639999999999999)]","[0, 0, 0, 0, 0, 0]","[0, 0, 0, 0, 0, 0]"
556,"[21.17150657731447, 17.600592446309555, 4.891068214263547, 0.0, 0.0, 0.0]","[9, 9, 3, 0, 0, 0]","[414.1098337527918, 734.1379407016564, 585.8089262017317, 0, 0, 0]","[3614.890166247208, 7367.862059298343, 15525.191073798269, 4029, 8102, 16111]","[4029, 8102, 16111, 4029, 8102, 16111]","[853, 1426, 788, 0, 0, 0]","[5.4737229336437725, 3.0130574311214584, 0.278720799379123, 0.0, 0.0, 0.0]","[235.09640000000002, 517.6432666666666, 95.76846666666665, 0, 0, 0]","[0.018666666666666665, 0.5623999999999999, 0.0, 0, 0, 0]","[0.004933333333333333, 0.12786666666666666, 0.0, 0, 0, 0]","[4059.9036, 16662.356733333334, 34264.23153333333, 4295, 17180, 34360]","[371.98133333333334, 359.4376, 376.54, 372.0, 360.0, 376.54]","[199.99506666666667, 304.87213333333335, 266.75, 200.0, 305.0, 266.75]","[(19, 0.0, 0.003094444444444445), (22, 0.06446666666666667, 0.028011111111111115), (6, 0.00015, 0.0002944444444444444), (0, 0, 0), (0, 0, 0), (0, 0, 0)]","[(4007, 67.1, 10.106905555555555), (16083, 51.83553333333334, 6.161988888888889), (32206, 58.199850000000005, 11.639705555555555), (4026, 67.1, 10.11), (16105, 51.900000000000006, 6.1899999999999995), (32212, 58.2, 11.639999999999999)]","[0, 0, 0, 0, 0, 0]","[0, 0, 0, 0, 0, 0]"
557,"[22.95855050881112, 21.710688718834856, 8.56557631431941, 0.0, 0.0, 0.0]","[8, 11, 5, 0, 0, 0]","[694.0441453180799, 874.4385090479201, 1146.7943746739609, 0, 0, 0]","[3334.95585468192, 7227.56149095208, 14964.20562532604, 4029, 8102, 16111]","[4029, 8102, 16111, 4029, 8102, 16111]","[925, 1759, 1380, 0, 0, 0]","[5.849078773767947, 2.8007012029491656, 0.4427475746992627, 0.0, 0.0, 0.0]","[251.21793333333332, 481.16046666666665, 152.12806666666665, 0, 0, 0]","[0.027333333333333334, 0.044, 0.0004, 0, 0, 0]","[0.0037333333333333333, 0.021599999999999998, 0.0002666666666666667, 0, 0, 0]","[4043.7820666666667, 16698.839533333332, 34207.871933333336, 4295, 17180, 34360]","[371.97266666666667, 359.956, 376.5396, 372.0, 360.0, 376.54]","[199.99626666666666, 304.9784, 266.7497333333333, 200.0, 305.0, 266.75]","[(19, 0.00015, 0.003944444444444444), (27, 0.0013333333333333333, 0.014588888888888887), (12, 0.09475, 0.01852777777777778), (0, 0, 0), (0, 0, 0), (0, 0, 0)]","[(4007, 67.09984999999999, 10.106055555555555), (16078, 51.89866666666667, 6.175411111111111), (32200, 58.105250000000005, 11.621472222222222), (4026, 67.1, 10.11), (16105, 51.900000000000006, 6.1899999999999995), (32212, 58.2, 11.639999999999999)]","[0, 0, 0, 0, 0, 0]","[0, 0, 0, 0, 0, 0]"
558,"[25.71357656986845, 16.329301407059983, 13.959406616597356, 0.0, 0.0, 0.0]","[9, 8, 8, 0, 0, 0]","[551.3349575939188, 570.661835548075, 1124.2359817456488, 0, 0, 0]","[3477.6650424060813, 7531.338164451925, 14986.764018254351, 4029, 8102, 16111]","[4029, 8102, 16111, 4029, 8102, 16111]","[1036, 1323, 2249, 0, 0, 0]","[4.981387660069849, 2.090420256111758, 0.7952215754753588, 0.0, 0.0, 0.0]","[213.9506, 359.1342, 273.2381333333333, 0, 0, 0]","[0.03626666666666667, 0.042, 0.0684, 0, 0, 0]","[0.0036, 0.016266666666666665, 0.06346666666666667, 0, 0, 0]","[4081.0494, 16820.8658, 34086.76186666667, 4295, 17180, 34360]","[371.9637333333333, 359.958, 376.4716, 372.0, 360.0, 376.54]","[199.9964, 304.9837333333333, 266.68653333333333, 200.0, 305.0, 266.75]","[(22, 0.03961666666666667, 0.018994444444444446), (19, 0.0, 0.008255555555555556), (19, 0.0010166666666666666, 0.0023722222222222217), (0, 0, 0), (0, 0, 0), (0, 0, 0)]","[(4004, 67.06038333333333, 10.091005555555554), (16086, 51.900000000000006, 6.181744444444444), (32193, 58.19898333333334, 11.637627777777777), (4026, 67.1, 10.11), (16105, 51.900000000000006, 6.1899999999999995), (32212, 58.2, 11.639999999999999)]","[0, 0, 0, 0, 0, 0]","[0, 0, 0, 0, 0, 0]"
559,"[26.036237279722013, 18.94593927425327, 14.282167463223885, 0.0, 0.0, 0.0]","[8, 8, 8, 0, 0, 0]","[354.197512647018, 507.3472421079283, 1174.6182790426685, 0, 0, 0]","[3674.802487352982, 7594.652757892071, 14936.381720957332, 4029, 8102, 16111]","[4029, 8102, 16111, 4029, 8102, 16111]","[1049, 1535, 2301, 0, 0, 0]","[6.64763368257664, 1.5154237485448192, 1.6905244470314318, 0.0, 0.0, 0.0]","[285.5158666666667, 260.34979999999996, 580.8642, 0, 0, 0]","[0.02706666666666667, 0.05106666666666666, 1.2454666666666667, 0, 0, 0]","[0.0018666666666666666, 0.016666666666666663, 0.43133333333333335, 0, 0, 0]","[4009.4841333333334, 16919.6502, 33779.135800000004, 4295, 17180, 34360]","[371.97293333333334, 359.94893333333334, 375.29453333333333, 372.0, 360.0, 376.54]","[199.99813333333333, 304.98333333333335, 266.3186666666667, 200.0, 305.0, 266.75]","[(17, 5e-05, 0.009911111111111112), (18, 8.333333333333333e-05, 0.006044444444444444), (22, 0.015083333333333334, 0.4337388888888889), (0, 0, 0), (0, 0, 0), (0, 0, 0)]","[(4009, 67.09994999999999, 10.10008888888889), (16087, 51.89991666666667, 6.183955555555555), (32190, 58.184916666666666, 11.20626111111111), (4026, 67.1, 10.11), (16105, 51.900000000000006, 6.1899999999999995), (32212, 58.2, 11.639999999999999)]","[0, 0, 0, 0, 0, 0]","[0, 0, 0, 0, 0, 0]"
560,"[21.02258624968975, 19.649469266847692, 17.46632735398175, 0.0, 0.0, 0.0]","[6, 8, 10, 0, 0, 0]","[362.77722805866426, 1035.0164710188567, 1804.6753239519867, 0, 0, 0]","[3666.222771941336, 7066.9835289811435, 14306.324676048014, 4029, 8102, 16111]","[4029, 8102, 16111, 4029, 8102, 16111]","[847, 1592, 2814, 0, 0, 0]","[7.389221575475359, 2.602349631354288, 2.018710904152115, 0.0, 0.0, 0.0]","[317.3670666666667, 447.0836666666667, 693.6290666666666, 0, 0, 0]","[0.0392, 1.2168, 0.9170666666666667, 0, 0, 0]","[0.0084, 0.3892, 0.3402666666666666, 0, 0, 0]","[3977.6329333333333, 16732.916333333334, 33666.37093333333, 4295, 17180, 34360]","[371.9608, 358.7832, 375.6229333333334, 372.0, 360.0, 376.54]","[199.9916, 304.6108, 266.40973333333335, 200.0, 305.0, 266.75]","[(13, 0.4706, 0.03983690476190476), (18, 0.06846666666666666, 0.4459), (22, 0.00043333333333333337, 0.2599888888888889), (0, 0, 0), (0, 0, 0), (0, 0, 0)]","[(4013, 66.62939999999999, 10.070163095238094), (16087, 51.83153333333334, 5.7440999999999995), (32190, 58.19956666666667, 11.38001111111111), (4026, 67.1, 10.11), (16105, 51.900000000000006, 6.1899999999999995), (32212, 58.2, 11.639999999999999)]","[0, 0, 0, 0, 0, 0]","[0, 0, 0, 0, 0, 0]"
561,"[29.33730454206999, 28.215255492470998, 14.455961765253553, 0.0, 0.0, 0.0]","[10, 10, 8, 0, 0, 0]","[853.9554978862622, 1415.6211541009325, 1064.7421660954446, 0, 0, 0]","[3175.044502113738, 6686.3788458990675, 15046.257833904556, 4029, 8102, 16111]","[4029, 8102, 16111, 4029, 8102, 16111]","[1182, 2286, 2329, 0, 0, 0]","[9.724786961583234, 5.685614280170741, 1.5694724485836242, 0.0, 0.0, 0.0]","[417.67959999999994, 976.7885333333334, 539.2707333333333, 0, 0, 0]","[0.058133333333333335, 2.0568000000000004, 1.0498666666666667, 0, 0, 0]","[0.012, 0.6768, 0.37493333333333334, 0, 0, 0]","[3877.3204, 16203.211466666668, 33820.72926666667, 4295, 17180, 34360]","[371.94186666666667, 357.9432, 375.49013333333335, 372.0, 360.0, 376.54]","[199.988, 304.3232, 266.37506666666667, 200.0, 305.0, 266.75]","[(20, 0.05691666666666666, 0.0417), (24, 0.045083333333333336, 0.6631055555555556), (17, 0.00013333333333333334, 0.29027777777777775), (0, 0, 0), (0, 0, 0), (0, 0, 0)]","[(4006, 67.04308333333333, 10.068299999999999), (16081, 51.854916666666675, 5.526894444444444), (32195, 58.19986666666667, 11.349722222222221), (4026, 67.1, 10.11), (16105, 51.900000000000006, 6.1899999999999995), (32212, 58.2, 11.639999999999999)]","[0, 0, 0, 0, 0, 0]","[0, 0, 0, 0, 0, 0]"
562,"[35.244477537850585, 25.339422364848186, 10.65110793867544, 0.0, 0.0, 0.0]","[12, 9, 6, 0, 0, 0]","[1036.0448856535263, 1274.2138782383713, 932.546309159093, 0, 0, 0]","[2992.9551143464737, 6827.786121761628, 15178.453690840906, 4029, 8102, 16111]","[4029, 8102, 16111, 4029, 8102, 16111]","[1420, 2053, 1716, 0, 0, 0]","[12.63510283275126, 4.805953434225843, 1.262012029491657, 0.0, 0.0, 0.0]","[542.6776666666666, 825.6628, 433.62733333333335, 0, 0, 0]","[0.049466666666666666, 1.8530666666666664, 1.2116, 0, 0, 0]","[0.037333333333333336, 0.6124, 0.3916, 0, 0, 0]","[3752.3223333333335, 16354.3372, 33926.37266666667, 4295, 17180, 34360]","[371.95053333333334, 358.1469333333333, 375.32840000000004, 372.0, 360.0, 376.54]","[199.96266666666668, 304.3876, 266.3584, 200.0, 305.0, 266.75]","[(25, 0.09811666666666667, 0.056007936507936514), (21, 0.049566666666666655, 0.5191277777777777), (12, 0.00016666666666666666, 0.3779777777777778), (0, 0, 0), (0, 0, 0), (0, 0, 0)]","[(4001, 67.00188333333332, 10.053992063492062), (16084, 51.85043333333334, 5.670872222222222), (32200, 58.19983333333334, 11.262022222222221), (4026, 67.1, 10.11), (16105, 51.900000000000006, 6.1899999999999995), (32212, 58.2, 11.639999999999999)]","[0, 0, 0, 0, 0, 0]","[0, 0, 0, 0, 0, 0]"
563,"[43.062794738148426, 20.587509256973586, 12.289739929240891, 0.0, 0.0, 0.0]","[14, 7, 7, 0, 0, 0]","[1085.7531678582457, 888.9152423021171, 1163.7773226968686, 0, 0, 0]","[2943.2468321417546, 7213.084757697883, 14947.22267730313, 4029, 8102, 16111]","[4029, 8102, 16111, 4029, 8102, 16111]","[1735, 1668, 1980, 0, 0, 0]","[14.227048506014745, 4.257152114862243, 0.633733604967016, 0.0, 0.0, 0.0]","[611.0517333333332, 731.3787333333333, 217.7508666666667, 0, 0, 0]","[0.0376, 3.348, 0.04346666666666665, 0, 0, 0]","[0.020533333333333334, 1.8761333333333334, 0.042533333333333326, 0, 0, 0]","[3683.9482666666668, 16448.621266666665, 34142.24913333333, 4295, 17180, 34360]","[371.9624, 356.652, 376.49653333333333, 372.0, 360.0, 376.54]","[199.97946666666667, 303.1238666666667, 266.7074666666667, 200.0, 305.0, 266.75]","[(27, 0.05076666666666666, 0.0325), (14, 0.05568333333333332, 0.66465), (15, 0.0, 0.0036333333333333335), (0, 0, 0), (0, 0, 0), (0, 0, 0)]","[(3999, 67.04923333333333, 10.077499999999999), (16091, 51.84431666666667, 5.5253499999999995), (32197, 58.2, 11.636366666666666), (4026, 67.1, 10.11), (16105, 51.900000000000006, 6.1899999999999995), (32212, 58.2, 11.639999999999999)]","[0, 0, 0, 0, 0, 0]","[0, 0, 0, 0, 0, 0]"
564,"[40.03474807644577, 18.020241915576403, 12.209049717584259, 0.0, 0.0, 0.0]","[12, 8, 7, 0, 0, 0]","[686.3956393089875, 735.115771641986, 1242.3245423215765, 0, 0, 0]","[3342.6043606910125, 7366.884228358014, 14868.675457678424, 4029, 8102, 16111]","[4029, 8102, 16111, 4029, 8102, 16111]","[1613, 1460, 1967, 0, 0, 0]","[11.170224291812184, 3.499304617772604, 3.268395809080326, 0.0, 0.0, 0.0]","[479.7611333333333, 601.1805333333334, 1123.0208, 0, 0, 0]","[0.009466666666666665, 1.2494666666666665, 0.21440000000000003, 0, 0, 0]","[0.013200000000000002, 0.4481333333333334, 1.4886666666666666, 0, 0, 0]","[3815.2388666666666, 16578.819466666668, 33236.9792, 4295, 17180, 34360]","[371.99053333333336, 358.75053333333335, 376.3256, 372.0, 360.0, 376.54]","[199.9868, 304.5518666666667, 265.2613333333333, 200.0, 305.0, 266.75]","[(22, 0.055449999999999985, 0.007988888888888886), (15, 0.07745, 0.3951944444444444), (18, 0.0, 0.027316666666666673), (0, 0, 0), (0, 0, 0), (0, 0, 0)]","[(4004, 67.04455, 10.10201111111111), (16090, 51.82255000000001, 5.7948055555555555), (32194, 58.2, 11.612683333333331), (4026, 67.1, 10.11), (16105, 51.900000000000006, 6.1899999999999995), (32212, 58.2, 11.639999999999999)]","[0, 0, 0, 0, 0, 0]","[0, 0, 0, 0, 0, 0]"
565,"[29.982625961777114, 26.191063934830904, 15.318726336043698, 0.0, 0.0, 0.0]","[9, 11, 9, 0, 0, 0]","[640.4122848284718, 1345.820681732345, 1513.1378639008756, 0, 0, 0]","[3388.587715171528, 6756.179318267655, 14597.862136099124, 4029, 8102, 16111]","[4029, 8102, 16111, 4029, 8102, 16111]","[1208, 2122, 2468, 0, 0, 0]","[18.7365681024447, 2.9950015521924724, 3.3116296080714016, 0.0, 0.0, 0.0]","[804.7355999999999, 514.5412666666667, 1137.8759333333335, 0, 0, 0]","[0.023866666666666668, 0.06160000000000001, 0.1638666666666667, 0, 0, 0]","[0.04013333333333333, 0.05653333333333334, 0.7802666666666664, 0, 0, 0]","[3490.2644, 16665.458733333333, 33222.12406666666, 4295, 17180, 34360]","[371.97613333333334, 359.9384, 376.37613333333337, 372.0, 360.0, 376.54]","[199.95986666666667, 304.94346666666667, 265.96973333333335, 200.0, 305.0, 266.75]","[(16, 0.03738333333333334, 0.010827777777777778), (20, 0.0, 0.007483333333333334), (24, 3.3333333333333335e-05, 0.030161111111111114), (0, 0, 0), (0, 0, 0), (0, 0, 0)]","[(4010, 67.06261666666666, 10.099172222222222), (16085, 51.900000000000006, 6.182516666666666), (32188, 58.19996666666667, 11.609838888888888), (4026, 67.1, 10.11), (16105, 51.900000000000006, 6.1899999999999995), (32212, 58.2, 11.639999999999999)]","[0, 0, 0, 0, 0, 0]","[0, 0, 0, 0, 0, 0]"
566,"[19.756763464879622, 28.52382127869662, 15.709763515610453, 0.0, 0.0, 0.0]","[7, 13, 9, 0, 0, 0]","[466.7392521987347, 1810.3235200932409, 903.4463827290814, 0, 0, 0]","[3562.260747801265, 6291.676479906759, 15207.553617270918, 4029, 8102, 16111]","[4029, 8102, 16111, 4029, 8102, 16111]","[796, 2311, 2531, 0, 0, 0]","[16.219906868451687, 3.22132440822662, 3.3863960031043847, 0.0, 0.0, 0.0]","[696.6449999999999, 553.4235333333334, 1163.5656666666666, 0, 0, 0]","[0.016933333333333335, 0.05546666666666667, 0.18360000000000004, 0, 0, 0]","[0.0208, 0.04999999999999999, 0.6285333333333333, 0, 0, 0]","[3598.355, 16626.576466666666, 33196.43433333333, 4295, 17180, 34360]","[371.9830666666667, 359.9445333333333, 376.3564, 372.0, 360.0, 376.54]","[199.9792, 304.95, 266.12146666666666, 200.0, 305.0, 266.75]","[(13, 0.00046666666666666666, 0.005911111111111111), (25, 0.0, 0.007622222222222222), (24, 0.0, 0.021066666666666668), (0, 0, 0), (0, 0, 0), (0, 0, 0)]","[(4013, 67.09953333333333, 10.104088888888889), (16080, 51.900000000000006, 6.182377777777777), (32188, 58.2, 11.618933333333333), (4026, 67.1, 10.11), (16105, 51.900000000000006, 6.1899999999999995), (32212, 58.2, 11.639999999999999)]","[0, 0, 0, 0, 0, 0]","[0, 0, 0, 0, 0, 0]"
567,"[18.242740134028296, 31.769933349790175, 9.682825398795854, 0.0, 0.0, 0.0]","[6, 14, 6, 0, 0, 0]","[161.9722668168682, 1355.8243686933845, 1081.6295905654242, 0, 0, 0]","[3867.0277331831317, 6746.175631306615, 15029.370409434576, 4029, 8102, 16111]","[4029, 8102, 16111, 4029, 8102, 16111]","[735, 2574, 1560, 0, 0, 0]","[12.648358556461, 3.276516103996896, 3.693100698486613, 0.0, 0.0, 0.0]","[543.247, 562.9054666666667, 1268.9494000000002, 0, 0, 0]","[0.013466666666666665, 0.04306666666666666, 0.7372, 0, 0, 0]","[0.009866666666666666, 0.04666666666666666, 0.7750666666666667, 0, 0, 0]","[3751.753, 16617.094533333333, 33091.0506, 4295, 17180, 34360]","[371.98653333333334, 359.9569333333333, 375.80280000000005, 372.0, 360.0, 376.54]","[199.99013333333335, 304.9533333333333, 265.97493333333335, 200.0, 305.0, 266.75]","[(10, 0.0002833333333333334, 0.005183333333333333), (29, 0.0, 0.0083), (14, 0.04375, 0.035927777777777795), (0, 0, 0), (0, 0, 0), (0, 0, 0)]","[(4016, 67.09971666666667, 10.104816666666666), (16076, 51.900000000000006, 6.181699999999999), (32198, 58.15625, 11.604072222222221), (4026, 67.1, 10.11), (16105, 51.900000000000006, 6.1899999999999995), (32212, 58.2, 11.639999999999999)]","[0, 0, 0, 0, 0, 0]","[0, 0, 0, 0, 0, 0]"
568,"[11.466865227103499, 30.85657862256233, 16.54149338960958, 0.0, 0.0, 0.0]","[4, 13, 10, 0, 0, 0]","[243.60631456310625, 718.7569326038442, 860.2128888128301, 0, 0, 0]","[3785.393685436894, 7383.243067396155, 15250.78711118717, 4029, 8102, 16111]","[4029, 8102, 16111, 4029, 8102, 16111]","[462, 2500, 2665, 0, 0, 0]","[11.932246798603027, 3.854565386107877, 5.602972836631742, 0.0, 0.0, 0.0]","[512.49, 662.2143333333332, 1925.1814666666667, 0, 0, 0]","[0.018533333333333332, 0.03866666666666666, 10.218666666666666, 0, 0, 0]","[0.0112, 0.04666666666666666, 9.437466666666667, 0, 0, 0]","[3782.51, 16517.785666666667, 32434.818533333335, 4295, 17180, 34360]","[371.9814666666667, 359.96133333333336, 366.32133333333337, 372.0, 360.0, 376.54]","[199.9888, 304.9533333333333, 257.3125333333333, 200.0, 305.0, 266.75]","[(5, 0.0, 0.005711111111111111), (26, 0.043783333333333334, 0.02386111111111111), (23, 0.011616666666666668, 0.4555888888888889), (0, 0, 0), (0, 0, 0), (0, 0, 0)]","[(4021, 67.1, 10.104288888888888), (16079, 51.856216666666676, 6.166138888888888), (32189, 58.188383333333334, 11.18441111111111), (4026, 67.1, 10.11), (16105, 51.900000000000006, 6.1899999999999995), (32212, 58.2, 11.639999999999999)]","[0, 0, 0, 0, 0, 0]","[0, 0, 0, 0, 0, 0]"
569,"[14.668652271034995, 16.58849666748951, 21.668425299484824, 0.0, 0.0, 0.0]","[4, 6, 13, 0, 0, 0]","[394.3519806769457, 740.0193581588578, 2181.5150537956883, 0, 0, 0]","[3634.6480193230545, 7361.980641841143, 13929.484946204311, 4029, 8102, 16111]","[4029, 8102, 16111, 4029, 8102, 16111]","[591, 1344, 3491, 0, 0, 0]","[8.840842840512224, 1.7033659293752428, 7.2660374466433835, 0.0, 0.0, 0.0]","[379.7142, 292.6382666666667, 2496.6104666666665, 0, 0, 0]","[0.020133333333333333, 0.024133333333333333, 34.85853333333334, 0, 0, 0]","[0.013333333333333332, 0.015066666666666666, 24.60893333333333, 0, 0, 0]","[3915.2858, 16887.361733333335, 31863.389533333335, 4295, 17180, 34360]","[371.9798666666667, 359.97586666666666, 341.68146666666667, 372.0, 360.0, 376.54]","[199.98666666666668, 304.98493333333334, 242.14106666666666, 200.0, 305.0, 266.75]","[(6, 0.0, 0.007144444444444445), (14, 0.0, 0.008005555555555556), (31, 0.0036999999999999997, 0.24002777777777778), (0, 0, 0), (0, 0, 0), (0, 0, 0)]","[(4020, 67.1, 10.102855555555555), (16091, 51.900000000000006, 6.181994444444444), (32181, 58.1963, 11.399972222222221), (4026, 67.1, 10.11), (16105, 51.900000000000006, 6.1899999999999995), (32212, 58.2, 11.639999999999999)]","[0, 0, 0, 0, 0, 0]","[0, 0, 0, 0, 0, 0]"
570,"[20.228344502357906, 17.06985929400148, 22.444292719260133, 0.0, 0.0, 0.0]","[6, 6, 12, 0, 0, 0]","[472.2872567587601, 380.0246588913009, 2265.3243350425237, 0, 0, 0]","[3556.71274324124, 7721.9753411086995, 13845.675664957476, 4029, 8102, 16111]","[4029, 8102, 16111, 4029, 8102, 16111]","[815, 1383, 3616, 0, 0, 0]","[8.613985254171517, 1.9042731858750483, 5.592796856810246, 0.0, 0.0, 0.0]","[369.97066666666666, 327.15413333333333, 1921.6850000000004, 0, 0, 0]","[0.030933333333333334, 0.026533333333333332, 24.402933333333333, 0, 0, 0]","[0.013866666666666668, 0.007600000000000001, 20.667066666666663, 0, 0, 0]","[3925.0293333333334, 16852.845866666667, 32438.315, 4295, 17180, 34360]","[371.96906666666666, 359.97346666666664, 352.13706666666667, 372.0, 360.0, 376.54]","[199.98613333333333, 304.9924, 246.08293333333333, 200.0, 305.0, 266.75]","[(12, 0.0, 0.004866666666666667), (13, 0.0, 0.0061333333333333335), (29, 0.09475, 0.0284), (0, 0, 0), (0, 0, 0), (0, 0, 0)]","[(4014, 67.1, 10.105133333333333), (16092, 51.900000000000006, 6.183866666666666), (32183, 58.105250000000005, 11.6116), (4026, 67.1, 10.11), (16105, 51.900000000000006, 6.1899999999999995), (32212, 58.2, 11.639999999999999)]","[0, 2, 2, 0, 0, 0]","[2, 2, 0, 0, 0, 0]"
571,"[20.426904939190866, 11.46630461614416, 26.286388181987462, 0.0, 0.0, 0.0]","[6, 4, 15, 0, 0, 0]","[444.94779717584794, 196.73954493536954, 1576.7033241445972, 0, 0, 0]","[3584.052202824152, 7905.26045506463, 14534.296675855403, 4029, 8102, 16111]","[4029, 8102, 16111, 4029, 8102, 16111]","[823, 929, 4235, 0, 0, 0]","[9.562058207217692, 1.9266569654637171, 5.969678114086147, 0.0, 0.0, 0.0]","[410.6903999999999, 330.9996666666666, 2051.1814, 0, 0, 0]","[0.03013333333333333, 0.017599999999999998, 29.592266666666667, 0, 0, 0]","[0.0136, 0.00013333333333333337, 22.07613333333334, 0, 0, 0]","[3884.3096, 16849.000333333333, 32308.8186, 4295, 17180, 34360]","[371.9698666666667, 359.9824, 346.94773333333336, 372.0, 360.0, 376.54]","[199.9864, 304.99986666666666, 244.67386666666667, 200.0, 305.0, 266.75]","[(13, 0.0, 0.005944444444444444), (7, 0.0, 0.006733333333333333), (36, 0.0009333333333333332, 0.012055555555555554), (0, 0, 0), (0, 0, 0), (0, 0, 0)]","[(4013, 67.1, 10.104055555555554), (16098, 51.900000000000006, 6.1832666666666665), (32176, 58.19906666666667, 11.627944444444443), (4026, 67.1, 10.11), (16105, 51.900000000000006, 6.1899999999999995), (32212, 58.2, 11.639999999999999)]","[0, 2, 2, 0, 0, 0]","[2, 2, 0, 0, 0, 0]"
572,"[31.099528418962525, 12.725253023944704, 16.771150145863075, 0.0, 0.0, 0.0]","[9, 3, 9, 0, 0, 0]","[448.3177112178077, 290.1465782921185, 977.5522612729022, 0, 0, 0]","[3580.6822887821922, 7811.853421707881, 15133.447738727098, 4029, 8102, 16111]","[4029, 8102, 16111, 4029, 8102, 16111]","[1253, 1031, 2702, 0, 0, 0]","[11.356437718277068, 0.5721932479627473, 1.6010038804811795, 0.0, 0.0, 0.0]","[487.75900000000007, 98.30279999999999, 550.1049333333333, 0, 0, 0]","[0.06400000000000002, 0.01, 18.214133333333336, 0, 0, 0]","[0.030533333333333336, 0.00013333333333333337, 12.18146666666667, 0, 0, 0]","[3807.241, 17081.6972, 33809.895066666664, 4295, 17180, 34360]","[371.936, 359.99, 358.3258666666667, 372.0, 360.0, 376.54]","[199.96946666666668, 304.99986666666666, 254.56853333333333, 200.0, 305.0, 266.75]","[(23, 0.0, 0.005872222222222221), (5, 8.333333333333333e-05, 0.004188888888888888), (20, 0.0, 0.007338888888888888), (0, 0, 0), (0, 0, 0), (0, 0, 0)]","[(4003, 67.1, 10.104127777777776), (16100, 51.89991666666667, 6.185811111111111), (32192, 58.2, 11.63266111111111), (4026, 67.1, 10.11), (16105, 51.900000000000006, 6.1899999999999995), (32212, 58.2, 11.639999999999999)]","[0, 4, 2, 0, 0, 0]","[2, 2, 0, 0, 0, 0]"
573,"[22.338049143708115, 20.772648728708962, 11.917323567748744, 0.0, 0.0, 0.0]","[6, 6, 6, 0, 0, 0]","[207.34559751517963, 976.3412093552531, 671.0442812991586, 0, 0, 0]","[3821.6544024848204, 7125.658790644747, 15439.955718700841, 4029, 8102, 16111]","[4029, 8102, 16111, 4029, 8102, 16111]","[900, 1683, 1920, 0, 0, 0]","[2.385373690337602, 3.526011641443539, 1.1250661622041132, 0.0, 0.0, 0.0]","[102.4518, 605.7687999999999, 386.57273333333325, 0, 0, 0]","[0.011733333333333333, 0.009066666666666667, 0.5841333333333333, 0, 0, 0]","[0.004, 0.007200000000000001, 0.10133333333333333, 0, 0, 0]","[4192.5482, 16574.2312, 33973.427266666666, 4295, 17180, 34360]","[371.9882666666667, 359.9909333333333, 375.9558666666667, 372.0, 360.0, 376.54]","[199.996, 304.9928, 266.64866666666666, 200.0, 305.0, 266.75]","[(13, 0.0, 0.002161111111111111), (12, 0.0, 0.003938888888888889), (12, 0.0, 0.00265), (0, 0, 0), (0, 0, 0), (0, 0, 0)]","[(4013, 67.1, 10.107838888888889), (16093, 51.900000000000006, 6.186061111111111), (32200, 58.2, 11.63735), (4026, 67.1, 10.11), (16105, 51.900000000000006, 6.1899999999999995), (32212, 58.2, 11.639999999999999)]","[0, 4, 2, 0, 0, 0]","[2, 2, 0, 0, 0, 0]"
574,"[7.7934971456937205, 33.831152801777336, 9.043510644901, 0.0, 0.0, 0.0]","[3, 10, 3, 0, 0, 0]","[276.0655956299606, 1228.94581252356, 384.0395044524071, 0, 0, 0]","[3752.9344043700394, 6873.05418747644, 15726.960495547593, 4029, 8102, 16111]","[4029, 8102, 16111, 4029, 8102, 16111]","[314, 2741, 1457, 0, 0, 0]","[1.1148762126503686, 4.310249126891734, 0.8677062475746993, 0.0, 0.0, 0.0]","[47.88393333333333, 740.5007999999999, 298.14386666666667, 0, 0, 0]","[0.0088, 0.5904000000000001, 0.5913333333333333, 0, 0, 0]","[0.0005333333333333334, 0.46453333333333324, 0.1052, 0, 0, 0]","[4247.1160666666665, 16439.4992, 34061.856133333335, 4295, 17180, 34360]","[371.9912, 359.4096, 375.94866666666667, 372.0, 360.0, 376.54]","[199.99946666666668, 304.53546666666665, 266.6448, 200.0, 305.0, 266.75]","[(7, 0.0, 0.0011222222222222222), (20, 0.0031166666666666665, 0.07085555555555556), (3, 0.0, 0.0009444444444444446), (0, 0, 0), (0, 0, 0), (0, 0, 0)]","[(4019, 67.1, 10.108877777777778), (16085, 51.89688333333334, 6.119144444444444), (32209, 58.2, 11.639055555555554), (4026, 67.1, 10.11), (16105, 51.900000000000006, 6.1899999999999995), (32212, 58.2, 11.639999999999999)]","[0, 6, 4, 0, 0, 0]","[2, 2, 0, 0, 0, 0]"
575,"[20.82402581285679, 30.239447050111085, 11.110421451182422, 0.0, 0.0, 0.0]","[7, 8, 4, 0, 0, 0]","[436.8321239427582, 670.4776907998374, 509.13330665698504, 0, 0, 0]","[3592.1678760572418, 7431.522309200162, 15601.866693343014, 4029, 8102, 16111]","[4029, 8102, 16111, 4029, 8102, 16111]","[839, 2450, 1790, 0, 0, 0]","[4.752493597206053, 4.559797050834303, 0.9890131936360107, 0.0, 0.0, 0.0]","[204.1196, 783.3731333333333, 339.82493333333326, 0, 0, 0]","[0.027466666666666667, 0.4193333333333334, 0.5465333333333332, 0, 0, 0]","[0.0008000000000000001, 0.3633333333333333, 0.11266666666666666, 0, 0, 0]","[4090.8804, 16396.626866666666, 34020.17506666667, 4295, 17180, 34360]","[371.97253333333333, 359.5806666666667, 375.9934666666667, 372.0, 360.0, 376.54]","[199.9992, 304.63666666666666, 266.63733333333334, 200.0, 305.0, 266.75]","[(16, 0.03961666666666667, 0.018444444444444444), (16, 0.0002333333333333333, 0.05392222222222223), (4, 0.0, 0.004655555555555555), (0, 0, 0), (0, 0, 0), (0, 0, 0)]","[(4010, 67.06038333333333, 10.091555555555555), (16089, 51.89976666666667, 6.1360777777777775), (32208, 58.2, 11.635344444444444), (4026, 67.1, 10.11), (16105, 51.900000000000006, 6.1899999999999995), (32212, 58.2, 11.639999999999999)]","[0, 6, 4, 0, 0, 0]","[2, 2, 0, 0, 0, 0]"
576,"[19.806403574087863, 11.898296716860035, 10.322140152690707, 0.0, 0.0, 0.0]","[6, 6, 6, 0, 0, 0]","[349.39715890198516, 209.79315024553944, 1147.8302861699203, 0, 0, 0]","[3679.602841098015, 7892.206849754461, 14963.16971383008, 4029, 8102, 16111]","[4029, 8102, 16111, 4029, 8102, 16111]","[798, 964, 1663, 0, 0, 0]","[5.361853317811408, 1.097147846332945, 1.793907062475747, 0.0, 0.0, 0.0]","[230.2916, 188.48999999999995, 616.3864666666666, 0, 0, 0]","[0.0272, 0.4255999999999999, 1.0670666666666668, 0, 0, 0]","[0.00026666666666666673, 0.3577333333333333, 0.3298666666666667, 0, 0, 0]","[4064.7084, 16991.51, 33743.61353333334, 4295, 17180, 34360]","[371.9728, 359.5744, 375.47293333333334, 372.0, 360.0, 376.54]","[199.99973333333332, 304.64226666666667, 266.42013333333335, 200.0, 305.0, 266.75]","[(15, 0.0, 0.003666666666666666), (10, 0.00011666666666666667, 0.05408333333333334), (11, 0.0, 0.006311111111111111), (0, 0, 0), (0, 0, 0), (0, 0, 0)]","[(4011, 67.1, 10.106333333333334), (16095, 51.89988333333334, 6.135916666666666), (32201, 58.2, 11.633688888888887), (4026, 67.1, 10.11), (16105, 51.900000000000006, 6.1899999999999995), (32212, 58.2, 11.639999999999999)]","[0, 0, 0, 0, 0, 0]","[0, 0, 0, 0, 0, 0]"
577,"[28.865723504591713, 6.344112564798815, 13.940785798522748, 0.0, 0.0, 0.0]","[8, 3, 9, 0, 0, 0]","[723.9462126586563, 451.5709051261498, 1676.9973839914196, 0, 0, 0]","[3305.0537873413437, 7650.42909487385, 14434.00261600858, 4029, 8102, 16111]","[4029, 8102, 16111, 4029, 8102, 16111]","[1163, 514, 2246, 0, 0, 0]","[2.8390454016298023, 0.3979902987970508, 3.0179024058983313, 0.0, 0.0, 0.0]","[121.93700000000001, 68.37473333333332, 1036.9512666666667, 0, 0, 0]","[0.02946666666666667, 0.0021333333333333334, 1.6644, 0, 0, 0]","[0.011466666666666665, 0.004666666666666666, 0.4746666666666667, 0, 0, 0]","[4173.063, 17111.625266666666, 33323.04873333334, 4295, 17180, 34360]","[371.9705333333333, 359.99786666666665, 374.8756, 372.0, 360.0, 376.54]","[199.98853333333332, 304.99533333333335, 266.2753333333333, 200.0, 305.0, 266.75]","[(20, 1.666666666666667e-05, 0.025261111111111113), (5, 0.0, 0.0005666666666666666), (19, 0.0, 0.011988888888888887), (0, 0, 0), (0, 0, 0), (0, 0, 0)]","[(4006, 67.09998333333333, 10.084738888888888), (16100, 51.900000000000006, 6.189433333333333), (32193, 58.2, 11.62801111111111), (4026, 67.1, 10.11), (16105, 51.900000000000006, 6.1899999999999995), (32212, 58.2, 11.639999999999999)]","[0, 0, 0, 0, 0, 0]","[0, 0, 0, 0, 0, 0]"
578,"[32.88657235045917, 8.516415699827203, 13.940785798522748, 0.0, 0.0, 0.0]","[9, 4, 9, 0, 0, 0]","[507.5371249859381, 551.4544817745515, 850.7991861791832, 0, 0, 0]","[3521.462875014062, 7550.545518225448, 15260.200813820817, 4029, 8102, 16111]","[4029, 8102, 16111, 4029, 8102, 16111]","[1325, 690, 2246, 0, 0, 0]","[6.787986030267754, 0.5538773767947225, 2.8846439658517653, 0.0, 0.0, 0.0]","[291.54400000000004, 95.15613333333333, 991.1636666666666, 0, 0, 0]","[0.054533333333333336, 0.0026666666666666666, 0.6383999999999999, 0, 0, 0]","[0.05333333333333333, 0.005066666666666667, 0.20466666666666666, 0, 0, 0]","[4003.456, 17084.843866666666, 33368.83633333333, 4295, 17180, 34360]","[371.9454666666667, 359.99733333333336, 375.90160000000003, 372.0, 360.0, 376.54]","[199.94666666666666, 304.99493333333334, 266.54533333333336, 200.0, 305.0, 266.75]","[(22, 0.0012833333333333332, 0.009783333333333333), (6, 0.0, 0.000688888888888889), (19, 0.0, 0.011355555555555555), (0, 0, 0), (0, 0, 0), (0, 0, 0)]","[(4004, 67.09871666666666, 10.100216666666666), (16099, 51.900000000000006, 6.1893111111111105), (32193, 58.2, 11.628644444444443), (4026, 67.1, 10.11), (16105, 51.900000000000006, 6.1899999999999995), (32212, 58.2, 11.639999999999999)]","[0, 0, 0, 0, 0, 0]","[0, 0, 0, 0, 0, 0]"
579,"[21.07222635889799, 14.379165638114047, 9.477996399975172, 0.0, 0.0, 0.0]","[6, 7, 6, 0, 0, 0]","[298.6709424199362, 955.1620482734138, 715.3746278513396, 0, 0, 0]","[3730.329057580064, 7146.837951726586, 15395.625372148661, 4029, 8102, 16111]","[4029, 8102, 16111, 4029, 8102, 16111]","[849, 1165, 1527, 0, 0, 0]","[5.948799379123011, 0.4302743500194024, 1.8605353123787347, 0.0, 0.0, 0.0]","[255.50093333333334, 73.92113333333333, 639.2799333333332, 0, 0, 0]","[0.005866666666666667, 0.004533333333333334, 0.5630666666666666, 0, 0, 0]","[0.007066666666666667, 0.008799999999999999, 0.15106666666666665, 0, 0, 0]","[4039.4990666666667, 17106.078866666667, 33720.72006666667, 4295, 17180, 34360]","[371.9941333333333, 359.9954666666667, 375.97693333333336, 372.0, 360.0, 376.54]","[199.99293333333333, 304.9912, 266.5989333333333, 200.0, 305.0, 266.75]","[(12, 0.0, 0.009277777777777779), (14, 0.0, 0.0007833333333333334), (11, 0.0, 0.007033333333333333), (0, 0, 0), (0, 0, 0), (0, 0, 0)]","[(4014, 67.1, 10.100722222222222), (16091, 51.900000000000006, 6.189216666666666), (32201, 58.2, 11.632966666666665), (4026, 67.1, 10.11), (16105, 51.900000000000006, 6.1899999999999995), (32212, 58.2, 11.639999999999999)]","[0, 0, 0, 0, 0, 0]","[0, 0, 0, 0, 0, 0]"
580,"[17.597418714321172, 21.16761293507776, 6.2690087517844955, 0.0, 0.0, 0.0]","[6, 9, 4, 0, 0, 0]","[492.89419675074964, 939.8515958584264, 558.543069598411, 0, 0, 0]","[3536.10580324925, 7162.148404141573, 15552.45693040159, 4029, 8102, 16111]","[4029, 8102, 16111, 4029, 8102, 16111]","[709, 1715, 1010, 0, 0, 0]","[5.2886053550640275, 0.9834008537058594, 0.8579132712456343, 0.0, 0.0, 0.0]","[227.1456, 168.94826666666665, 294.779, 0, 0, 0]","[0.0236, 0.0037333333333333333, 0.03173333333333333, 0, 0, 0]","[0.0464, 0.005600000000000001, 0.07093333333333333, 0, 0, 0]","[4067.8544, 17011.051733333334, 34065.221, 4295, 17180, 34360]","[371.9764, 359.99626666666666, 376.5082666666667, 372.0, 360.0, 376.54]","[199.9536, 304.9944, 266.67906666666664, 200.0, 305.0, 266.75]","[(13, 0.0, 0.007855555555555557), (15, 0.0, 0.0008722222222222224), (7, 0.0, 0.0049055555555555545), (0, 0, 0), (0, 0, 0), (0, 0, 0)]","[(4013, 67.1, 10.102144444444443), (16090, 51.900000000000006, 6.189127777777777), (32205, 58.2, 11.635094444444443), (4026, 67.1, 10.11), (16105, 51.900000000000006, 6.1899999999999995), (32212, 58.2, 11.639999999999999)]","[0, 0, 0, 0, 0, 0]","[0, 0, 0, 0, 0, 0]"
581,"[27.07867957309506, 15.699827203159714, 8.24281546769288, 0.0, 0.0, 0.0]","[10, 7, 5, 0, 0, 0]","[448.7804895506714, 785.4404763593413, 333.90773411904615, 0, 0, 0]","[3580.2195104493285, 7316.559523640659, 15777.092265880954, 4029, 8102, 16111]","[4029, 8102, 16111, 4029, 8102, 16111]","[1091, 1272, 1328, 0, 0, 0]","[11.56598680636399, 0.8651552192471865, 3.7980027163368257, 0.0, 0.0, 0.0]","[496.75913333333335, 148.63366666666664, 1304.9937333333332, 0, 0, 0]","[0.05586666666666667, 0.0027999999999999995, 0.2406666666666667, 0, 0, 0]","[0.07213333333333333, 0.0037333333333333333, 1.5478666666666667, 0, 0, 0]","[3798.2408666666665, 17031.36633333333, 33055.00626666666, 4295, 17180, 34360]","[371.94413333333335, 359.9972, 376.2993333333334, 372.0, 360.0, 376.54]","[199.92786666666666, 304.99626666666666, 265.20213333333334, 200.0, 305.0, 266.75]","[(22, 0.0044, 0.02082222222222222), (11, 0.0, 0.0002444444444444445), (10, 1.666666666666667e-05, 0.029305555555555557), (0, 0, 0), (0, 0, 0), (0, 0, 0)]","[(4004, 67.09559999999999, 10.089177777777778), (16094, 51.900000000000006, 6.189755555555555), (32202, 58.199983333333336, 11.610694444444443), (4026, 67.1, 10.11), (16105, 51.900000000000006, 6.1899999999999995), (32212, 58.2, 11.639999999999999)]","[0, 0, 0, 0, 0, 0]","[0, 0, 0, 0, 0, 0]"
582,"[15.661454455199802, 20.204887682053812, 4.549686549562411, 0.0, 0.0, 0.0]","[7, 10, 3, 0, 0, 0]","[451.3033784898415, 800.4205056085099, 408.3459117441131, 0, 0, 0]","[3577.6966215101584, 7301.57949439149, 15702.654088255887, 4029, 8102, 16111]","[4029, 8102, 16111, 4029, 8102, 16111]","[631, 1637, 733, 0, 0, 0]","[7.545862630966241, 1.8800516103996894, 2.5460320139697323, 0.0, 0.0, 0.0]","[324.0948, 322.99286666666666, 874.8166, 0, 0, 0]","[0.030266666666666664, 0.5793333333333334, 0.17346666666666666, 0, 0, 0]","[0.021733333333333334, 0.4586666666666666, 0.7913333333333331, 0, 0, 0]","[3970.9052, 16857.007133333333, 33485.1834, 4295, 17180, 34360]","[371.96973333333335, 359.42066666666665, 376.36653333333334, 372.0, 360.0, 376.54]","[199.97826666666666, 304.54133333333334, 265.95866666666666, 200.0, 305.0, 266.75]","[(15, 0.001633333333333333, 0.010911111111111111), (17, 0.0030666666666666663, 0.061088888888888894), (9, 0.0, 0.024116666666666668), (0, 0, 0), (0, 0, 0), (0, 0, 0)]","[(4011, 67.09836666666666, 10.099088888888888), (16088, 51.89693333333334, 6.128911111111111), (32203, 58.2, 11.615883333333333), (4026, 67.1, 10.11), (16105, 51.900000000000006, 6.1899999999999995), (32212, 58.2, 11.639999999999999)]","[0, 0, 0, 0, 0, 0]","[0, 0, 0, 0, 0, 0]"
583,"[27.128319682303303, 15.218464576647742, 8.522127738811992, 0.0, 0.0, 0.0]","[10, 7, 6, 0, 0, 0]","[517.8045414846083, 816.6738379013003, 824.8393463607214, 0, 0, 0]","[3511.1954585153917, 7285.3261620987, 15286.16065363928, 4029, 8102, 16111]","[4029, 8102, 16111, 4029, 8102, 16111]","[1093, 1233, 1373, 0, 0, 0]","[12.260754365541327, 1.548499029879705, 2.479145906092355, 0.0, 0.0, 0.0]","[526.5994, 266.0321333333333, 851.8345333333332, 0, 0, 0]","[0.05960000000000001, 0.41773333333333335, 0.1852, 0, 0, 0]","[0.06999999999999999, 0.3574666666666666, 0.6301333333333334, 0, 0, 0]","[3768.4006, 16913.967866666666, 33508.165466666665, 4295, 17180, 34360]","[371.9404, 359.58226666666667, 376.3548, 372.0, 360.0, 376.54]","[199.93, 304.64253333333335, 266.11986666666667, 200.0, 305.0, 266.75]","[(22, 0.0066, 0.05177777777777777), (12, 0.0002333333333333333, 0.05249444444444445), (15, 3.3333333333333335e-05, 0.01902777777777778), (0, 0, 0), (0, 0, 0), (0, 0, 0)]","[(4004, 67.09339999999999, 10.058222222222222), (16093, 51.89976666666667, 6.137505555555555), (32197, 58.19996666666667, 11.620972222222221), (4026, 67.1, 10.11), (16105, 51.900000000000006, 6.1899999999999995), (32212, 58.2, 11.639999999999999)]","[0, 0, 0, 0, 0, 0]","[0, 0, 0, 0, 0, 0]"
584,"[25.068255150161328, 22.772155023451, 9.136614735274035, 0.0, 0.0, 0.0]","[9, 9, 6, 0, 0, 0]","[508.20498547715846, 813.6390463395969, 496.43050715313177, 0, 0, 0]","[3520.7950145228415, 7288.3609536604035, 15614.569492846867, 4029, 8102, 16111]","[4029, 8102, 16111, 4029, 8102, 16111]","[1010, 1845, 1472, 0, 0, 0]","[16.020490492821107, 1.3458591385331782, 0.6933733022894839, 0.0, 0.0, 0.0]","[688.0800666666665, 231.2186, 238.24306666666666, 0, 0, 0]","[0.03359999999999999, 0.42679999999999996, 0.005733333333333333, 0, 0, 0]","[0.040666666666666657, 0.36119999999999997, 0.008666666666666666, 0, 0, 0]","[3606.9199333333336, 16948.7814, 34121.75693333333, 4295, 17180, 34360]","[371.9664, 359.5732, 376.53426666666667, 372.0, 360.0, 376.54]","[199.95933333333332, 304.6388, 266.74133333333333, 200.0, 305.0, 266.75]","[(22, 0.47523333333333334, 0.1835888888888889), (17, 0.00365, 0.054788888888888894), (15, 0.0, 0.006572222222222222), (0, 0, 0), (0, 0, 0), (0, 0, 0)]","[(4004, 66.62476666666666, 9.926411111111111), (16088, 51.896350000000005, 6.1352111111111105), (32197, 58.2, 11.633427777777776), (4026, 67.1, 10.11), (16105, 51.900000000000006, 6.1899999999999995), (32212, 58.2, 11.639999999999999)]","[0, 0, 0, 0, 0, 0]","[0, 0, 0, 0, 0, 0]"
585,"[19.781583519483743, 24.98148605282646, 10.849729998137917, 0.0, 0.0, 0.0]","[6, 9, 7, 0, 0, 0]","[249.97596976709468, 1253.101921497426, 933.3307527332477, 0, 0, 0]","[3779.0240302329053, 6848.898078502574, 15177.669247266753, 4029, 8102, 16111]","[4029, 8102, 16111, 4029, 8102, 16111]","[797, 2024, 1748, 0, 0, 0]","[11.893563057819167, 14.28717889018238, 1.339066938300349, 0.0, 0.0, 0.0]","[510.8285333333332, 2454.537333333333, 460.10339999999997, 0, 0, 0]","[0.014933333333333331, 0.40053333333333335, 1.0593333333333335, 0, 0, 0]","[0.019466666666666667, 1.5033333333333334, 0.3237333333333334, 0, 0, 0]","[3784.1714666666667, 14725.462666666666, 33899.8966, 4295, 17180, 34360]","[371.9850666666667, 359.5994666666667, 375.4806666666667, 372.0, 360.0, 376.54]","[199.98053333333334, 303.49666666666667, 266.42626666666666, 200.0, 305.0, 266.75]","[(13, 0.0016499999999999996, 0.01806111111111111), (17, 0.0004166666666666667, 0.026277777777777785), (15, 0.0, 0.0070222222222222205), (0, 0, 0), (0, 0, 0), (0, 0, 0)]","[(4013, 67.09835, 10.091938888888889), (16088, 51.89958333333334, 6.163722222222222), (32197, 58.2, 11.632977777777777), (4026, 67.1, 10.11), (16105, 51.900000000000006, 6.1899999999999995), (32212, 58.2, 11.639999999999999)]","[0, 0, 0, 0, 0, 0]","[0, 0, 0, 0, 0, 0]"
586,"[13.47728965003723, 25.487533942236485, 13.667680466761839, 0.0, 0.0, 0.0]","[4, 9, 9, 0, 0, 0]","[320.2639922100611, 1346.9777661853245, 1259.694286866087, 0, 0, 0]","[3708.736007789939, 6755.022233814676, 14851.305713133914, 4029, 8102, 16111]","[4029, 8102, 16111, 4029, 8102, 16111]","[543, 2065, 2202, 0, 0, 0]","[5.62735118354676, 13.685685292976327, 3.534784827318587, 0.0, 0.0, 0.0]","[241.69473333333335, 2351.200733333333, 1214.5520666666666, 0, 0, 0]","[0.019599999999999996, 0.746, 10.208533333333333, 0, 0, 0]","[0.027999999999999997, 1.2375999999999998, 0.2142666666666667, 0, 0, 0]","[4053.3052666666667, 14828.799266666667, 33145.44793333334, 4295, 17180, 34360]","[371.9804, 359.254, 366.3314666666667, 372.0, 360.0, 376.54]","[199.972, 303.7624, 266.5357333333333, 200.0, 305.0, 266.75]","[(8, 0.07481666666666667, 0.03161666666666667), (15, 0.0030666666666666663, 0.08308888888888889), (17, 0.0, 0.013305555555555555), (0, 0, 0), (0, 0, 0), (0, 0, 0)]","[(4018, 67.02518333333333, 10.078383333333333), (16090, 51.89693333333334, 6.106911111111111), (32195, 58.2, 11.626694444444443), (4026, 67.1, 10.11), (16105, 51.900000000000006, 6.1899999999999995), (32212, 58.2, 11.639999999999999)]","[0, 0, 0, 0, 0, 0]","[0, 0, 0, 0, 0, 0]"
587,"[14.569372052618515, 23.562083436188598, 11.389733722301534, 0.0, 0.0, 0.0]","[4, 9, 7, 0, 0, 0]","[186.61228878210525, 1226.0684108985197, 872.0917064228237, 0, 0, 0]","[3842.387711217895, 6875.93158910148, 15238.908293577177, 4029, 8102, 16111]","[4029, 8102, 16111, 4029, 8102, 16111]","[587, 1909, 1835, 0, 0, 0]","[4.630463329452851, 12.109783857198293, 2.8793036476523084, 0.0, 0.0, 0.0]","[198.87839999999997, 2080.460866666667, 989.3287333333333, 0, 0, 0]","[0.038799999999999994, 0.5938666666666668, 4.455866666666667, 0, 0, 0]","[0.037866666666666667, 0.9763999999999999, 0.20386666666666667, 0, 0, 0]","[4096.1216, 15099.539133333334, 33370.671266666664, 4295, 17180, 34360]","[371.9612, 359.40613333333334, 372.08413333333334, 372.0, 360.0, 376.54]","[199.96213333333333, 304.0236, 266.54613333333333, 200.0, 305.0, 266.75]","[(8, 0.0012833333333333334, 0.001), (15, 0.00065, 0.06529444444444446), (14, 0.0, 0.009761111111111111), (0, 0, 0), (0, 0, 0), (0, 0, 0)]","[(4018, 67.09871666666666, 10.109), (16090, 51.899350000000005, 6.124705555555555), (32198, 58.2, 11.630238888888888), (4026, 67.1, 10.11), (16105, 51.900000000000006, 6.1899999999999995), (32212, 58.2, 11.639999999999999)]","[0, 0, 0, 0, 0, 0]","[0, 0, 0, 0, 0, 0]"
588,"[19.13626209977662, 26.536657615403602, 8.764198373781888, 0.0, 0.0, 0.0]","[5, 10, 6, 0, 0, 0]","[366.4370396093999, 708.553692989819, 722.7292411345571, 0, 0, 0]","[3662.5629603906, 7393.446307010181, 15388.270758865443, 4029, 8102, 16111]","[4029, 8102, 16111, 4029, 8102, 16111]","[771, 2150, 1412, 0, 0, 0]","[3.1788436166084595, 11.447858362436945, 3.1543409002716336, 0.0, 0.0, 0.0]","[136.53133333333332, 1966.742066666667, 1083.8315333333333, 0, 0, 0]","[0.03613333333333334, 0.5817333333333332, 8.223066666666666, 0, 0, 0]","[0.04906666666666667, 1.0262666666666669, 0.25639999999999996, 0, 0, 0]","[4158.468666666667, 15213.257933333332, 33276.16846666667, 4295, 17180, 34360]","[371.96386666666666, 359.4182666666667, 368.31693333333334, 372.0, 360.0, 376.54]","[199.95093333333332, 303.9737333333333, 266.4936, 200.0, 305.0, 266.75]","[(13, 0.00021666666666666666, 0.0010611111111111112), (17, 0.043916666666666666, 0.08765555555555557), (13, 0.00035, 0.0145), (0, 0, 0), (0, 0, 0), (0, 0, 0)]","[(4013, 67.09978333333333, 10.108938888888888), (16088, 51.85608333333334, 6.102344444444444), (32199, 58.199650000000005, 11.625499999999999), (4026, 67.1, 10.11), (16105, 51.900000000000006, 6.1899999999999995), (32212, 58.2, 11.639999999999999)]","[0, 0, 0, 0, 0, 0]","[0, 0, 0, 0, 0, 0]"
589,"[19.2355423181931, 16.24290298691681, 16.200111724908446, 0.0, 0.0, 0.0]","[5, 6, 10, 0, 0, 0]","[698.4732714287952, 1213.3416599818022, 1524.3298740421099, 0, 0, 0]","[3330.526728571205, 6888.658340018198, 14586.67012595789, 4029, 8102, 16111]","[4029, 8102, 16111, 4029, 8102, 16111]","[775, 1316, 2610, 0, 0, 0]","[3.7129049282110986, 1.086489328676756, 2.6270227008149005, 0.0, 0.0, 0.0]","[159.46926666666667, 186.65886666666668, 902.6449999999999, 0, 0, 0]","[0.009866666666666666, 8.668, 0.6918666666666666, 0, 0, 0]","[0.0036000000000000003, 8.6316, 0.17653333333333332, 0, 0, 0]","[4135.530733333333, 16993.34113333333, 33457.355, 4295, 17180, 34360]","[371.99013333333335, 351.332, 375.84813333333335, 372.0, 360.0, 376.54]","[199.9964, 296.3684, 266.57346666666666, 200.0, 305.0, 266.75]","[(14, 1.666666666666667e-05, 0.0020777777777777778), (12, 0.0, 0.051711111111111104), (21, 1.666666666666667e-05, 0.09757222222222221), (0, 0, 0), (0, 0, 0), (0, 0, 0)]","[(4012, 67.09998333333333, 10.107922222222221), (16093, 51.900000000000006, 6.138288888888888), (32191, 58.199983333333336, 11.542427777777776), (4026, 67.1, 10.11), (16105, 51.900000000000006, 6.1899999999999995), (32212, 58.2, 11.639999999999999)]","[0, 0, 0, 0, 0, 0]","[0, 0, 0, 0, 0, 0]"
590,"[24.79523454951601, 16.24290298691681, 13.636645769970826, 0.0, 0.0, 0.0]","[7, 6, 8, 0, 0, 0]","[558.9443592092741, 497.80319399592133, 1039.104148196494, 0, 0, 0]","[3470.055640790726, 7604.196806004079, 15071.895851803507, 4029, 8102, 16111]","[4029, 8102, 16111, 4029, 8102, 16111]","[999, 1316, 2197, 0, 0, 0]","[6.249889018238261, 1.1358420644159877, 1.7575351183546757, 0.0, 0.0, 0.0]","[268.4327333333333, 195.1376666666667, 603.8890666666666, 0, 0, 0]","[0.0512, 24.676666666666673, 0.17400000000000002, 0, 0, 0]","[0.04586666666666666, 24.671999999999993, 0.031200000000000002, 0, 0, 0]","[4026.567266666667, 16984.862333333334, 33756.11093333333, 4295, 17180, 34360]","[371.9488, 335.3233333333333, 376.36600000000004, 372.0, 360.0, 376.54]","[199.95413333333335, 280.32800000000003, 266.7188, 200.0, 305.0, 266.75]","[(16, 0.0012, 0.05762222222222222), (12, 0.0, 0.05207222222222222), (17, 0.03996666666666667, 0.14043333333333333), (0, 0, 0), (0, 0, 0), (0, 0, 0)]","[(4010, 67.0988, 10.052377777777778), (16093, 51.900000000000006, 6.137927777777778), (32195, 58.16003333333334, 11.499566666666665), (4026, 67.1, 10.11), (16105, 51.900000000000006, 6.1899999999999995), (32212, 58.2, 11.639999999999999)]","[0, 0, 0, 0, 0, 0]","[0, 0, 0, 0, 0, 0]"
591,"[27.500620501365102, 10.86151567514194, 14.52423809819378, 0.0, 0.0, 0.0]","[8, 4, 9, 0, 0, 0]","[729.2086687145347, 434.511712977219, 1496.3734460603685, 0, 0, 0]","[3299.7913312854653, 7667.488287022781, 14614.626553939632, 4029, 8102, 16111]","[4029, 8102, 16111, 4029, 8102, 16111]","[1108, 880, 2340, 0, 0, 0]","[8.472568102444702, 0.38476057431121463, 1.7229489716724875, 0.0, 0.0, 0.0]","[363.8968, 66.10186666666667, 592.0052666666667, 0, 0, 0]","[0.06066666666666667, 20.545333333333332, 0.017466666666666665, 0, 0, 0]","[0.034533333333333326, 20.601066666666664, 0.022799999999999997, 0, 0, 0]","[3931.1032, 17113.898133333332, 33767.99473333333, 4295, 17180, 34360]","[371.9393333333333, 339.45466666666664, 376.52253333333334, 372.0, 360.0, 376.54]","[199.96546666666666, 284.39893333333333, 266.7272, 200.0, 305.0, 266.75]","[(16, 1.666666666666667e-05, 0.05771666666666667), (9, 0.0, 0.0010222222222222221), (18, 0.0045833333333333325, 0.025255555555555555), (0, 0, 0), (0, 0, 0), (0, 0, 0)]","[(4010, 67.09998333333333, 10.052283333333333), (16096, 51.900000000000006, 6.188977777777778), (32194, 58.19541666666667, 11.614744444444444), (4026, 67.1, 10.11), (16105, 51.900000000000006, 6.1899999999999995), (32212, 58.2, 11.639999999999999)]","[0, 0, 0, 0, 0, 0]","[0, 0, 0, 0, 0, 0]"
592,"[25.589476296847852, 12.157491977289558, 12.5628452610018, 0.0, 0.0, 0.0]","[8, 5, 8, 0, 0, 0]","[645.4165188417055, 499.78283947597726, 1599.4425222434654, 0, 0, 0]","[3383.5834811582945, 7602.217160524023, 14511.557477756534, 4029, 8102, 16111]","[4029, 8102, 16111, 4029, 8102, 16111]","[1031, 985, 2024, 0, 0, 0]","[9.667830811020567, 0.768513775708188, 0.7185492821109817, 0.0, 0.0, 0.0]","[415.23333333333335, 132.0306666666667, 246.89353333333332, 0, 0, 0]","[0.0584, 0.0008, 0.014266666666666665, 0, 0, 0]","[0.030666666666666665, 0.006533333333333334, 0.008266666666666667, 0, 0, 0]","[3879.7666666666664, 17047.969333333334, 34113.106466666664, 4295, 17180, 34360]","[371.9416, 359.9992, 376.52573333333333, 372.0, 360.0, 376.54]","[199.96933333333334, 304.9934666666667, 266.74173333333334, 200.0, 305.0, 266.75]","[(18, 0.47063333333333335, 0.07015555555555554), (9, 0.0004166666666666667, 0.00195), (17, 0.0, 0.0053), (0, 0, 0), (0, 0, 0), (0, 0, 0)]","[(4008, 66.62936666666666, 10.039844444444444), (16096, 51.89958333333334, 6.18805), (32195, 58.2, 11.634699999999999), (4026, 67.1, 10.11), (16105, 51.900000000000006, 6.1899999999999995), (32212, 58.2, 11.639999999999999)]","[0, 0, 0, 0, 0, 0]","[0, 0, 0, 0, 0, 0]"
593,"[24.57185405807893, 9.997531473710195, 15.70355657625225, 0.0, 0.0, 0.0]","[7, 5, 10, 0, 0, 0]","[535.5498631292073, 581.1139946675113, 1198.3638147401014, 0, 0, 0]","[3493.4501368707924, 7520.886005332489, 14912.636185259898, 4029, 8102, 16111]","[4029, 8102, 16111, 4029, 8102, 16111]","[990, 810, 2530, 0, 0, 0]","[8.154168412883195, 2.3065906092355455, 0.7981464881645324, 0.0, 0.0, 0.0]","[350.22153333333324, 396.2722666666667, 274.24313333333333, 0, 0, 0]","[0.049199999999999994, 0.0005333333333333334, 0.01453333333333333, 0, 0, 0]","[0.047066666666666666, 0.018400000000000003, 0.008933333333333333, 0, 0, 0]","[3944.7784666666666, 16783.727733333333, 34085.75686666667, 4295, 17180, 34360]","[371.9508, 359.99946666666665, 376.52546666666666, 372.0, 360.0, 376.54]","[199.95293333333333, 304.9816, 266.74106666666665, 200.0, 305.0, 266.75]","[(16, 0.0002833333333333333, 0.05835), (9, 0.06151666666666666, 0.036699999999999997), (21, 6.666666666666667e-05, 0.005633333333333334), (0, 0, 0), (0, 0, 0), (0, 0, 0)]","[(4010, 67.09971666666667, 10.051649999999999), (16096, 51.838483333333336, 6.1533), (32191, 58.199933333333334, 11.634366666666665), (4026, 67.1, 10.11), (16105, 51.900000000000006, 6.1899999999999995), (32212, 58.2, 11.639999999999999)]","[0, 0, 0, 0, 0, 0]","[0, 0, 0, 0, 0, 0]"
594,"[24.199553239017128, 14.88521352752407, 14.319409099373098, 0.0, 0.0, 0.0]","[8, 6, 7, 0, 0, 0]","[495.63996983894083, 326.56515272591173, 926.9851935673152, 0, 0, 0]","[3533.360030161059, 7775.4348472740885, 15184.014806432684, 4029, 8102, 16111]","[4029, 8102, 16111, 4029, 8102, 16111]","[975, 1206, 2307, 0, 0, 0]","[9.07069460613116, 5.057725261932479, 0.2932143965851765, 0.0, 0.0, 0.0]","[389.58633333333336, 868.9171999999999, 100.74846666666666, 0, 0, 0]","[0.06813333333333334, 0.009866666666666666, 0.014, 0, 0, 0]","[0.041466666666666666, 0.014, 0.008, 0, 0, 0]","[3905.413666666667, 16311.0828, 34259.251533333336, 4295, 17180, 34360]","[371.9318666666667, 359.99013333333335, 376.526, 372.0, 360.0, 376.54]","[199.95853333333332, 304.986, 266.742, 200.0, 305.0, 266.75]","[(16, 0.06465000000000001, 0.0788722222222222), (11, 0.029849999999999995, 0.02735555555555555), (13, 0.0, 0.002016666666666667), (0, 0, 0), (0, 0, 0), (0, 0, 0)]","[(4010, 67.03535, 10.031127777777778), (16094, 51.87015, 6.162644444444444), (32199, 58.2, 11.637983333333333), (4026, 67.1, 10.11), (16105, 51.900000000000006, 6.1899999999999995), (32212, 58.2, 11.639999999999999)]","[0, 2, 2, 0, 0, 0]","[2, 0, 0, 0, 0, 0]"
595,"[21.940928270042196, 14.021229326092321, 16.920116690459935, 0.0, 0.0, 0.0]","[7, 5, 8, 0, 0, 0]","[575.7320994847742, 756.1890251693364, 720.0913052510184, 0, 0, 0]","[3453.267900515226, 7345.810974830663, 15390.908694748981, 4029, 8102, 16111]","[4029, 8102, 16111, 4029, 8102, 16111]","[884, 1136, 2726, 0, 0, 0]","[6.934475746992627, 4.410761738455568, 0.24654695382227396, 0.0, 0.0, 0.0]","[297.83573333333334, 757.7688666666666, 84.71353333333333, 0, 0, 0]","[0.0034666666666666665, 0.009066666666666666, 0.06786666666666667, 0, 0, 0]","[0.008266666666666667, 0.008, 0.05800000000000001, 0, 0, 0]","[3997.1642666666667, 16422.231133333335, 34275.286466666665, 4295, 17180, 34360]","[371.99653333333333, 359.9909333333333, 376.4721333333334, 372.0, 360.0, 376.54]","[199.99173333333334, 304.992, 266.692, 200.0, 305.0, 266.75]","[(16, 0.0013, 0.0025666666666666667), (11, 0.031000000000000003, 0.040488888888888894), (16, 0.0, 0.0014111111111111112), (0, 0, 0), (0, 0, 0), (0, 0, 0)]","[(4010, 67.0987, 10.107433333333333), (16094, 51.86900000000001, 6.149511111111111), (32196, 58.2, 11.638588888888888), (4026, 67.1, 10.11), (16105, 51.900000000000006, 6.1899999999999995), (32212, 58.2, 11.639999999999999)]","[0, 2, 2, 0, 0, 0]","[2, 0, 0, 0, 0, 0]"
596,"[22.98337056341524, 19.19279190323377, 10.464899757929365, 0.0, 0.0, 0.0]","[6, 7, 4, 0, 0, 0]","[504.3314762351116, 1085.1800539112533, 783.1167271233309, 0, 0, 0]","[3524.6685237648885, 7016.819946088746, 15327.883272876668, 4029, 8102, 16111]","[4029, 8102, 16111, 4029, 8102, 16111]","[926, 1555, 1686, 0, 0, 0]","[5.300780752813348, 5.256849437330229, 0.07247497089639116, 0.0, 0.0, 0.0]","[227.6685333333333, 903.1267333333333, 24.9024, 0, 0, 0]","[0.013866666666666664, 0.018533333333333332, 0.04746666666666668, 0, 0, 0]","[0.018266666666666667, 0.006, 0.04693333333333333, 0, 0, 0]","[4067.3314666666665, 16276.873266666667, 34335.0976, 4295, 17180, 34360]","[371.9861333333333, 359.9814666666667, 376.49253333333337, 372.0, 360.0, 376.54]","[199.98173333333332, 304.994, 266.70306666666664, 200.0, 305.0, 266.75]","[(15, 5e-05, 0.0022944444444444444), (17, 0.04693333333333333, 0.03098888888888889), (8, 0.0, 0.00017222222222222224), (0, 0, 0), (0, 0, 0), (0, 0, 0)]","[(4011, 67.09994999999999, 10.107705555555555), (16088, 51.85306666666667, 6.159011111111111), (32204, 58.2, 11.639827777777777), (4026, 67.1, 10.11), (16105, 51.900000000000006, 6.1899999999999995), (32212, 58.2, 11.639999999999999)]","[0, 2, 2, 0, 0, 0]","[2, 2, 0, 0, 0, 0]"
597,"[20.476545048399107, 24.290298691681066, 12.246291353733474, 0.0, 0.0, 0.0]","[4, 9, 5, 0, 0, 0]","[381.64947415397626, 957.054928002194, 411.973270975709, 0, 0, 0]","[3647.3505258460236, 7144.945071997806, 15699.026729024292, 4029, 8102, 16111]","[4029, 8102, 16111, 4029, 8102, 16111]","[825, 1968, 1973, 0, 0, 0]","[0.8198603026775321, 3.208876600698486, 0.2606655025223128, 0.0, 0.0, 0.0]","[35.213, 551.285, 89.56466666666668, 0, 0, 0]","[0.011333333333333336, 0.0268, 0.05360000000000001, 0, 0, 0]","[0.011466666666666665, 0.016666666666666666, 0.053066666666666665, 0, 0, 0]","[4259.787, 16628.715, 34270.435333333335, 4295, 17180, 34360]","[371.9886666666667, 359.9732, 376.4864, 372.0, 360.0, 376.54]","[199.98853333333332, 304.98333333333335, 266.69693333333333, 200.0, 305.0, 266.75]","[(11, 0.0, 5.555555555555556e-05), (20, 0.00065, 0.0032166666666666663), (10, 0.0, 0.0006), (0, 0, 0), (0, 0, 0), (0, 0, 0)]","[(4015, 67.1, 10.109944444444444), (16085, 51.899350000000005, 6.186783333333333), (32202, 58.2, 11.639399999999998), (4026, 67.1, 10.11), (16105, 51.900000000000006, 6.1899999999999995), (32212, 58.2, 11.639999999999999)]","[0, 2, 2, 0, 0, 0]","[2, 2, 0, 0, 0, 0]"
598,"[26.036237279722013, 17.04517403110343, 17.646328595369624, 0.0, 0.0, 0.0]","[4, 6, 6, 0, 0, 0]","[265.5418845813722, 845.6480280390781, 1410.2299691996157, 0, 0, 0]","[3763.458115418628, 7256.351971960922, 14700.770030800384, 4029, 8102, 16111]","[4029, 8102, 16111, 4029, 8102, 16111]","[1049, 1381, 2843, 0, 0, 0]","[0.8412076057431124, 0.46829103608847494, 1.8339578967792005, 0.0, 0.0, 0.0]","[36.12986666666667, 80.4524, 630.1479333333333, 0, 0, 0]","[0.011466666666666665, 0.0004000000000000001, 0.05533333333333334, 0, 0, 0]","[0.011999999999999999, 0.0004000000000000001, 0.05173333333333334, 0, 0, 0]","[4258.870133333333, 17099.5476, 33729.852066666666, 4295, 17180, 34360]","[371.98853333333335, 359.9996, 376.48466666666667, 372.0, 360.0, 376.54]","[199.988, 304.9996, 266.69826666666665, 200.0, 305.0, 266.75]","[(10, 0.0, 0.0002555555555555556), (12, 0.0, 0.00022777777777777778), (14, 0.0, 0.0023611111111111107), (0, 0, 0), (0, 0, 0), (0, 0, 0)]","[(4016, 67.1, 10.109744444444443), (16093, 51.900000000000006, 6.189772222222222), (32198, 58.2, 11.637638888888887), (4026, 67.1, 10.11), (16105, 51.900000000000006, 6.1899999999999995), (32212, 58.2, 11.639999999999999)]","[2, 2, 4, 0, 0, 0]","[2, 2, 2, 0, 0, 0]"
599,"[22.288409034499875, 17.649962972105655, 19.638756129352615, 0.0, 0.0, 0.0]","[4, 7, 7, 0, 0, 0]","[193.15450000954422, 718.5818588076353, 740.9331749315644, 0, 0, 0]","[3835.8454999904557, 7383.418141192365, 15370.066825068436, 4029, 8102, 16111]","[4029, 8102, 16111, 4029, 8102, 16111]","[898, 1430, 3164, 0, 0, 0]","[4.876641055490881, 0.1979592549476135, 2.033843616608459, 0.0, 0.0, 0.0]","[209.45173333333332, 34.0094, 698.8286666666665, 0, 0, 0]","[0.009333333333333334, 0.0, 0.05466666666666667, 0, 0, 0]","[0.0006666666666666668, 0.002, 0.051733333333333326, 0, 0, 0]","[4085.5482666666667, 17145.9906, 33661.17133333333, 4295, 17180, 34360]","[371.99066666666664, 360.0, 376.48533333333336, 372.0, 360.0, 376.54]","[199.99933333333334, 304.998, 266.69826666666665, 200.0, 305.0, 266.75]","[(11, 0.4706, 0.0144), (15, 0.0, 0.00011111111111111112), (15, 0.0, 0.0013777777777777781), (0, 0, 0), (0, 0, 0), (0, 0, 0)]","[(4015, 66.62939999999999, 10.0956), (16090, 51.900000000000006, 6.1898888888888886), (32197, 58.2, 11.63862222222222), (4026, 67.1, 10.11), (16105, 51.900000000000006, 6.1899999999999995), (32212, 58.2, 11.639999999999999)]","[2, 2, 4, 0, 0, 0]","[2, 2, 2, 0, 0, 0]"
600,"[12.931248448746588, 14.650703529992596, 10.22282912295947, 0.0, 0.0, 0.0]","[5, 7, 6, 0, 0, 0]","[447.26743076275045, 606.9551222960804, 732.637875528894, 0, 0, 0]","[3581.7325692372497, 7495.04487770392, 15378.362124471107, 4029, 8102, 16111]","[4029, 8102, 16111, 4029, 8102, 16111]","[521, 1187, 1647, 0, 0, 0]","[5.016996507566938, 0.7204171517268141, 1.7982268141249516, 0.0, 0.0, 0.0]","[215.47999999999996, 123.76766666666667, 617.8707333333333, 0, 0, 0]","[0.005066666666666667, 1.2826666666666668, 0.06080000000000001, 0, 0, 0]","[0.0029333333333333334, 1.2873333333333334, 0.037733333333333334, 0, 0, 0]","[4079.52, 17056.232333333333, 33742.12926666666, 4295, 17180, 34360]","[371.99493333333334, 358.71733333333333, 376.47920000000005, 372.0, 360.0, 376.54]","[199.99706666666665, 303.7126666666667, 266.71226666666666, 200.0, 305.0, 266.75]","[(9, 0.0, 0.0030666666666666663), (16, 0.0002666666666666667, 0.0018444444444444446), (11, 0.026199999999999998, 0.010683333333333333), (0, 0, 0), (0, 0, 0), (0, 0, 0)]","[(4017, 67.1, 10.106933333333332), (16089, 51.89973333333334, 6.188155555555555), (32201, 58.1738, 11.629316666666666), (4026, 67.1, 10.11), (16105, 51.900000000000006, 6.1899999999999995), (32212, 58.2, 11.639999999999999)]","[0, 0, 0, 0, 0, 0]","[0, 0, 0, 0, 0, 0]"
601,"[25.812856788284932, 8.652184645766479, 11.551114145614799, 0.0, 0.0, 0.0]","[9, 4, 7, 0, 0, 0]","[680.8005057975888, 450.1109189520341, 910.3792110670003, 0, 0, 0]","[3348.199494202411, 7651.889081047966, 15200.620788933, 4029, 8102, 16111]","[4029, 8102, 16111, 4029, 8102, 16111]","[1040, 701, 1861, 0, 0, 0]","[10.378848273185877, 0.906292200232829, 1.6973901823826152, 0.0, 0.0, 0.0]","[445.7715333333334, 155.70100000000002, 583.2232666666666, 0, 0, 0]","[0.023066666666666666, 0.009866666666666666, 0.038533333333333336, 0, 0, 0]","[0.0084, 0.0017333333333333335, 0.025466666666666665, 0, 0, 0]","[3849.2284666666665, 17024.299, 33776.77673333333, 4295, 17180, 34360]","[371.9769333333333, 359.99013333333335, 376.5014666666667, 372.0, 360.0, 376.54]","[199.9916, 304.99826666666667, 266.72453333333334, 200.0, 305.0, 266.75]","[(16, 0.07343333333333334, 0.03289444444444445), (10, 1.666666666666667e-05, 0.002172222222222222), (16, 0.0002833333333333333, 0.002361111111111111), (0, 0, 0), (0, 0, 0), (0, 0, 0)]","[(4010, 67.02656666666667, 10.077105555555555), (16095, 51.89998333333334, 6.187827777777778), (32196, 58.19971666666667, 11.637638888888887), (4026, 67.1, 10.11), (16105, 51.900000000000006, 6.1899999999999995), (32212, 58.2, 11.639999999999999)]","[0, 0, 0, 0, 0, 0]","[0, 0, 0, 0, 0, 0]"
602,"[23.479771655497643, 12.194519871636633, 9.831791943392714, 0.0, 0.0, 0.0]","[8, 5, 6, 0, 0, 0]","[441.9675664517547, 511.77208084358165, 603.8313018836686, 0, 0, 0]","[3587.0324335482455, 7590.2279191564185, 15507.168698116331, 4029, 8102, 16111]","[4029, 8102, 16111, 4029, 8102, 16111]","[946, 988, 1584, 0, 0, 0]","[11.316765230888631, 1.0925083430345361, 1.456943344974777, 0.0, 0.0, 0.0]","[486.05506666666673, 187.69293333333331, 500.6057333333334, 0, 0, 0]","[0.0144, 0.031733333333333336, 0.03573333333333333, 0, 0, 0]","[0.0064, 0.025866666666666663, 0.022933333333333333, 0, 0, 0]","[3808.944933333333, 16992.307066666668, 33859.39426666667, 4295, 17180, 34360]","[371.9856, 359.9682666666667, 376.5042666666667, 372.0, 360.0, 376.54]","[199.9936, 304.9741333333333, 266.72706666666664, 200.0, 305.0, 266.75]","[(15, 0.0012833333333333334, 0.007177777777777777), (10, 0.0, 0.00255), (14, 0.0, 0.0018166666666666665), (0, 0, 0), (0, 0, 0), (0, 0, 0)]","[(4011, 67.09871666666666, 10.10282222222222), (16095, 51.900000000000006, 6.187449999999999), (32198, 58.2, 11.638183333333332), (4026, 67.1, 10.11), (16105, 51.900000000000006, 6.1899999999999995), (32212, 58.2, 11.639999999999999)]","[0, 0, 0, 0, 0, 0]","[0, 0, 0, 0, 0, 0]"
603,"[30.37974683544304, 12.922735127129103, 8.702128980199863, 0.0, 0.0, 0.0]","[10, 6, 5, 0, 0, 0]","[666.7228462457938, 615.710235396593, 612.2055262819449, 0, 0, 0]","[3362.277153754206, 7486.289764603407, 15498.794473718055, 4029, 8102, 16111]","[4029, 8102, 16111, 4029, 8102, 16111]","[1224, 1047, 1402, 0, 0, 0]","[9.347694218083042, 1.3630939076445479, 0.5040409390764454, 0.0, 0.0, 0.0]","[401.48346666666663, 234.17953333333332, 173.18846666666667, 0, 0, 0]","[0.6034666666666667, 0.03933333333333333, 0.009199999999999998, 0, 0, 0]","[0.45253333333333334, 0.0264, 0.00026666666666666673, 0, 0, 0]","[3893.5165333333334, 16945.820466666668, 34186.81153333333, 4295, 17180, 34360]","[371.3965333333333, 359.96066666666667, 376.5308, 372.0, 360.0, 376.54]","[199.54746666666668, 304.9736, 266.7497333333333, 200.0, 305.0, 266.75]","[(19, 0.0030666666666666663, 0.06462777777777777), (8, 1.666666666666667e-05, 0.0035444444444444447), (14, 3.3333333333333335e-05, 0.005666666666666666), (0, 0, 0), (0, 0, 0), (0, 0, 0)]","[(4007, 67.09693333333333, 10.045372222222221), (16097, 51.89998333333334, 6.186455555555555), (32198, 58.19996666666667, 11.634333333333332), (4026, 67.1, 10.11), (16105, 51.900000000000006, 6.1899999999999995), (32212, 58.2, 11.639999999999999)]","[0, 0, 0, 0, 0, 0]","[0, 0, 0, 0, 0, 0]"
604,"[28.89054355919583, 15.761540360404839, 6.399354478306747, 0.0, 0.0, 0.0]","[10, 7, 4, 0, 0, 0]","[878.1188586056724, 854.1569750311347, 986.7850757743181, 0, 0, 0]","[3150.8811413943276, 7247.843024968865, 15124.214924225682, 4029, 8102, 16111]","[4029, 8102, 16111, 4029, 8102, 16111]","[1164, 1277, 1031, 0, 0, 0]","[8.432411331005044, 0.945511059371362, 0.4451682188591386, 0.0, 0.0, 0.0]","[362.17206666666664, 162.43880000000001, 152.9598, 0, 0, 0]","[0.4506666666666667, 0.05413333333333333, 0.0002666666666666667, 0, 0, 0]","[0.3606666666666666, 0.03733333333333333, 0.00013333333333333337, 0, 0, 0]","[3932.8279333333335, 17017.5612, 34207.0402, 4295, 17180, 34360]","[371.5493333333333, 359.9458666666667, 376.53973333333334, 372.0, 360.0, 376.54]","[199.63933333333333, 304.9626666666667, 266.74986666666666, 200.0, 305.0, 266.75]","[(21, 0.0002333333333333333, 0.05502777777777779), (9, 0.03963333333333333, 0.01648888888888889), (9, 0.0, 0.005094444444444444), (0, 0, 0), (0, 0, 0), (0, 0, 0)]","[(4005, 67.09976666666667, 10.054972222222222), (16096, 51.86036666666667, 6.173511111111111), (32203, 58.2, 11.634905555555555), (4026, 67.1, 10.11), (16105, 51.900000000000006, 6.1899999999999995), (32212, 58.2, 11.639999999999999)]","[0, 0, 0, 0, 0, 0]","[0, 0, 0, 0, 0, 0]"
605,"[40.28294862248697, 16.502098247346332, 7.609707653156228, 0.0, 0.0, 0.0]","[13, 8, 5, 0, 0, 0]","[957.9452947410812, 931.3649731910011, 984.602113931213, 0, 0, 0]","[3071.054705258919, 7170.635026808999, 15126.397886068788, 4029, 8102, 16111]","[4029, 8102, 16111, 4029, 8102, 16111]","[1623, 1337, 1226, 0, 0, 0]","[7.105485448195576, 1.2461028327512609, 0.5303593325572372, 0.0, 0.0, 0.0]","[305.18059999999997, 214.08046666666664, 182.23146666666668, 0, 0, 0]","[0.4606666666666666, 0.0252, 0.0005333333333333334, 0, 0, 0]","[0.3663999999999999, 0.011066666666666666, 0.0004000000000000001, 0, 0, 0]","[3989.8194, 16965.919533333334, 34177.768533333336, 4295, 17180, 34360]","[371.53933333333333, 359.9748, 376.53946666666667, 372.0, 360.0, 376.54]","[199.6336, 304.9889333333333, 266.7496, 200.0, 305.0, 266.75]","[(27, 0.039733333333333336, 0.0706388888888889), (12, 5e-05, 0.003355555555555555), (10, 0.0, 0.002344444444444444), (0, 0, 0), (0, 0, 0), (0, 0, 0)]","[(3999, 67.06026666666666, 10.039361111111111), (16093, 51.899950000000004, 6.186644444444444), (32202, 58.2, 11.637655555555554), (4026, 67.1, 10.11), (16105, 51.900000000000006, 6.1899999999999995), (32212, 58.2, 11.639999999999999)]","[0, 0, 0, 0, 0, 0]","[0, 0, 0, 0, 0, 0]"
606,"[36.90742119632663, 21.735373981732906, 9.105580038483025, 0.0, 0.0, 0.0]","[12, 9, 6, 0, 0, 0]","[914.6610897563493, 1455.690032190827, 755.3162187714329, 0, 0, 0]","[3114.338910243651, 6646.309967809173, 15355.683781228567, 4029, 8102, 16111]","[4029, 8102, 16111, 4029, 8102, 16111]","[1487, 1761, 1467, 0, 0, 0]","[9.057527357392317, 6.8556918897943335, 0.20483993015133875, 0.0, 0.0, 0.0]","[389.0208, 1177.8078666666665, 70.383, 0, 0, 0]","[0.4305333333333333, 2.259066666666667, 0.011733333333333332, 0, 0, 0]","[0.35613333333333325, 0.7170666666666667, 0.018266666666666664, 0, 0, 0]","[3905.9791999999998, 16002.192133333334, 34289.617, 4295, 17180, 34360]","[371.56946666666664, 357.7409333333333, 376.5282666666667, 372.0, 360.0, 376.54]","[199.64386666666667, 304.28293333333335, 266.73173333333335, 200.0, 305.0, 266.75]","[(26, 0.0007166666666666667, 0.0536111111111111), (18, 0.011550000000000001, 0.4356888888888889), (11, 0.0, 0.0023777777777777773), (0, 0, 0), (0, 0, 0), (0, 0, 0)]","[(4000, 67.09928333333333, 10.056388888888888), (16087, 51.888450000000006, 5.754311111111111), (32201, 58.2, 11.637622222222221), (4026, 67.1, 10.11), (16105, 51.900000000000006, 6.1899999999999995), (32212, 58.2, 11.639999999999999)]","[0, 0, 0, 0, 0, 0]","[0, 0, 0, 0, 0, 0]"
607,"[33.58153387937454, 28.894100222167367, 5.387623362919744, 0.0, 0.0, 0.0]","[11, 12, 4, 0, 0, 0]","[674.6821472254655, 1249.6793509591396, 799.6372665657411, 0, 0, 0]","[3354.3178527745345, 6852.32064904086, 15311.362733434258, 4029, 8102, 16111]","[4029, 8102, 16111, 4029, 8102, 16111]","[1353, 2341, 868, 0, 0, 0]","[14.601598758246023, 6.694454016298021, 0.1621187427240978, 0.0, 0.0, 0.0]","[627.1386666666667, 1150.1072, 55.704, 0, 0, 0]","[1.026, 2.164, 0.011600000000000003, 0, 0, 0]","[0.4601333333333333, 1.6394666666666668, 0.011733333333333332, 0, 0, 0]","[3667.8613333333333, 16029.8928, 34304.296, 4295, 17180, 34360]","[370.974, 357.836, 376.52840000000003, 372.0, 360.0, 376.54]","[199.53986666666665, 303.3605333333333, 266.7382666666667, 200.0, 305.0, 266.75]","[(24, 0.00055, 0.05552777777777778), (24, 0.0008166666666666667, 0.2567611111111111), (6, 0.0, 0.0007111111111111111), (0, 0, 0), (0, 0, 0), (0, 0, 0)]","[(4002, 67.09944999999999, 10.054472222222222), (16081, 51.89918333333334, 5.933238888888888), (32206, 58.2, 11.639288888888888), (4026, 67.1, 10.11), (16105, 51.900000000000006, 6.1899999999999995), (32212, 58.2, 11.639999999999999)]","[0, 0, 0, 0, 0, 0]","[0, 0, 0, 0, 0, 0]"
608,"[26.557458426408537, 28.67193285608492, 11.985599900688971, 0.0, 0.0, 0.0]","[9, 13, 8, 0, 0, 0]","[571.844579103037, 1553.475619954616, 1129.9326450457806, 0, 0, 0]","[3457.155420896963, 6548.5243800453845, 14981.067354954219, 4029, 8102, 16111]","[4029, 8102, 16111, 4029, 8102, 16111]","[1070, 2323, 1931, 0, 0, 0]","[14.753966627861855, 7.919725649980598, 4.241899495537448, 0.0, 0.0, 0.0]","[633.6828666666667, 1360.6088666666667, 1457.5166666666669, 0, 0, 0]","[1.2134666666666665, 1.0195999999999998, 9.4592, 0, 0, 0]","[0.6374666666666666, 0.3916, 8.681333333333335, 0, 0, 0]","[3661.3171333333335, 15819.391133333333, 32902.48333333333, 4295, 17180, 34360]","[370.78653333333335, 358.9804, 367.0808, 372.0, 360.0, 376.54]","[199.36253333333335, 304.6084, 258.0686666666667, 200.0, 305.0, 266.75]","[(16, 0.0008833333333333334, 0.08672222222222221), (24, 0.002383333333333333, 0.3104576923076923), (17, 0.011550000000000001, 0.43136111111111114), (0, 0, 0), (0, 0, 0), (0, 0, 0)]","[(4010, 67.09911666666666, 10.023277777777777), (16081, 51.89761666666667, 5.879542307692307), (32195, 58.18845, 11.208638888888888), (4026, 67.1, 10.11), (16105, 51.900000000000006, 6.1899999999999995), (32212, 58.2, 11.639999999999999)]","[0, 0, 0, 0, 0, 0]","[0, 0, 0, 0, 0, 0]"
609,"[21.518987341772153, 28.128857072327822, 11.625597417913228, 0.0, 0.0, 0.0]","[8, 13, 8, 0, 0, 0]","[254.80981126272297, 949.963568584535, 1124.1962824815407, 0, 0, 0]","[3774.190188737277, 7152.036431415465, 14986.80371751846, 4029, 8102, 16111]","[4029, 8102, 16111, 4029, 8102, 16111]","[867, 2279, 1873, 0, 0, 0]","[10.849871944121071, 7.041076833527359, 3.9596171905316258, 0.0, 0.0, 0.0]","[466.002, 1209.6570000000002, 1360.5244666666667, 0, 0, 0]","[0.6598666666666667, 1.2442666666666666, 25.06960000000001, 0, 0, 0]","[0.2144, 0.4818666666666667, 24.562399999999997, 0, 0, 0]","[3828.998, 15970.343, 32999.47553333333, 4295, 17180, 34360]","[371.3401333333333, 358.75573333333335, 351.47040000000004, 372.0, 360.0, 376.54]","[199.7856, 304.5181333333333, 242.1876, 200.0, 305.0, 266.75]","[(15, 0.0006666666666666666, 0.009655555555555556), (24, 0.009466666666666667, 0.4637777777777778), (18, 8.333333333333334e-05, 0.24711666666666668), (0, 0, 0), (0, 0, 0), (0, 0, 0)]","[(4011, 67.09933333333333, 10.100344444444444), (16081, 51.89053333333334, 5.726222222222222), (32194, 58.19991666666667, 11.392883333333332), (4026, 67.1, 10.11), (16105, 51.900000000000006, 6.1899999999999995), (32212, 58.2, 11.639999999999999)]","[0, 0, 0, 0, 0, 0]","[0, 0, 0, 0, 0, 0]"
610,"[12.037726482998263, 24.006418168353495, 16.98218608404196, 0.0, 0.0, 0.0]","[5, 12, 11, 0, 0, 0]","[426.96539432812494, 975.9093386504256, 982.0845803778814, 0, 0, 0]","[3602.034605671875, 7126.0906613495745, 15128.915419622119, 4029, 8102, 16111]","[4029, 8102, 16111, 4029, 8102, 16111]","[485, 1945, 2736, 0, 0, 0]","[6.119691113698098, 2.2750349243306163, 4.8177854093907655, 0.0, 0.0, 0.0]","[262.8407333333333, 390.8509999999999, 1655.3910666666668, 0, 0, 0]","[0.0556, 0.04173333333333334, 21.529999999999998, 0, 0, 0]","[0.05986666666666667, 0.03666666666666666, 20.921999999999997, 0, 0, 0]","[4032.1592666666666, 16789.149, 32704.608933333333, 4295, 17180, 34360]","[371.9444, 359.95826666666665, 355.01000000000005, 372.0, 360.0, 376.54]","[199.94013333333334, 304.9633333333333, 245.828, 200.0, 305.0, 266.75]","[(9, 0.00045, 0.008911111111111113), (17, 0.0002833333333333334, 0.020505555555555558), (23, 0.04695, 0.29144444444444445), (0, 0, 0), (0, 0, 0), (0, 0, 0)]","[(4017, 67.09955, 10.101088888888889), (16088, 51.89971666666667, 6.169494444444444), (32189, 58.15305, 11.348555555555555), (4026, 67.1, 10.11), (16105, 51.900000000000006, 6.1899999999999995), (32212, 58.2, 11.639999999999999)]","[0, 0, 0, 0, 0, 0]","[0, 0, 0, 0, 0, 0]"
611,"[17.051377513030527, 14.181683534929649, 18.79461237663708, 0.0, 0.0, 0.0]","[6, 7, 11, 0, 0, 0]","[289.85371155446154, 740.6437993791228, 1370.5521694067168, 0, 0, 0]","[3739.1462884455386, 7361.356200620878, 14740.447830593283, 4029, 8102, 16111]","[4029, 8102, 16111, 4029, 8102, 16111]","[687, 1149, 3028, 0, 0, 0]","[7.047427240977881, 1.7618486612339932, 4.959817617384556, 0.0, 0.0, 0.0]","[302.687, 302.6856, 1704.1933333333334, 0, 0, 0]","[0.05733333333333333, 0.0252, 1.2326666666666666, 0, 0, 0]","[0.05013333333333333, 0.024399999999999998, 0.41653333333333337, 0, 0, 0]","[3992.313, 16877.3144, 32655.806666666667, 4295, 17180, 34360]","[371.94266666666664, 359.9748, 375.30733333333336, 372.0, 360.0, 376.54]","[199.94986666666668, 304.9756, 266.33346666666665, 200.0, 305.0, 266.75]","[(11, 0.0002833333333333334, 0.008905555555555555), (9, 1.666666666666667e-05, 0.015405555555555558), (21, 0.09496666666666667, 0.39955555555555555), (0, 0, 0), (0, 0, 0), (0, 0, 0)]","[(4015, 67.09971666666667, 10.101094444444444), (16096, 51.89998333333334, 6.174594444444444), (32191, 58.10503333333334, 11.240444444444444), (4026, 67.1, 10.11), (16105, 51.900000000000006, 6.1899999999999995), (32212, 58.2, 11.639999999999999)]","[0, 0, 0, 0, 0, 0]","[0, 0, 0, 0, 0, 0]"
612,"[16.033755274261605, 17.205628239940758, 16.386319905654524, 0.0, 0.0, 0.0]","[5, 9, 9, 0, 0, 0]","[383.9072457917853, 381.753943984369, 1882.1191927859904, 0, 0, 0]","[3645.0927542082145, 7720.2460560156305, 14228.88080721401, 4029, 8102, 16111]","[4029, 8102, 16111, 4029, 8102, 16111]","[646, 1394, 2640, 0, 0, 0]","[6.388254559565386, 3.128261932479628, 1.0881850989522701, 0.0, 0.0, 0.0]","[274.37553333333335, 537.4354000000001, 373.9004, 0, 0, 0]","[0.016266666666666665, 0.04533333333333333, 12.143600000000001, 0, 0, 0]","[0.018266666666666667, 0.026533333333333332, 12.080666666666671, 0, 0, 0]","[4020.6244666666666, 16642.5646, 33986.0996, 4295, 17180, 34360]","[371.9837333333333, 359.95466666666664, 364.3964, 372.0, 360.0, 376.54]","[199.98173333333332, 304.97346666666664, 254.66933333333333, 200.0, 305.0, 266.75]","[(13, 6.666666666666667e-05, 0.003688888888888889), (15, 0.002633333333333333, 0.038394444444444446), (14, 0.0, 0.049744444444444445), (0, 0, 0), (0, 0, 0), (0, 0, 0)]","[(4013, 67.09993333333333, 10.106311111111111), (16090, 51.89736666666667, 6.151605555555555), (32198, 58.2, 11.590255555555554), (4026, 67.1, 10.11), (16105, 51.900000000000006, 6.1899999999999995), (32212, 58.2, 11.639999999999999)]","[0, 0, 0, 0, 0, 0]","[0, 0, 0, 0, 0, 0]"
613,"[13.82477041449491, 9.13354727227845, 21.15324933275402, 0.0, 0.0, 0.0]","[5, 5, 12, 0, 0, 0]","[390.2312885007575, 495.46233452320143, 2351.2926702735554, 0, 0, 0]","[3638.7687114992423, 7606.537665476799, 13759.707329726445, 4029, 8102, 16111]","[4029, 8102, 16111, 4029, 8102, 16111]","[557, 740, 3408, 0, 0, 0]","[3.186983313930927, 1.4358269305393867, 0.6067716336825766, 0.0, 0.0, 0.0]","[136.88093333333333, 246.67506666666665, 208.48673333333332, 0, 0, 0]","[0.014, 0.0108, 0.08159999999999999, 0, 0, 0]","[0.0108, 0.00026666666666666673, 0.07386666666666666, 0, 0, 0]","[4158.119066666667, 16933.324933333333, 34151.51326666667, 4295, 17180, 34360]","[371.986, 359.9892, 376.45840000000004, 372.0, 360.0, 376.54]","[199.9892, 304.9997333333333, 266.6761333333333, 200.0, 305.0, 266.75]","[(13, 0.0, 0.0024888888888888886), (9, 1.666666666666667e-05, 0.08294444444444445), (21, 1.666666666666667e-05, 0.005177777777777777), (0, 0, 0), (0, 0, 0), (0, 0, 0)]","[(4013, 67.1, 10.10751111111111), (16096, 51.89998333333334, 6.107055555555555), (32191, 58.199983333333336, 11.63482222222222), (4026, 67.1, 10.11), (16105, 51.900000000000006, 6.1899999999999995), (32212, 58.2, 11.639999999999999)]","[0, 0, 0, 0, 0, 0]","[0, 0, 0, 0, 0, 0]"
614,"[14.197071233556713, 10.244384102690693, 19.51461734218857, 0.0, 0.0, 0.0]","[5, 5, 11, 0, 0, 0]","[200.3489226168252, 615.1258681565337, 1641.719030628212, 0, 0, 0]","[3828.6510773831747, 7486.874131843466, 14469.280969371788, 4029, 8102, 16111]","[4029, 8102, 16111, 4029, 8102, 16111]","[572, 830, 3144, 0, 0, 0]","[1.7882685292976326, 1.391578579743888, 0.617327124563446, 0.0, 0.0, 0.0]","[76.80613333333332, 239.07319999999996, 212.11360000000002, 0, 0, 0]","[0.014, 0.0096, 0.04000000000000001, 0, 0, 0]","[0.010666666666666666, 0.0006666666666666668, 0.032933333333333335, 0, 0, 0]","[4218.1938666666665, 16940.9268, 34147.8864, 4295, 17180, 34360]","[371.986, 359.9904, 376.5, 372.0, 360.0, 376.54]","[199.98933333333332, 304.9993333333333, 266.71706666666665, 200.0, 305.0, 266.75]","[(11, 0.0, 0.02663888888888889), (9, 1.666666666666667e-05, 0.018466666666666666), (19, 0.0, 0.004183333333333333), (0, 0, 0), (0, 0, 0), (0, 0, 0)]","[(4015, 67.1, 10.08336111111111), (16096, 51.89998333333334, 6.171533333333333), (32193, 58.2, 11.635816666666665), (4026, 67.1, 10.11), (16105, 51.900000000000006, 6.1899999999999995), (32212, 58.2, 11.639999999999999)]","[0, 0, 0, 0, 0, 0]","[0, 0, 0, 0, 0, 0]"
615,"[17.52295855050881, 13.922488274500122, 15.40562348705853, 0.0, 0.0, 0.0]","[7, 6, 9, 0, 0, 0]","[386.7186267045297, 606.0570262454436, 1087.4053661089752, 0, 0, 0]","[3642.28137329547, 7495.942973754556, 15023.594633891025, 4029, 8102, 16111]","[4029, 8102, 16111, 4029, 8102, 16111]","[706, 1128, 2482, 0, 0, 0]","[9.543534342258438, 1.140569654637175, 0.4080310438494372, 0.0, 0.0, 0.0]","[409.8947999999999, 195.94986666666668, 140.19946666666664, 0, 0, 0]","[0.6029333333333333, 0.008, 0.01533333333333333, 0, 0, 0]","[0.46213333333333323, 0.013333333333333332, 0.008933333333333331, 0, 0, 0]","[3885.1052, 16984.050133333334, 34219.800533333335, 4295, 17180, 34360]","[371.39706666666666, 359.992, 376.5246666666667, 372.0, 360.0, 376.54]","[199.53786666666667, 304.9866666666667, 266.74106666666665, 200.0, 305.0, 266.75]","[(16, 0.0030666666666666663, 0.06261666666666667), (10, 0.0006166666666666667, 0.015005555555555555), (15, 0.00065, 0.0031888888888888887), (0, 0, 0), (0, 0, 0), (0, 0, 0)]","[(4010, 67.09693333333333, 10.047383333333332), (16095, 51.89938333333334, 6.174994444444444), (32197, 58.19935, 11.63681111111111), (4026, 67.1, 10.11), (16105, 51.900000000000006, 6.1899999999999995), (32212, 58.2, 11.639999999999999)]","[0, 0, 0, 0, 0, 0]","[0, 0, 0, 0, 0, 0]"
616,"[18.292380243236536, 15.452974574179215, 12.053876233629197, 0.0, 0.0, 0.0]","[7, 6, 7, 0, 0, 0]","[564.6734402479401, 741.1123417652293, 959.3358795219247, 0, 0, 0]","[3464.32655975206, 7360.887658234771, 15151.664120478075, 4029, 8102, 16111]","[4029, 8102, 16111, 4029, 8102, 16111]","[737, 1252, 1942, 0, 0, 0]","[9.68824058983314, 1.067580908032596, 0.422022700814901, 0.0, 0.0, 0.0]","[416.10993333333334, 183.4104, 145.00699999999998, 0, 0, 0]","[0.45053333333333334, 0.0005333333333333334, 0.0156, 0, 0, 0]","[0.3602666666666666, 0.003333333333333333, 0.009466666666666665, 0, 0, 0]","[3878.890066666667, 16996.5896, 34214.993, 4295, 17180, 34360]","[371.54946666666666, 359.99946666666665, 376.5244, 372.0, 360.0, 376.54]","[199.63973333333334, 304.99666666666667, 266.74053333333336, 200.0, 305.0, 266.75]","[(15, 0.0002333333333333333, 0.05495000000000001), (11, 0.4708333333333333, 0.01435), (14, 0.0, 0.0030499999999999998), (0, 0, 0), (0, 0, 0), (0, 0, 0)]","[(4011, 67.09976666666667, 10.05505), (16094, 51.429166666666674, 6.175649999999999), (32198, 58.2, 11.636949999999999), (4026, 67.1, 10.11), (16105, 51.900000000000006, 6.1899999999999995), (32212, 58.2, 11.639999999999999)]","[0, 0, 0, 0, 0, 0]","[0, 0, 0, 0, 0, 0]"
617,"[22.189128816083397, 12.76228091829178, 9.453168642542362, 0.0, 0.0, 0.0]","[8, 5, 6, 0, 0, 0]","[645.3312956806503, 520.448290406641, 616.7333415166559, 0, 0, 0]","[3383.6687043193497, 7581.551709593359, 15494.266658483344, 4029, 8102, 16111]","[4029, 8102, 16111, 4029, 8102, 16111]","[894, 1034, 1523, 0, 0, 0]","[8.847158711680247, 0.8750702367093519, 1.7801719053162592, 0.0, 0.0, 0.0]","[379.98546666666664, 150.33706666666666, 611.6670666666666, 0, 0, 0]","[0.46039999999999986, 0.0006666666666666666, 0.018, 0, 0, 0]","[0.3641333333333333, 0.0033333333333333335, 0.010933333333333333, 0, 0, 0]","[3915.0145333333335, 17029.662933333333, 33748.33293333333, 4295, 17180, 34360]","[371.5396, 359.9993333333333, 376.52200000000005, 372.0, 360.0, 376.54]","[199.63586666666666, 304.99666666666667, 266.73906666666664, 200.0, 305.0, 266.75]","[(16, 0.00011666666666666667, 0.055999999999999994), (8, 0.00031666666666666665, 0.001988888888888889), (12, 0.00065, 0.0042722222222222215), (0, 0, 0), (0, 0, 0), (0, 0, 0)]","[(4010, 67.09988333333332, 10.054), (16097, 51.899683333333336, 6.188011111111111), (32200, 58.19935, 11.635727777777777), (4026, 67.1, 10.11), (16105, 51.900000000000006, 6.1899999999999995), (32212, 58.2, 11.639999999999999)]","[0, 0, 0, 0, 0, 0]","[0, 0, 0, 0, 0, 0]"
618,"[31.571109456440805, 11.799555665267835, 8.249022407051083, 0.0, 0.0, 0.0]","[10, 4, 5, 0, 0, 0]","[751.3040557287858, 304.2404669855645, 793.1395137187802, 0, 0, 0]","[3277.695944271214, 7797.759533014436, 15317.860486281219, 4029, 8102, 16111]","[4029, 8102, 16111, 4029, 8102, 16111]","[1272, 956, 1329, 0, 0, 0]","[8.344709351959642, 2.6155805199844786, 1.848326154443151, 0.0, 0.0, 0.0]","[358.40526666666665, 449.35673333333347, 635.0848666666667, 0, 0, 0]","[0.4468, 1.1884000000000001, 0.0041333333333333335, 0, 0, 0]","[0.3685333333333333, 0.38386666666666663, 0.0037333333333333337, 0, 0, 0]","[3936.5947333333334, 16730.643266666666, 33724.915133333336, 4295, 17180, 34360]","[371.5532, 358.8116, 376.53586666666666, 372.0, 360.0, 376.54]","[199.63146666666665, 304.6161333333333, 266.74626666666666, 200.0, 305.0, 266.75]","[(23, 0.0, 0.05448333333333333), (8, 0.07601666666666668, 0.45365555555555553), (9, 0.0, 0.0007555555555555555), (0, 0, 0), (0, 0, 0), (0, 0, 0)]","[(4003, 67.1, 10.055516666666666), (16097, 51.82398333333334, 5.736344444444444), (32203, 58.2, 11.639244444444444), (4026, 67.1, 10.11), (16105, 51.900000000000006, 6.1899999999999995), (32212, 58.2, 11.639999999999999)]","[0, 0, 0, 0, 0, 0]","[0, 0, 0, 0, 0, 0]"
619,"[27.525440555969222, 11.021969883979263, 10.080069517720812, 0.0, 0.0, 0.0]","[8, 5, 6, 0, 0, 0]","[546.874942052632, 661.9039100907128, 1102.0243417032714, 0, 0, 0]","[3482.125057947368, 7440.096089909287, 15008.97565829673, 4029, 8102, 16111]","[4029, 8102, 16111, 4029, 8102, 16111]","[1109, 893, 1624, 0, 0, 0]","[4.28801707411719, 2.9296546371750094, 1.5360325960419092, 0.0, 0.0, 0.0]","[184.1703333333333, 503.3146666666666, 527.7808, 0, 0, 0]","[0.4284, 0.8450666666666667, 0.021866666666666666, 0, 0, 0]","[0.3626666666666666, 0.28173333333333334, 0.022666666666666665, 0, 0, 0]","[4110.8296666666665, 16676.685333333335, 33832.2192, 4295, 17180, 34360]","[371.5716, 359.15493333333336, 376.51813333333337, 372.0, 360.0, 376.54]","[199.63733333333334, 304.7182666666667, 266.7273333333333, 200.0, 305.0, 266.75]","[(16, 0.0, 0.051761111111111105), (12, 0.0013, 0.2287777777777778), (11, 0.00065, 0.0008111111111111111), (0, 0, 0), (0, 0, 0), (0, 0, 0)]","[(4010, 67.1, 10.058238888888889), (16093, 51.898700000000005, 5.961222222222221), (32201, 58.19935, 11.639188888888887), (4026, 67.1, 10.11), (16105, 51.900000000000006, 6.1899999999999995), (32212, 58.2, 11.639999999999999)]","[0, 0, 0, 0, 0, 0]","[0, 0, 0, 0, 0, 0]"
620,"[30.92578803673368, 14.379165638114047, 10.22282912295947, 0.0, 0.0, 0.0]","[10, 7, 6, 0, 0, 0]","[614.2266105469186, 905.4641696743378, 627.8164730141, 0, 0, 0]","[3414.7733894530816, 7196.535830325663, 15483.1835269859, 4029, 8102, 16111]","[4029, 8102, 16111, 4029, 8102, 16111]","[1246, 1165, 1647, 0, 0, 0]","[5.303819945673264, 3.2388913465269695, 1.4159984478075283, 0.0, 0.0, 0.0]","[227.79906666666668, 556.4415333333334, 486.5370666666667, 0, 0, 0]","[0.020666666666666667, 1.0252, 0.026, 0, 0, 0]","[0.02826666666666667, 0.3701333333333333, 0.0264, 0, 0, 0]","[4067.2009333333335, 16623.558466666665, 33873.462933333336, 4295, 17180, 34360]","[371.97933333333333, 358.9748, 376.514, 372.0, 360.0, 376.54]","[199.97173333333333, 304.62986666666666, 266.7236, 200.0, 305.0, 266.75]","[(18, 0.009, 0.005700000000000001), (15, 0.00195, 0.34362777777777775), (11, 0.0, 0.0006444444444444444), (0, 0, 0), (0, 0, 0), (0, 0, 0)]","[(4008, 67.091, 10.1043), (16090, 51.898050000000005, 5.846372222222222), (32201, 58.2, 11.639355555555554), (4026, 67.1, 10.11), (16105, 51.900000000000006, 6.1899999999999995), (32212, 58.2, 11.639999999999999)]","[0, 0, 0, 0, 0, 0]","[0, 2, 0, 0, 0, 0]"
621,"[29.560685033507074, 19.390274006418167, 5.12693190987524, 0.0, 0.0, 0.0]","[10, 10, 3, 0, 0, 0]","[734.8873625644014, 972.5256679402448, 697.5248165470343, 0, 0, 0]","[3294.1126374355986, 7129.474332059755, 15413.475183452965, 4029, 8102, 16111]","[4029, 8102, 16111, 4029, 8102, 16111]","[1191, 1571, 826, 0, 0, 0]","[7.088057431121459, 2.9652402017850212, 0.0316592937524253, 0.0, 0.0, 0.0]","[304.4320666666666, 509.4282666666667, 10.878133333333333, 0, 0, 0]","[0.0092, 1.2434666666666665, 0.0, 0, 0, 0]","[0.017733333333333334, 0.4312000000000001, 0.0, 0, 0, 0]","[3990.5679333333333, 16670.571733333334, 34349.12186666667, 4295, 17180, 34360]","[371.9908, 358.7565333333333, 376.54, 372.0, 360.0, 376.54]","[199.98226666666667, 304.5688, 266.75, 200.0, 305.0, 266.75]","[(19, 0.0, 0.00275), (22, 0.04033333333333334, 0.44317777777777784), (5, 0.0, 0.00011111111111111113), (0, 0, 0), (0, 0, 0), (0, 0, 0)]","[(4007, 67.1, 10.107249999999999), (16083, 51.85966666666667, 5.746822222222222), (32207, 58.2, 11.639888888888887), (4026, 67.1, 10.11), (16105, 51.900000000000006, 6.1899999999999995), (32212, 58.2, 11.639999999999999)]","[0, 0, 0, 0, 0, 0]","[0, 2, 0, 0, 0, 0]"
622,"[26.80565897244974, 15.280177733892867, 11.638011296629632, 0.0, 0.0, 0.0]","[10, 9, 5, 0, 0, 0]","[437.3461506346699, 687.1521414936499, 329.8378638088593, 0, 0, 0]","[3591.65384936533, 7414.84785850635, 15781.16213619114, 4029, 8102, 16111]","[4029, 8102, 16111, 4029, 8102, 16111]","[1080, 1238, 1875, 0, 0, 0]","[6.249844004656578, 3.1646286379511066, 0.07616103996895615, 0.0, 0.0, 0.0]","[268.43080000000003, 543.6832, 26.168933333333335, 0, 0, 0]","[0.010533333333333332, 0.0448, 0.0, 0, 0, 0]","[0.008266666666666667, 0.058666666666666666, 0.0, 0, 0, 0]","[4026.5692, 16636.3168, 34333.831066666666, 4295, 17180, 34360]","[371.98946666666666, 359.9552, 376.54, 372.0, 360.0, 376.54]","[199.99173333333334, 304.9413333333333, 266.75, 200.0, 305.0, 266.75]","[(20, 0.05658333333333333, 0.020644444444444444), (20, 0.061833333333333323, 0.09227777777777776), (9, 0.0, 0.00012222222222222221), (0, 0, 0), (0, 0, 0), (0, 0, 0)]","[(4006, 67.04341666666666, 10.089355555555555), (16085, 51.83816666666667, 6.097722222222222), (32203, 58.2, 11.639877777777777), (4026, 67.1, 10.11), (16105, 51.900000000000006, 6.1899999999999995), (32212, 58.2, 11.639999999999999)]","[0, 0, 2, 0, 0, 0]","[0, 2, 0, 0, 0, 0]"
623,"[25.61429635145197, 17.39076771167613, 11.824219477375706, 0.0, 0.0, 0.0]","[11, 9, 5, 0, 0, 0]","[549.6653270613947, 419.9581106379507, 777.9290271926254, 0, 0, 0]","[3479.3346729386053, 7682.041889362049, 15333.070972807374, 4029, 8102, 16111]","[4029, 8102, 16111, 4029, 8102, 16111]","[1032, 1409, 1905, 0, 0, 0]","[7.641926270857587, 2.8374544043461394, 0.10120779976717112, 0.0, 0.0, 0.0]","[328.2207333333333, 487.47466666666674, 34.775, 0, 0, 0]","[0.013600000000000001, 0.0032, 0.0005333333333333334, 0, 0, 0]","[0.021866666666666666, 0.009333333333333334, 0.0005333333333333334, 0, 0, 0]","[3966.7792666666664, 16692.525333333335, 34325.225, 4295, 17180, 34360]","[371.9864, 359.9968, 376.53946666666667, 372.0, 360.0, 376.54]","[199.97813333333335, 304.99066666666664, 266.74946666666665, 200.0, 305.0, 266.75]","[(22, 0.0002833333333333333, 0.025688888888888893), (19, 0.029866666666666663, 0.029622222222222216), (12, 0.0, 4.4444444444444447e-05), (0, 0, 0), (0, 0, 0), (0, 0, 0)]","[(4004, 67.09971666666667, 10.084311111111111), (16086, 51.87013333333334, 6.160377777777777), (32200, 58.2, 11.639955555555554), (4026, 67.1, 10.11), (16105, 51.900000000000006, 6.1899999999999995), (32212, 58.2, 11.639999999999999)]","[0, 0, 2, 0, 0, 0]","[0, 2, 0, 0, 0, 0]"
624,"[28.44378257632167, 18.143668230066652, 16.491837874743965, 0.0, 0.0, 0.0]","[10, 7, 10, 0, 0, 0]","[653.9778585280324, 1152.1978412917726, 1995.3760541506365, 0, 0, 0]","[3375.0221414719676, 6949.802158708228, 14115.623945849364, 4029, 8102, 16111]","[4029, 8102, 16111, 4029, 8102, 16111]","[1146, 1470, 2657, 0, 0, 0]","[4.6848086922778425, 1.8774330616996509, 1.200080519984478, 0.0, 0.0, 0.0]","[201.2125333333333, 322.543, 412.3476666666666, 0, 0, 0]","[0.01786666666666667, 0.0188, 1.0569333333333335, 0, 0, 0]","[0.0144, 0.0216, 0.3168000000000001, 0, 0, 0]","[4093.7874666666667, 16857.457, 33947.65233333333, 4295, 17180, 34360]","[371.9821333333333, 359.9812, 375.4830666666667, 372.0, 360.0, 376.54]","[199.9856, 304.9784, 266.4332, 200.0, 305.0, 266.75]","[(25, 6.666666666666667e-05, 0.0031111111111111114), (13, 6.666666666666667e-05, 0.005438888888888889), (23, 0.0, 0.006444444444444444), (0, 0, 0), (0, 0, 0), (0, 0, 0)]","[(4001, 67.09993333333333, 10.106888888888887), (16092, 51.89993333333334, 6.184561111111111), (32189, 58.2, 11.633555555555555), (4026, 67.1, 10.11), (16105, 51.900000000000006, 6.1899999999999995), (32212, 58.2, 11.639999999999999)]","[0, 0, 0, 0, 0, 0]","[0, 0, 0, 0, 0, 0]"
625,"[24.100273020600646, 21.45149345840533, 14.784929551238285, 0.0, 0.0, 0.0]","[9, 9, 9, 0, 0, 0]","[549.3713456542148, 1094.7038841981816, 1013.3494103989024, 0, 0, 0]","[3479.6286543457854, 7007.296115801819, 15097.650589601097, 4029, 8102, 16111]","[4029, 8102, 16111, 4029, 8102, 16111]","[971, 1738, 2382, 0, 0, 0]","[6.364700038804813, 1.351361660845945, 1.2772654249126891, 0.0, 0.0, 0.0]","[273.3638666666667, 232.16393333333332, 438.8684, 0, 0, 0]","[0.020533333333333334, 0.024533333333333338, 0.016666666666666663, 0, 0, 0]","[0.0041333333333333335, 0.0164, 0.057199999999999994, 0, 0, 0]","[4021.6361333333334, 16947.836066666667, 33921.1316, 4295, 17180, 34360]","[371.97946666666667, 359.97546666666665, 376.52333333333337, 372.0, 360.0, 376.54]","[199.99586666666667, 304.9836, 266.6928, 200.0, 305.0, 266.75]","[(22, 1.666666666666667e-05, 0.005038888888888889), (15, 0.0001, 0.005372222222222221), (21, 0.0, 0.005), (0, 0, 0), (0, 0, 0), (0, 0, 0)]","[(4004, 67.09998333333333, 10.10496111111111), (16090, 51.8999, 6.184627777777777), (32191, 58.2, 11.634999999999998), (4026, 67.1, 10.11), (16105, 51.900000000000006, 6.1899999999999995), (32212, 58.2, 11.639999999999999)]","[0, 0, 0, 0, 0, 0]","[0, 0, 0, 0, 0, 0]"
626,"[28.071481757259864, 25.808442359911133, 12.364223201539321, 0.0, 0.0, 0.0]","[9, 11, 8, 0, 0, 0]","[456.11759605589464, 1670.0063906078494, 1042.3323606638126, 0, 0, 0]","[3572.882403944105, 6431.993609392151, 15068.667639336187, 4029, 8102, 16111]","[4029, 8102, 16111, 4029, 8102, 16111]","[1131, 2091, 1992, 0, 0, 0]","[4.578800155219247, 4.3443069460613115, 1.1358701979045402, 0.0, 0.0, 0.0]","[196.65946666666667, 746.3519333333334, 390.285, 0, 0, 0]","[0.020666666666666667, 0.020933333333333335, 0.0316, 0, 0, 0]","[0.007066666666666667, 0.0112, 0.06119999999999999, 0, 0, 0]","[4098.340533333333, 16433.64806666667, 33969.715, 4295, 17180, 34360]","[371.97933333333333, 359.97906666666665, 376.5084, 372.0, 360.0, 376.54]","[199.99293333333333, 304.9888, 266.6888, 200.0, 305.0, 266.75]","[(21, 0.0, 0.004594444444444445), (19, 5e-05, 0.006366666666666666), (18, 0.0, 0.004916666666666666), (0, 0, 0), (0, 0, 0), (0, 0, 0)]","[(4005, 67.1, 10.105405555555555), (16086, 51.899950000000004, 6.183633333333333), (32194, 58.2, 11.635083333333332), (4026, 67.1, 10.11), (16105, 51.900000000000006, 6.1899999999999995), (32212, 58.2, 11.639999999999999)]","[0, 0, 0, 0, 0, 0]","[0, 0, 0, 0, 0, 0]"
627,"[18.590220898485978, 34.16440385090101, 11.0545589969586, 0.0, 0.0, 0.0]","[6, 14, 7, 0, 0, 0]","[462.0734100581567, 1640.034456257019, 679.3937653417466, 0, 0, 0]","[3566.9265899418433, 6461.965543742981, 15431.606234658253, 4029, 8102, 16111]","[4029, 8102, 16111, 4029, 8102, 16111]","[749, 2768, 1781, 0, 0, 0]","[3.3624462553356618, 5.270817617384557, 1.0094809856422198, 0.0, 0.0, 0.0]","[144.41706666666667, 905.5264666666668, 346.85766666666666, 0, 0, 0]","[0.025866666666666666, 0.034666666666666665, 0.03626666666666667, 0, 0, 0]","[0.003466666666666667, 0.014266666666666667, 0.07733333333333334, 0, 0, 0]","[4150.582933333333, 16274.473533333334, 34013.14233333334, 4295, 17180, 34360]","[371.9741333333333, 359.9653333333333, 376.50373333333334, 372.0, 360.0, 376.54]","[199.99653333333333, 304.9857333333333, 266.67266666666666, 200.0, 305.0, 266.75]","[(13, 8.333333333333333e-05, 0.0035222222222222217), (26, 5.000000000000001e-05, 0.010844444444444443), (18, 0.0, 0.004055555555555555), (0, 0, 0), (0, 0, 0), (0, 0, 0)]","[(4013, 67.09991666666666, 10.106477777777776), (16079, 51.899950000000004, 6.179155555555555), (32194, 58.2, 11.635944444444442), (4026, 67.1, 10.11), (16105, 51.900000000000006, 6.1899999999999995), (32212, 58.2, 11.639999999999999)]","[0, 0, 0, 0, 0, 0]","[0, 0, 0, 0, 0, 0]"
628,"[15.388433854554481, 30.17773389286596, 12.817329774688101, 0.0, 0.0, 0.0]","[5, 12, 8, 0, 0, 0]","[508.17729445577265, 1572.417664758447, 1160.8947658973598, 0, 0, 0]","[3520.8227055442276, 6529.582335241553, 14950.10523410264, 4029, 8102, 16111]","[4029, 8102, 16111, 4029, 8102, 16111]","[620, 2445, 2065, 0, 0, 0]","[2.5826325184322854, 9.339287543655413, 1.1487151726814124, 0.0, 0.0, 0.0]","[110.92406666666665, 1604.4895999999999, 394.6985333333333, 0, 0, 0]","[0.0168, 1.5169333333333337, 13.191466666666667, 0, 0, 0]","[0.0032, 2.783866666666667, 12.392533333333336, 0, 0, 0]","[4184.0759333333335, 15575.5104, 33965.301466666664, 4295, 17180, 34360]","[371.9832, 358.4830666666667, 363.34853333333336, 372.0, 360.0, 376.54]","[199.9968, 302.21613333333335, 254.35746666666665, 200.0, 305.0, 266.75]","[(10, 0.0, 0.0014055555555555555), (22, 0.0002, 0.02880555555555556), (19, 0.0, 0.005933333333333332), (0, 0, 0), (0, 0, 0), (0, 0, 0)]","[(4016, 67.1, 10.108594444444444), (16083, 51.899800000000006, 6.161194444444444), (32193, 58.2, 11.634066666666666), (4026, 67.1, 10.11), (16105, 51.900000000000006, 6.1899999999999995), (32212, 58.2, 11.639999999999999)]","[0, 0, 0, 0, 0, 0]","[0, 0, 0, 0, 0, 0]"
629,"[25.589476296847852, 23.54974080473957, 13.289057165911489, 0.0, 0.0, 0.0]","[8, 9, 8, 0, 0, 0]","[681.2172071851883, 901.1061415460903, 1569.8413426298937, 0, 0, 0]","[3347.7827928148117, 7200.89385845391, 14541.158657370106, 4029, 8102, 16111]","[4029, 8102, 16111, 4029, 8102, 16111]","[1031, 1908, 2141, 0, 0, 0]","[8.321763290648041, 7.938301125339541, 1.311091967403958, 0.0, 0.0, 0.0]","[357.4197333333334, 1363.800133333333, 450.4912, 0, 0, 0]","[0.02586666666666667, 0.19720000000000001, 0.027733333333333332, 0, 0, 0]","[0.011333333333333334, 0.8047999999999997, 0.057733333333333324, 0, 0, 0]","[3937.580266666667, 15816.199866666668, 33909.5088, 4295, 17180, 34360]","[371.9741333333333, 359.8028, 376.5122666666667, 372.0, 360.0, 376.54]","[199.98866666666666, 304.1952, 266.6922666666667, 200.0, 305.0, 266.75]","[(15, 0.0020666666666666663, 0.022894444444444443), (17, 0.0, 0.026961111111111113), (16, 0.0, 0.008355555555555555), (0, 0, 0), (0, 0, 0), (0, 0, 0)]","[(4011, 67.09793333333333, 10.087105555555555), (16088, 51.900000000000006, 6.163038888888888), (32196, 58.2, 11.631644444444444), (4026, 67.1, 10.11), (16105, 51.900000000000006, 6.1899999999999995), (32212, 58.2, 11.639999999999999)]","[0, 0, 0, 0, 0, 0]","[0, 0, 0, 0, 0, 0]"
630,"[24.075452965996526, 15.909651937793138, 18.434609893861335, 0.0, 0.0, 0.0]","[8, 6, 11, 0, 0, 0]","[288.4406837650368, 414.1351857978907, 1885.7724361215933, 0, 0, 0]","[3740.5593162349633, 7687.864814202109, 14225.227563878407, 4029, 8102, 16111]","[4029, 8102, 16111, 4029, 8102, 16111]","[970, 1289, 2970, 0, 0, 0]","[8.527253395421033, 0.5604866123399301, 2.054950135816841, 0.0, 0.0, 0.0]","[366.2455333333333, 96.29159999999999, 706.0808666666667, 0, 0, 0]","[0.035333333333333335, 0.003466666666666667, 0.03506666666666667, 0, 0, 0]","[0.009333333333333334, 0.0032, 0.05773333333333333, 0, 0, 0]","[3928.7544666666668, 17083.7084, 33653.91913333334, 4295, 17180, 34360]","[371.9646666666667, 359.99653333333333, 376.5049333333333, 372.0, 360.0, 376.54]","[199.99066666666667, 304.9968, 266.6922666666667, 200.0, 305.0, 266.75]","[(16, 0.05693333333333332, 0.09946666666666669), (9, 5e-05, 0.00786111111111111), (21, 0.0, 0.008861111111111111), (0, 0, 0), (0, 0, 0), (0, 0, 0)]","[(4010, 67.04306666666666, 10.010533333333333), (16096, 51.899950000000004, 6.182138888888888), (32191, 58.2, 11.631138888888888), (4026, 67.1, 10.11), (16105, 51.900000000000006, 6.1899999999999995), (32212, 58.2, 11.639999999999999)]","[0, 0, 0, 0, 0, 0]","[0, 0, 0, 0, 0, 0]"
631,"[15.26433358153388, 14.700074055788695, 22.48774129476755, 0.0, 0.0, 0.0]","[6, 7, 13, 0, 0, 0]","[356.24904182325093, 569.0400744559142, 1956.6410121680701, 0, 0, 0]","[3672.750958176749, 7532.959925544086, 14154.358987831929, 4029, 8102, 16111]","[4029, 8102, 16111, 4029, 8102, 16111]","[615, 1191, 3623, 0, 0, 0]","[9.309771051610397, 1.5645044625533566, 2.413143577803648, 0.0, 0.0, 0.0]","[399.8546666666666, 268.78186666666664, 829.1561333333334, 0, 0, 0]","[0.005066666666666667, 0.002266666666666667, 17.91546666666667, 0, 0, 0]","[0.009466666666666667, 0.0017333333333333333, 8.368933333333334, 0, 0, 0]","[3895.1453333333334, 16911.218133333332, 33530.84386666667, 4295, 17180, 34360]","[371.99493333333334, 359.9977333333333, 358.6245333333334, 372.0, 360.0, 376.54]","[199.99053333333333, 304.99826666666667, 258.38106666666664, 200.0, 305.0, 266.75]","[(11, 0.03358333333333333, 0.02242777777777778), (10, 5e-05, 0.010705555555555555), (23, 0.0, 0.01083333333333333), (0, 0, 0), (0, 0, 0), (0, 0, 0)]","[(4015, 67.06641666666665, 10.08757222222222), (16095, 51.899950000000004, 6.1792944444444435), (32189, 58.2, 11.629166666666665), (4026, 67.1, 10.11), (16105, 51.900000000000006, 6.1899999999999995), (32212, 58.2, 11.639999999999999)]","[0, 0, 0, 0, 0, 0]","[0, 0, 0, 0, 0, 0]"
632,"[23.802432365351205, 11.58973093063441, 20.06703494506859, 0.0, 0.0, 0.0]","[8, 6, 12, 0, 0, 0]","[602.8116293145289, 693.3089975439406, 1468.9321172401042, 0, 0, 0]","[3426.188370685471, 7408.691002456059, 14642.067882759897, 4029, 8102, 16111]","[4029, 8102, 16111, 4029, 8102, 16111]","[959, 939, 3233, 0, 0, 0]","[15.61667209934032, 1.548233216918898, 2.3531307722157546, 0.0, 0.0, 0.0]","[670.7360666666667, 265.9864666666667, 808.5357333333333, 0, 0, 0]","[0.028399999999999998, 0.001466666666666667, 28.112133333333343, 0, 0, 0]","[0.023200000000000002, 0.0012000000000000001, 24.362533333333328, 0, 0, 0]","[3624.263933333333, 16914.013533333335, 33551.46426666667, 4295, 17180, 34360]","[371.9716, 359.99853333333334, 348.42786666666666, 372.0, 360.0, 376.54]","[199.9768, 304.9988, 242.38746666666668, 200.0, 305.0, 266.75]","[(17, 0.05154999999999999, 0.037933333333333326), (9, 0.0, 0.006311111111111111), (22, 0.003533333333333333, 0.011811111111111113), (0, 0, 0), (0, 0, 0), (0, 0, 0)]","[(4009, 67.04844999999999, 10.072066666666666), (16096, 51.900000000000006, 6.183688888888889), (32190, 58.19646666666667, 11.628188888888888), (4026, 67.1, 10.11), (16105, 51.900000000000006, 6.1899999999999995), (32212, 58.2, 11.639999999999999)]","[0, 0, 0, 0, 0, 0]","[0, 0, 0, 0, 0, 0]"
633,"[23.926532638371807, 14.63836089854357, 13.264229408478679, 0.0, 0.0, 0.0]","[8, 7, 8, 0, 0, 0]","[373.98360367228804, 1066.402351418359, 926.7627816863644, 0, 0, 0]","[3655.016396327712, 7035.597648581641, 15184.237218313636, 4029, 8102, 16111]","[4029, 8102, 16111, 4029, 8102, 16111]","[964, 1186, 2137, 0, 0, 0]","[13.635076445479239, 1.3498665114474193, 1.7177363213038417, 0.0, 0.0, 0.0]","[585.6265333333333, 231.90706666666665, 590.2142, 0, 0, 0]","[0.06733333333333333, 0.01, 28.254266666666666, 0, 0, 0]","[0.06413333333333333, 0.012933333333333333, 20.72453333333333, 0, 0, 0]","[3709.373466666667, 16948.092933333333, 33769.7858, 4295, 17180, 34360]","[371.93266666666665, 359.99, 348.2857333333334, 372.0, 360.0, 376.54]","[199.93586666666667, 304.9870666666667, 246.02546666666666, 200.0, 305.0, 266.75]","[(16, 0.056649999999999985, 0.16712222222222223), (10, 0.0, 0.0036111111111111114), (16, 0.0003333333333333333, 0.010216666666666666), (0, 0, 0), (0, 0, 0), (0, 0, 0)]","[(4010, 67.04334999999999, 9.942877777777777), (16095, 51.900000000000006, 6.186388888888889), (32196, 58.19966666666667, 11.629783333333332), (4026, 67.1, 10.11), (16105, 51.900000000000006, 6.1899999999999995), (32212, 58.2, 11.639999999999999)]","[0, 0, 0, 0, 0, 0]","[0, 0, 0, 0, 0, 0]"
634,"[18.93770166294366, 20.09380399901259, 7.417292533051952, 0.0, 0.0, 0.0]","[6, 10, 4, 0, 0, 0]","[467.5857515685142, 1153.00922468276, 244.55814837631132, 0, 0, 0]","[3561.4142484314857, 6948.99077531724, 15866.44185162369, 4029, 8102, 16111]","[4029, 8102, 16111, 4029, 8102, 16111]","[763, 1628, 1195, 0, 0, 0]","[10.77358944509119, 2.641760186263096, 1.6472970508343034, 0.0, 0.0, 0.0]","[462.72566666666665, 453.85439999999994, 566.0112666666666, 0, 0, 0]","[0.0592, 0.02173333333333333, 28.020933333333335, 0, 0, 0]","[0.041466666666666666, 0.028666666666666663, 22.091066666666666, 0, 0, 0]","[3832.2743333333333, 16726.1456, 33793.98873333333, 4295, 17180, 34360]","[371.9408, 359.9782666666667, 348.5190666666667, 372.0, 360.0, 376.54]","[199.95853333333332, 304.97133333333335, 244.65893333333332, 200.0, 305.0, 266.75]","[(14, 1.666666666666667e-05, 0.0723888888888889), (19, 0.03983333333333333, 0.019644444444444447), (8, 0.0, 0.0072499999999999995), (0, 0, 0), (0, 0, 0), (0, 0, 0)]","[(4012, 67.09998333333333, 10.03761111111111), (16086, 51.86016666666667, 6.170355555555555), (32204, 58.2, 11.632749999999998), (4026, 67.1, 10.11), (16105, 51.900000000000006, 6.1899999999999995), (32212, 58.2, 11.639999999999999)]","[0, 0, 0, 0, 0, 0]","[0, 0, 0, 0, 0, 0]"
635,"[19.880863737900224, 19.538385583806466, 4.636583700577245, 0.0, 0.0, 0.0]","[7, 9, 3, 0, 0, 0]","[380.9576985089476, 986.1616515073981, 401.41297319385524, 0, 0, 0]","[3648.0423014910525, 7115.838348492602, 15709.587026806144, 4029, 8102, 16111]","[4029, 8102, 16111, 4029, 8102, 16111]","[801, 1583, 747, 0, 0, 0]","[9.505066356228172, 2.1026247574699264, 0.9663812572759022, 0.0, 0.0, 0.0]","[408.2426, 361.2309333333333, 332.04859999999996, 0, 0, 0]","[0.06706666666666666, 0.0196, 0.5929333333333333, 0, 0, 0]","[0.0492, 0.015466666666666667, 0.1012, 0, 0, 0]","[3886.7574, 16818.769066666668, 34027.9514, 4295, 17180, 34360]","[371.9329333333333, 359.9804, 375.9470666666667, 372.0, 360.0, 376.54]","[199.9508, 304.98453333333333, 266.6488, 200.0, 305.0, 266.75]","[(17, 5.000000000000001e-05, 0.07085), (18, 1.666666666666667e-05, 0.003311111111111111), (5, 0.0, 0.003266666666666667), (0, 0, 0), (0, 0, 0), (0, 0, 0)]","[(4009, 67.09994999999999, 10.03915), (16087, 51.89998333333334, 6.186688888888888), (32207, 58.2, 11.636733333333332), (4026, 67.1, 10.11), (16105, 51.900000000000006, 6.1899999999999995), (32212, 58.2, 11.639999999999999)]","[0, 0, 0, 0, 0, 0]","[0, 0, 0, 0, 0, 0]"
636,"[18.9873417721519, 19.649469266847692, 7.740053379678481, 0.0, 0.0, 0.0]","[7, 9, 5, 0, 0, 0]","[597.5550445622903, 830.4252360084469, 890.4111412581768, 0, 0, 0]","[3431.4449554377097, 7271.5747639915535, 15220.588858741823, 4029, 8102, 16111]","[4029, 8102, 16111, 4029, 8102, 16111]","[765, 1592, 1247, 0, 0, 0]","[4.532763678696158, 1.5823050058207215, 1.077510089251067, 0.0, 0.0, 0.0]","[194.68219999999997, 271.84, 370.23246666666665, 0, 0, 0]","[0.2676, 0.033466666666666665, 12.708266666666667, 0, 0, 0]","[0.2594666666666667, 0.0148, 12.163200000000003, 0, 0, 0]","[4100.3178, 16908.16, 33989.76753333333, 4295, 17180, 34360]","[371.7324, 359.96653333333336, 363.8317333333334, 372.0, 360.0, 376.54]","[199.74053333333333, 304.9852, 254.58679999999998, 200.0, 305.0, 266.75]","[(16, 0.0, 0.05630555555555555), (20, 0.0006000000000000001, 0.004366666666666666), (11, 0.0, 0.0027666666666666664), (0, 0, 0), (0, 0, 0), (0, 0, 0)]","[(4010, 67.1, 10.053694444444444), (16085, 51.89940000000001, 6.185633333333333), (32201, 58.2, 11.637233333333333), (4026, 67.1, 10.11), (16105, 51.900000000000006, 6.1899999999999995), (32212, 58.2, 11.639999999999999)]","[0, 0, 0, 0, 0, 0]","[0, 0, 0, 0, 0, 0]"
637,"[21.22114668652271, 14.588990372747471, 13.140090621314629, 0.0, 0.0, 0.0]","[8, 7, 8, 0, 0, 0]","[574.0566099660432, 624.5143120687279, 1645.8442706930289, 0, 0, 0]","[3454.943390033957, 7477.485687931272, 14465.15572930697, 4029, 8102, 16111]","[4029, 8102, 16111, 4029, 8102, 16111]","[855, 1182, 2117, 0, 0, 0]","[6.960911136980985, 1.5680706247574696, 1.4407931703531236, 0.0, 0.0, 0.0]","[298.9711333333333, 269.3945333333333, 495.0565333333333, 0, 0, 0]","[0.3056, 0.0308, 0.5582666666666666, 0, 0, 0]","[0.26466666666666666, 0.007466666666666667, 0.12079999999999999, 0, 0, 0]","[3996.0288666666665, 16910.605466666668, 33864.943466666664, 4295, 17180, 34360]","[371.6944, 359.9692, 375.98173333333335, 372.0, 360.0, 376.54]","[199.73533333333333, 304.9925333333333, 266.6292, 200.0, 305.0, 266.75]","[(18, 0.00011666666666666667, 0.06025), (16, 0.0009, 0.00405), (16, 6.666666666666667e-05, 0.004816666666666667), (0, 0, 0), (0, 0, 0), (0, 0, 0)]","[(4008, 67.09988333333332, 10.04975), (16089, 51.899100000000004, 6.185949999999999), (32196, 58.199933333333334, 11.635183333333332), (4026, 67.1, 10.11), (16105, 51.900000000000006, 6.1899999999999995), (32212, 58.2, 11.639999999999999)]","[0, 0, 0, 0, 0, 0]","[0, 0, 0, 0, 0, 0]"
638,"[19.607843137254903, 14.823500370278945, 15.50493451678977, 0.0, 0.0, 0.0]","[7, 7, 9, 0, 0, 0]","[513.209519735932, 1035.3259206144164, 1499.5145965676918, 0, 0, 0]","[3515.790480264068, 7066.674079385583, 14611.485403432309, 4029, 8102, 16111]","[4029, 8102, 16111, 4029, 8102, 16111]","[790, 1201, 2498, 0, 0, 0]","[5.212285603414823, 1.6703042297244861, 0.5822365153279007, 0.0, 0.0, 0.0]","[223.86766666666665, 286.9582666666667, 200.05646666666664, 0, 0, 0]","[0.32599999999999996, 0.03546666666666667, 0.028666666666666663, 0, 0, 0]","[0.2642666666666667, 0.010933333333333335, 0.011333333333333332, 0, 0, 0]","[4071.1323333333335, 16893.04173333333, 34159.94353333333, 4295, 17180, 34360]","[371.674, 359.96453333333335, 376.51133333333337, 372.0, 360.0, 376.54]","[199.73573333333334, 304.98906666666664, 266.7386666666667, 200.0, 305.0, 266.75]","[(13, 0.0, 0.06116111111111112), (15, 0.058199999999999995, 0.016311111111111113), (21, 1.666666666666667e-05, 0.004033333333333333), (0, 0, 0), (0, 0, 0), (0, 0, 0)]","[(4013, 67.1, 10.048838888888888), (16090, 51.841800000000006, 6.173688888888888), (32191, 58.199983333333336, 11.635966666666665), (4026, 67.1, 10.11), (16105, 51.900000000000006, 6.1899999999999995), (32212, 58.2, 11.639999999999999)]","[0, 0, 0, 0, 0, 0]","[0, 0, 0, 0, 0, 0]"
639,"[18.391660461653014, 15.810910886200938, 12.823536714046305, 0.0, 0.0, 0.0]","[7, 7, 7, 0, 0, 0]","[385.4960591237972, 633.9798436376122, 1705.0307281551704, 0, 0, 0]","[3643.5039408762027, 7468.020156362388, 14405.96927184483, 4029, 8102, 16111]","[4029, 8102, 16111, 4029, 8102, 16111]","[741, 1281, 2066, 0, 0, 0]","[3.390395032984089, 1.7287931703531236, 0.5000937136204889, 0.0, 0.0, 0.0]","[145.61746666666664, 297.00666666666666, 171.83219999999997, 0, 0, 0]","[0.22573333333333334, 0.013333333333333332, 0.012933333333333333, 0, 0, 0]","[0.2188, 0.0052, 0.0044, 0, 0, 0]","[4149.382533333333, 16882.993333333332, 34188.1678, 4295, 17180, 34360]","[371.7742666666667, 359.9866666666667, 376.5270666666667, 372.0, 360.0, 376.54]","[199.7812, 304.9948, 266.7456, 200.0, 305.0, 266.75]","[(14, 0.0, 0.0061555555555555565), (13, 0.03406666666666666, 0.005977777777777778), (15, 0.0, 0.0036277777777777775), (0, 0, 0), (0, 0, 0), (0, 0, 0)]","[(4012, 67.1, 10.103844444444444), (16092, 51.86593333333334, 6.184022222222222), (32197, 58.2, 11.63637222222222), (4026, 67.1, 10.11), (16105, 51.900000000000006, 6.1899999999999995), (32212, 58.2, 11.639999999999999)]","[0, 0, 0, 0, 0, 0]","[0, 0, 0, 0, 0, 0]"
640,"[19.2355423181931, 17.872130338188104, 18.01253801750357, 0.0, 0.0, 0.0]","[7, 7, 10, 0, 0, 0]","[453.91049201786063, 874.6572771003666, 1107.0049817179688, 0, 0, 0]","[3575.0895079821394, 7227.342722899633, 15003.995018282032, 4029, 8102, 16111]","[4029, 8102, 16111, 4029, 8102, 16111]","[775, 1448, 2902, 0, 0, 0]","[2.67491690226731, 1.658347691113698, 0.7841589057043072, 0.0, 0.0, 0.0]","[114.88768095238096, 284.90413333333333, 269.437, 0, 0, 0]","[0.22506666666666666, 0.0436, 0.02853333333333333, 0, 0, 0]","[0.21919999999999995, 0.024000000000000004, 0.061066666666666665, 0, 0, 0]","[4180.112319047619, 16895.095866666667, 34090.563, 4295, 17180, 34360]","[371.7749333333333, 359.9564, 376.5114666666667, 372.0, 360.0, 376.54]","[199.7808, 304.976, 266.68893333333335, 200.0, 305.0, 266.75]","[(10, 0.0, 0.005900793650793651), (13, 0.07673333333333332, 0.013494444444444444), (22, 1.666666666666667e-05, 0.0038944444444444443), (0, 0, 0), (0, 0, 0), (0, 0, 0)]","[(4016, 67.1, 10.104099206349206), (16092, 51.82326666666667, 6.176505555555555), (32190, 58.199983333333336, 11.636105555555554), (4026, 67.1, 10.11), (16105, 51.900000000000006, 6.1899999999999995), (32212, 58.2, 11.639999999999999)]","[0, 0, 0, 0, 0, 0]","[0, 0, 0, 0, 0, 0]"
641,"[18.590220898485978, 17.427795606023206, 12.128359505927627, 0.0, 0.0, 0.0]","[8, 7, 7, 0, 0, 0]","[401.29622475974304, 374.6998851072475, 865.6792677716608, 0, 0, 0]","[3627.703775240257, 7727.300114892752, 15245.32073222834, 4029, 8102, 16111]","[4029, 8102, 16111, 4029, 8102, 16111]","[749, 1412, 1954, 0, 0, 0]","[4.991332224624425, 1.4093775708187817, 0.7804738067520373, 0.0, 0.0, 0.0]","[214.37771904761902, 242.1310666666667, 268.1708, 0, 0, 0]","[0.22640000000000002, 0.028533333333333338, 0.0164, 0, 0, 0]","[0.21146666666666666, 0.024799999999999992, 0.026533333333333336, 0, 0, 0]","[4080.622280952381, 16937.868933333335, 34091.8292, 4295, 17180, 34360]","[371.7736, 359.9714666666667, 376.52360000000004, 372.0, 360.0, 376.54]","[199.78853333333333, 304.9752, 266.72346666666664, 200.0, 305.0, 266.75]","[(14, 0.0, 0.007473412698412698), (13, 0.09533333333333333, 0.01943888888888889), (17, 0.039983333333333336, 0.017305555555555557), (0, 0, 0), (0, 0, 0), (0, 0, 0)]","[(4012, 67.1, 10.102526587301586), (16092, 51.80466666666667, 6.170561111111111), (32195, 58.16001666666667, 11.622694444444443), (4026, 67.1, 10.11), (16105, 51.900000000000006, 6.1899999999999995), (32212, 58.2, 11.639999999999999)]","[0, 0, 0, 0, 0, 0]","[0, 0, 0, 0, 0, 0]"
642,"[26.061057334326136, 17.761046655146878, 16.678046055490036, 0.0, 0.0, 0.0]","[8, 5, 10, 0, 0, 0]","[766.6204465285214, 522.307061226003, 1638.8027694281568, 0, 0, 0]","[3262.3795534714786, 7579.6929387739965, 14472.197230571843, 4029, 8102, 16111]","[4029, 8102, 16111, 4029, 8102, 16111]","[1050, 1439, 2687, 0, 0, 0]","[4.1553465269693435, 0.8524357780364765, 1.6205886689949551, 0.0, 0.0, 0.0]","[178.47213333333332, 146.44846666666666, 556.8342666666666, 0, 0, 0]","[0.038933333333333334, 0.12346666666666668, 0.5981333333333333, 0, 0, 0]","[0.032400000000000005, 0.2185333333333333, 0.12919999999999998, 0, 0, 0]","[4116.527866666666, 17033.551533333335, 33803.165733333335, 4295, 17180, 34360]","[371.9610666666667, 359.8765333333333, 375.94186666666667, 372.0, 360.0, 376.54]","[199.9676, 304.7814666666667, 266.6208, 200.0, 305.0, 266.75]","[(13, 0.0, 0.006383333333333334), (6, 0.005533333333333331, 0.03176111111111111), (24, 0.004649999999999999, 0.006005555555555556), (0, 0, 0), (0, 0, 0), (0, 0, 0)]","[(4013, 67.1, 10.103616666666666), (16099, 51.89446666666667, 6.158238888888889), (32188, 58.195350000000005, 11.633994444444443), (4026, 67.1, 10.11), (16105, 51.900000000000006, 6.1899999999999995), (32212, 58.2, 11.639999999999999)]","[0, 2, 0, 0, 0, 0]","[0, 0, 0, 0, 0, 0]"
643,"[28.79126334077935, 18.6620587509257, 14.263546645149278, 0.0, 0.0, 0.0]","[8, 6, 9, 0, 0, 0]","[744.4189783394801, 638.4442795472585, 931.3771600008919, 0, 0, 0]","[3284.58102166052, 7463.555720452741, 15179.622839999109, 4029, 8102, 16111]","[4029, 8102, 16111, 4029, 8102, 16111]","[1160, 1512, 2298, 0, 0, 0]","[3.55719674039581, 0.9994268529297632, 2.3002349631354284, 0.0, 0.0, 0.0]","[152.78160000000003, 171.70153333333332, 790.3607333333332, 0, 0, 0]","[1.3761333333333334, 0.13040000000000002, 1.1889333333333332, 0, 0, 0]","[1.4784000000000002, 0.22840000000000002, 0.22706666666666667, 0, 0, 0]","[4142.2184, 17008.298466666667, 33569.639266666665, 4295, 17180, 34360]","[370.6238666666667, 359.8696, 375.35106666666667, 372.0, 360.0, 376.54]","[198.5216, 304.7716, 266.52293333333336, 200.0, 305.0, 266.75]","[(13, 0.053649999999999996, 0.04845), (10, 1.666666666666667e-05, 0.07265), (23, 1.666666666666667e-05, 0.0059722222222222225), (0, 0, 0), (0, 0, 0), (0, 0, 0)]","[(4013, 67.04634999999999, 10.061549999999999), (16095, 51.89998333333334, 6.117349999999999), (32189, 58.199983333333336, 11.634027777777776), (4026, 67.1, 10.11), (16105, 51.900000000000006, 6.1899999999999995), (32212, 58.2, 11.639999999999999)]","[0, 2, 0, 0, 0, 0]","[0, 0, 0, 0, 0, 0]"
644,"[30.801687763713083, 17.946186126882253, 12.569052200360003, 0.0, 0.0, 0.0]","[9, 6, 6, 0, 0, 0]","[628.7604536104261, 448.37786322712077, 637.6870514859731, 0, 0, 0]","[3400.2395463895737, 7653.6221367728795, 15473.312948514027, 4029, 8102, 16111]","[4029, 8102, 16111, 4029, 8102, 16111]","[1241, 1454, 2025, 0, 0, 0]","[3.5653504074505236, 1.0411354287931704, 1.9215694606131157, 0.0, 0.0, 0.0]","[153.1318, 178.86706666666666, 660.2512666666665, 0, 0, 0]","[0.10373333333333334, 0.13146666666666668, 1.1372, 0, 0, 0]","[0.20120000000000002, 0.22533333333333339, 0.2116, 0, 0, 0]","[4141.8682, 17001.132933333334, 33699.748733333334, 4295, 17180, 34360]","[371.8962666666667, 359.86853333333335, 375.4028, 372.0, 360.0, 376.54]","[199.7988, 304.7746666666667, 266.5384, 200.0, 305.0, 266.75]","[(15, 0.0, 0.028866666666666662), (10, 0.03961666666666667, 0.042616666666666664), (13, 0.0, 0.004538888888888889), (0, 0, 0), (0, 0, 0), (0, 0, 0)]","[(4011, 67.1, 10.081133333333332), (16095, 51.86038333333334, 6.147383333333333), (32199, 58.2, 11.635461111111109), (4026, 67.1, 10.11), (16105, 51.900000000000006, 6.1899999999999995), (32212, 58.2, 11.639999999999999)]","[0, 2, 2, 0, 0, 0]","[2, 0, 0, 0, 0, 0]"
645,"[24.149913129808887, 17.304369291532957, 10.390416485630935, 0.0, 0.0, 0.0]","[7, 7, 5, 0, 0, 0]","[488.4616525408327, 330.8029911889827, 485.3630708902072, 0, 0, 0]","[3540.538347459167, 7771.197008811017, 15625.636929109793, 4029, 8102, 16111]","[4029, 8102, 16111, 4029, 8102, 16111]","[973, 1402, 1674, 0, 0, 0]","[3.2144229724485838, 1.250942568878541, 1.042162398137369, 0.0, 0.0, 0.0]","[138.05946666666665, 214.9119333333333, 358.087, 0, 0, 0]","[0.10373333333333333, 0.12106666666666666, 0.5462666666666666, 0, 0, 0]","[0.20120000000000005, 0.19693333333333332, 0.10613333333333333, 0, 0, 0]","[4156.940533333333, 16965.088066666667, 34001.913, 4295, 17180, 34360]","[371.8962666666667, 359.87893333333335, 375.99373333333335, 372.0, 360.0, 376.54]","[199.7988, 304.80306666666667, 266.64386666666667, 200.0, 305.0, 266.75]","[(14, 0.0, 0.030633333333333332), (11, 0.0, 0.030183333333333333), (10, 0.0, 0.00342991452991453), (0, 0, 0), (0, 0, 0), (0, 0, 0)]","[(4012, 67.1, 10.079366666666665), (16094, 51.900000000000006, 6.159816666666666), (32202, 58.2, 11.636570085470085), (4026, 67.1, 10.11), (16105, 51.900000000000006, 6.1899999999999995), (32212, 58.2, 11.639999999999999)]","[0, 2, 2, 0, 0, 0]","[2, 0, 0, 0, 0, 0]"
646,"[17.994539587987095, 18.760799802517898, 14.41872012910434, 0.0, 0.0, 0.0]","[6, 5, 7, 0, 0, 0]","[195.48751702071655, 589.4425638615836, 941.1469909295331, 0, 0, 0]","[3833.5124829792835, 7512.557436138416, 15169.853009070466, 4029, 8102, 16111]","[4029, 8102, 16111, 4029, 8102, 16111]","[725, 1520, 2323, 0, 0, 0]","[3.2998835855646105, 0.9615362824990299, 0.2880009701202949, 0.0, 0.0, 0.0]","[141.73000000000002, 165.19193333333334, 98.95713333333333, 0, 0, 0]","[0.11226666666666665, 0.12160000000000001, 0.0308, 0, 0, 0]","[0.2013333333333333, 0.19746666666666662, 0.0124, 0, 0, 0]","[4153.27, 17014.80806666667, 34261.04286666667, 4295, 17180, 34360]","[371.88773333333336, 359.8784, 376.5092, 372.0, 360.0, 376.54]","[199.79866666666666, 304.8025333333333, 266.7376, 200.0, 305.0, 266.75]","[(14, 0.0, 0.03177222222222222), (8, 0.004933333333333331, 0.03269999999999999), (12, 0.0, 0.0021944444444444446), (0, 0, 0), (0, 0, 0), (0, 0, 0)]","[(4012, 67.1, 10.078227777777776), (16097, 51.89506666666667, 6.157299999999999), (32200, 58.2, 11.637805555555554), (4026, 67.1, 10.11), (16105, 51.900000000000006, 6.1899999999999995), (32212, 58.2, 11.639999999999999)]","[0, 4, 2, 0, 0, 0]","[4, 2, 2, 0, 0, 0]"
647,"[18.565400843881857, 29.49888916316959, 11.352492086152319, 0.0, 0.0, 0.0]","[6, 9, 5, 0, 0, 0]","[382.5595242719646, 1291.6964493530768, 477.0123055783414, 0, 0, 0]","[3646.4404757280354, 6810.303550646923, 15633.98769442166, 4029, 8102, 16111]","[4029, 8102, 16111, 4029, 8102, 16111]","[748, 2390, 1829, 0, 0, 0]","[5.798242918121847, 8.72438571982926, 0.18831276678308112, 0.0, 0.0, 0.0]","[249.03453333333334, 1498.8494666666666, 64.70426666666667, 0, 0, 0]","[0.018533333333333332, 0.3232, 0.026133333333333335, 0, 0, 0]","[0.0064, 0.20040000000000002, 0.007600000000000001, 0, 0, 0]","[4045.9654666666665, 15681.150533333333, 34295.29573333333, 4295, 17180, 34360]","[371.9814666666667, 359.6768, 376.5138666666667, 372.0, 360.0, 376.54]","[199.9936, 304.7996, 266.7424, 200.0, 305.0, 266.75]","[(15, 0.4712, 0.016383333333333333), (15, 0.0, 0.03203333333333333), (9, 0.0, 0.0021444444444444445), (0, 0, 0), (0, 0, 0), (0, 0, 0)]","[(4011, 66.6288, 10.093616666666666), (16090, 51.900000000000006, 6.157966666666666), (32203, 58.2, 11.637855555555554), (4026, 67.1, 10.11), (16105, 51.900000000000006, 6.1899999999999995), (32212, 58.2, 11.639999999999999)]","[0, 4, 2, 0, 0, 0]","[4, 2, 2, 0, 0, 0]"
648,"[16.455696202531644, 22.488274500123424, 5.139345788591646, 0.0, 0.0, 0.0]","[6, 10, 3, 0, 0, 0]","[279.9213726848641, 1237.5092987561122, 424.25483576787974, 0, 0, 0]","[3749.078627315136, 6864.490701243888, 15686.745164232121, 4029, 8102, 16111]","[4029, 8102, 16111, 4029, 8102, 16111]","[663, 1822, 828, 0, 0, 0]","[5.6049840900271635, 11.160427629026, 0.1801765618936748, 0.0, 0.0, 0.0]","[240.73406666666665, 1917.3614666666667, 61.90866666666666, 0, 0, 0]","[0.018000000000000002, 0.18133333333333332, 0.012666666666666666, 0, 0, 0]","[0.0028, 0.24613333333333337, 0.0034666666666666665, 0, 0, 0]","[4054.265933333333, 15262.638533333333, 34298.09133333333, 4295, 17180, 34360]","[371.982, 359.8186666666667, 376.52733333333333, 372.0, 360.0, 376.54]","[199.9972, 304.7538666666667, 266.74653333333333, 200.0, 305.0, 266.75]","[(13, 0.0002666666666666666, 0.0032111111111111108), (18, 0.0, 0.032405555555555556), (5, 0.0, 0.0011555555555555557), (0, 0, 0), (0, 0, 0), (0, 0, 0)]","[(4013, 67.09973333333333, 10.106788888888888), (16087, 51.900000000000006, 6.157594444444444), (32207, 58.2, 11.638844444444443), (4026, 67.1, 10.11), (16105, 51.900000000000006, 6.1899999999999995), (32212, 58.2, 11.639999999999999)]","[0, 0, 0, 0, 0, 0]","[0, 0, 0, 0, 0, 0]"
649,"[26.929759245470343, 24.759318686744013, 8.174539134752653, 0.0, 0.0, 0.0]","[9, 10, 5, 0, 0, 0]","[727.1378737311385, 1156.21680289737, 880.5427471857628, 0, 0, 0]","[3301.8621262688616, 6945.78319710263, 15230.457252814238, 4029, 8102, 16111]","[4029, 8102, 16111, 4029, 8102, 16111]","[1085, 2006, 1317, 0, 0, 0]","[8.37183391540551, 10.691475358944508, 1.207593131548312, 0.0, 0.0, 0.0]","[359.57026666666667, 1836.7954666666665, 414.929, 0, 0, 0]","[0.032799999999999996, 0.13413333333333333, 0.5986666666666667, 0, 0, 0]","[0.05306666666666665, 0.22066666666666665, 0.10693333333333332, 0, 0, 0]","[3935.4297333333334, 15343.204533333334, 33945.071, 4295, 17180, 34360]","[371.9672, 359.86586666666665, 375.9413333333334, 372.0, 360.0, 376.54]","[199.94693333333333, 304.77933333333334, 266.64306666666664, 200.0, 305.0, 266.75]","[(21, 0.06796666666666668, 0.03402222222222223), (22, 0.00015, 0.03191111111111111), (9, 0.0, 0.004177777777777778), (0, 0, 0), (0, 0, 0), (0, 0, 0)]","[(4005, 67.03203333333333, 10.075977777777776), (16083, 51.89985000000001, 6.158088888888888), (32203, 58.2, 11.63582222222222), (4026, 67.1, 10.11), (16105, 51.900000000000006, 6.1899999999999995), (32212, 58.2, 11.639999999999999)]","[0, 0, 0, 0, 0, 0]","[0, 0, 0, 0, 0, 0]"
650,"[26.458178207992056, 20.14317452480869, 11.470423933958166, 0.0, 0.0, 0.0]","[9, 8, 7, 0, 0, 0]","[714.3816449724933, 1035.8037206454674, 1208.5205050953548, 0, 0, 0]","[3314.618355027507, 7066.196279354533, 14902.479494904645, 4029, 8102, 16111]","[4029, 8102, 16111, 4029, 8102, 16111]","[1066, 1632, 1848, 0, 0, 0]","[11.669743112145907, 10.067659293752424, 1.9937949165696547, 0.0, 0.0, 0.0]","[501.2154666666667, 1729.6238666666666, 685.0679333333334, 0, 0, 0]","[0.03306666666666666, 0.028800000000000003, 0.7869333333333332, 0, 0, 0]","[0.025733333333333334, 0.019733333333333332, 0.11413333333333334, 0, 0, 0]","[3793.7845333333335, 15450.376133333333, 33674.93206666667, 4295, 17180, 34360]","[371.9669333333333, 359.9712, 375.7530666666667, 372.0, 360.0, 376.54]","[199.97426666666667, 304.9802666666667, 266.6358666666667, 200.0, 305.0, 266.75]","[(21, 0.05163333333333333, 0.021644444444444445), (17, 0.0, 0.0038166666666666666), (12, 0.0, 0.09000555555555555), (0, 0, 0), (0, 0, 0), (0, 0, 0)]","[(4005, 67.04836666666667, 10.088355555555555), (16088, 51.900000000000006, 6.186183333333333), (32200, 58.2, 11.549994444444444), (4026, 67.1, 10.11), (16105, 51.900000000000006, 6.1899999999999995), (32212, 58.2, 11.639999999999999)]","[0, 0, 0, 0, 0, 0]","[0, 0, 0, 0, 0, 0]"
651,"[23.08265078183172, 20.340656627993088, 12.320774626031904, 0.0, 0.0, 0.0]","[8, 9, 7, 0, 0, 0]","[635.9853770808872, 741.211026440132, 944.6796014456739, 0, 0, 0]","[3393.0146229191128, 7360.788973559868, 15166.320398554326, 4029, 8102, 16111]","[4029, 8102, 16111, 4029, 8102, 16111]","[930, 1648, 1985, 0, 0, 0]","[7.002630966239812, 3.9494350019402407, 1.8157770663562283, 0.0, 0.0, 0.0]","[300.7629999999999, 678.5129333333334, 623.901, 0, 0, 0]","[0.0336, 0.028800000000000003, 0.7283999999999999, 0, 0, 0]","[0.0304, 0.019599999999999996, 0.11626666666666667, 0, 0, 0]","[3994.237, 16501.48706666667, 33736.099, 4295, 17180, 34360]","[371.9664, 359.9712, 375.8116, 372.0, 360.0, 376.54]","[199.9696, 304.9804, 266.63373333333334, 200.0, 305.0, 266.75]","[(18, 0.0025, 0.010594444444444443), (18, 0.0, 0.004033333333333333), (10, 0.0, 0.08307777777777778), (0, 0, 0), (0, 0, 0), (0, 0, 0)]","[(4008, 67.0975, 10.099405555555554), (16087, 51.900000000000006, 6.185966666666666), (32202, 58.2, 11.556922222222221), (4026, 67.1, 10.11), (16105, 51.900000000000006, 6.1899999999999995), (32212, 58.2, 11.639999999999999)]","[0, 0, 0, 0, 0, 0]","[0, 0, 0, 0, 0, 0]"
652,"[33.258873169520974, 14.798815107380895, 14.896654459685928, 0.0, 0.0, 0.0]","[12, 7, 8, 0, 0, 0]","[866.842675902941, 580.0979213766334, 1243.6226059089047, 0, 0, 0]","[3162.1573240970592, 7521.902078623367, 14867.377394091096, 4029, 8102, 16111]","[4029, 8102, 16111, 4029, 8102, 16111]","[1340, 1199, 2400, 0, 0, 0]","[18.745685681024447, 4.753314707023672, 0.8417607683352735, 0.0, 0.0, 0.0]","[805.1271999999999, 816.6194666666668, 289.2289999999999, 0, 0, 0]","[0.0552, 0.0248, 0.23946666666666666, 0, 0, 0]","[0.0428, 0.005733333333333333, 0.06893333333333335, 0, 0, 0]","[3489.8728, 16363.380533333333, 34070.771, 4295, 17180, 34360]","[371.9448, 359.9752, 376.30053333333336, 372.0, 360.0, 376.54]","[199.9572, 304.99426666666665, 266.68106666666665, 200.0, 305.0, 266.75]","[(26, 0.005216666666666666, 0.008844444444444445), (13, 0.5085000000000001, 0.02982777777777778), (14, 0.0, 0.07588888888888888), (0, 0, 0), (0, 0, 0), (0, 0, 0)]","[(4000, 67.09478333333333, 10.101155555555556), (16092, 51.39150000000001, 6.160172222222222), (32198, 58.2, 11.56411111111111), (4026, 67.1, 10.11), (16105, 51.900000000000006, 6.1899999999999995), (32212, 58.2, 11.639999999999999)]","[0, 0, 0, 0, 0, 0]","[0, 0, 0, 0, 0, 0]"
653,"[28.468602630925787, 12.392001974821031, 14.766308733163678, 0.0, 0.0, 0.0]","[11, 7, 8, 0, 0, 0]","[655.4108807517596, 697.7858605197857, 1145.193126325359, 0, 0, 0]","[3373.5891192482404, 7404.214139480215, 14965.80687367464, 4029, 8102, 16111]","[4029, 8102, 16111, 4029, 8102, 16111]","[1147, 1004, 2379, 0, 0, 0]","[17.935968956150564, 6.756017850213427, 1.2918907644547923, 0.0, 0.0, 0.0]","[770.3498666666667, 1160.6838666666667, 443.8936666666666, 0, 0, 0]","[0.04586666666666667, 0.0304, 1.1152000000000002, 0, 0, 0]","[0.0368, 0.013600000000000001, 0.3645333333333334, 0, 0, 0]","[3524.6501333333335, 16019.316133333334, 33916.10633333334, 4295, 17180, 34360]","[371.95413333333335, 359.9696, 375.4248, 372.0, 360.0, 376.54]","[199.9632, 304.9864, 266.3854666666667, 200.0, 305.0, 266.75]","[(22, 0.051616666666666665, 0.031705555555555556), (14, 0.0, 0.0034888888888888886), (14, 0.0, 0.007077777777777777), (0, 0, 0), (0, 0, 0), (0, 0, 0)]","[(4004, 67.04838333333333, 10.078294444444444), (16091, 51.900000000000006, 6.186511111111111), (32198, 58.2, 11.632922222222222), (4026, 67.1, 10.11), (16105, 51.900000000000006, 6.1899999999999995), (32212, 58.2, 11.639999999999999)]","[0, 0, 0, 0, 0, 0]","[0, 0, 0, 0, 0, 0]"
654,"[32.36535120377265, 16.033078252283385, 10.949041027869159, 0.0, 0.0, 0.0]","[11, 9, 6, 0, 0, 0]","[511.9144620992338, 675.3964096962445, 1153.223424173118, 0, 0, 0]","[3517.085537900766, 7426.6035903037555, 14957.776575826882, 4029, 8102, 16111]","[4029, 8102, 16111, 4029, 8102, 16111]","[1304, 1299, 1764, 0, 0, 0]","[14.113170353123788, 5.3314815677143965, 5.006110011641444, 0.0, 0.0, 0.0]","[606.1606666666667, 915.9485333333333, 1720.0994, 0, 0, 0]","[0.05106666666666666, 1.1826666666666665, 0.2534666666666667, 0, 0, 0]","[0.03786666666666666, 1.1762666666666668, 0.11373333333333333, 0, 0, 0]","[3688.8393333333333, 16264.051466666666, 32639.9006, 4295, 17180, 34360]","[371.94893333333334, 358.81733333333335, 376.28653333333335, 372.0, 360.0, 376.54]","[199.96213333333333, 303.82373333333334, 266.63626666666664, 200.0, 305.0, 266.75]","[(23, 0.00026666666666666673, 0.005872222222222223), (17, 0.06446666666666667, 0.025483333333333337), (13, 0.0, 0.005233333333333333), (0, 0, 0), (0, 0, 0), (0, 0, 0)]","[(4003, 67.09973333333333, 10.104127777777776), (16088, 51.83553333333334, 6.164516666666666), (32199, 58.2, 11.634766666666666), (4026, 67.1, 10.11), (16105, 51.900000000000006, 6.1899999999999995), (32212, 58.2, 11.639999999999999)]","[0, 0, 0, 0, 0, 0]","[0, 0, 0, 0, 0, 0]"
655,"[24.000992802184165, 19.89632189582819, 14.691825460865246, 0.0, 0.0, 0.0]","[8, 10, 8, 0, 0, 0]","[511.04550731428594, 1123.720276025309, 1700.7647815179025, 0, 0, 0]","[3517.9544926857143, 6978.279723974691, 14410.235218482097, 4029, 8102, 16111]","[4029, 8102, 16111, 4029, 8102, 16111]","[967, 1612, 2367, 0, 0, 0]","[2.4942118742724095, 10.297662010089251, 7.869268917345752, 0.0, 0.0, 0.0]","[107.12639999999999, 1769.1383333333333, 2703.8808000000004, 0, 0, 0]","[0.043333333333333335, 0.2617333333333334, 0.07, 0, 0, 0]","[0.03746666666666667, 1.5338666666666667, 0.09213333333333334, 0, 0, 0]","[4187.8736, 15410.861666666668, 31656.1192, 4295, 17180, 34360]","[371.95666666666665, 359.7382666666667, 376.47, 372.0, 360.0, 376.54]","[199.96253333333334, 303.46613333333335, 266.6578666666667, 200.0, 305.0, 266.75]","[(17, 0.0, 0.0018055555555555557), (21, 0.0017000000000000001, 0.028466666666666668), (18, 0.0, 0.006733333333333333), (0, 0, 0), (0, 0, 0), (0, 0, 0)]","[(4009, 67.1, 10.108194444444443), (16084, 51.898300000000006, 6.161533333333333), (32194, 58.2, 11.633266666666666), (4026, 67.1, 10.11), (16105, 51.900000000000006, 6.1899999999999995), (32212, 58.2, 11.639999999999999)]","[0, 0, 0, 0, 0, 0]","[0, 0, 0, 0, 0, 0]"
656,"[15.835194837428643, 23.82127869661812, 18.54633480230898, 0.0, 0.0, 0.0]","[5, 12, 10, 0, 0, 0]","[453.95242453407457, 1304.186108892812, 1192.403407795856, 0, 0, 0]","[3575.0475754659255, 6797.813891107188, 14918.596592204143, 4029, 8102, 16111]","[4029, 8102, 16111, 4029, 8102, 16111]","[638, 1930, 2988, 0, 0, 0]","[1.23690648040357, 6.956880481179666, 7.5515025223127665, 0.0, 0.0, 0.0]","[53.12513333333333, 1195.1920666666665, 2594.696266666667, 0, 0, 0]","[0.0312, 0.19373333333333337, 0.07306666666666667, 0, 0, 0]","[0.033466666666666665, 0.7923999999999998, 0.10546666666666665, 0, 0, 0]","[4241.874866666667, 15984.807933333333, 31765.303733333334, 4295, 17180, 34360]","[371.9688, 359.80626666666666, 376.4669333333334, 372.0, 360.0, 376.54]","[199.96653333333333, 304.2076, 266.64453333333336, 200.0, 305.0, 266.75]","[(12, 0.0, 0.001377777777777778), (24, 1.666666666666667e-05, 0.027652136752136753), (22, 0.0, 0.0065277777777777764), (0, 0, 0), (0, 0, 0), (0, 0, 0)]","[(4014, 67.1, 10.108622222222222), (16081, 51.89998333333334, 6.162347863247863), (32190, 58.2, 11.63347222222222), (4026, 67.1, 10.11), (16105, 51.900000000000006, 6.1899999999999995), (32212, 58.2, 11.639999999999999)]","[0, 0, 0, 0, 0, 0]","[0, 0, 0, 0, 0, 0]"
657,"[21.12186646810623, 22.463589237225374, 13.816647011358699, 0.0, 0.0, 0.0]","[6, 11, 8, 0, 0, 0]","[482.1886542098131, 564.9535369194559, 810.3071558944814, 0, 0, 0]","[3546.811345790187, 7537.046463080544, 15300.692844105519, 4029, 8102, 16111]","[4029, 8102, 16111, 4029, 8102, 16111]","[851, 1820, 2226, 0, 0, 0]","[2.921473030655801, 5.381392316647264, 7.113840124175399, 0.0, 0.0, 0.0]","[125.47726666666667, 924.5232, 2444.315466666667, 0, 0, 0]","[0.038, 0.20746666666666666, 0.030933333333333334, 0, 0, 0]","[0.04093333333333332, 0.6353333333333333, 0.045599999999999995, 0, 0, 0]","[4169.522733333333, 16255.4768, 31915.684533333333, 4295, 17180, 34360]","[371.962, 359.7925333333333, 376.5090666666667, 372.0, 360.0, 376.54]","[199.95906666666667, 304.36466666666666, 266.7044, 200.0, 305.0, 266.75]","[(16, 0.0, 0.04463888888888889), (23, 0.04898333333333334, 0.03305555555555555), (16, 0.00065, 0.0066277777777777784), (0, 0, 0), (0, 0, 0), (0, 0, 0)]","[(4010, 67.1, 10.06536111111111), (16082, 51.85101666666667, 6.156944444444444), (32196, 58.19935, 11.63337222222222), (4026, 67.1, 10.11), (16105, 51.900000000000006, 6.1899999999999995), (32212, 58.2, 11.639999999999999)]","[0, 0, 0, 0, 0, 0]","[0, 0, 0, 0, 0, 0]"
658,"[16.604616530156367, 14.366823006665022, 15.082862640432005, 0.0, 0.0, 0.0]","[5, 7, 10, 0, 0, 0]","[470.63595299226495, 791.6053089709333, 1005.2657112502361, 0, 0, 0]","[3558.3640470077353, 7310.394691029067, 15105.734288749763, 4029, 8102, 16111]","[4029, 8102, 16111, 4029, 8102, 16111]","[669, 1164, 2430, 0, 0, 0]","[2.539995343422584, 0.6052409778812573, 0.6638742724097789, 0.0, 0.0, 0.0]","[109.09279999999998, 103.9804, 228.10720000000003, 0, 0, 0]","[0.014266666666666667, 0.12760000000000002, 0.025466666666666665, 0, 0, 0]","[0.014266666666666667, 0.21159999999999995, 0.007066666666666666, 0, 0, 0]","[4185.9072, 17076.0196, 34131.8928, 4295, 17180, 34360]","[371.9857333333333, 359.8724, 376.51453333333336, 372.0, 360.0, 376.54]","[199.98573333333334, 304.7884, 266.7429333333333, 200.0, 305.0, 266.75]","[(13, 0.0, 0.0004999999999999999), (14, 0.0048833333333333315, 0.033538888888888875), (20, 0.0, 0.0030444444444444442), (0, 0, 0), (0, 0, 0), (0, 0, 0)]","[(4013, 67.1, 10.109499999999999), (16091, 51.895116666666674, 6.156461111111111), (32192, 58.2, 11.636955555555554), (4026, 67.1, 10.11), (16105, 51.900000000000006, 6.1899999999999995), (32212, 58.2, 11.639999999999999)]","[0, 0, 0, 0, 0, 0]","[0, 0, 0, 0, 0, 0]"
659,"[13.849590469099033, 12.317946186126882, 11.197318602197257, 0.0, 0.0, 0.0]","[5, 6, 8, 0, 0, 0]","[201.03283989809813, 348.05711178758855, 1388.4574338928307, 0, 0, 0]","[3827.9671601019018, 7753.942888212411, 14722.54256610717, 4029, 8102, 16111]","[4029, 8102, 16111, 4029, 8102, 16111]","[558, 998, 1804, 0, 0, 0]","[2.7220908032596043, 0.6599173457508732, 0.4131185487000389, 0.0, 0.0, 0.0]","[116.9138, 113.37380000000002, 141.94753333333335, 0, 0, 0]","[0.0030666666666666668, 0.1136, 0.008533333333333334, 0, 0, 0]","[0.0032, 0.2068, 0.009466666666666667, 0, 0, 0]","[4178.0862, 17066.6262, 34218.05246666667, 4295, 17180, 34360]","[371.99693333333335, 359.8864, 376.5314666666667, 372.0, 360.0, 376.54]","[199.9968, 304.7932, 266.74053333333336, 200.0, 305.0, 266.75]","[(12, 0.0, 0.0008111111111111111), (12, 8.333333333333333e-05, 0.028538888888888888), (13, 0.004183333333333333, 0.0018111111111111114), (0, 0, 0), (0, 0, 0), (0, 0, 0)]","[(4014, 67.1, 10.109188888888887), (16093, 51.89991666666667, 6.161461111111111), (32199, 58.19581666666667, 11.638188888888887), (4026, 67.1, 10.11), (16105, 51.900000000000006, 6.1899999999999995), (32212, 58.2, 11.639999999999999)]","[0, 0, 0, 0, 0, 0]","[0, 0, 0, 0, 0, 0]"
660,"[12.558947629684786, 11.984695137003209, 16.361492148221714, 0.0, 0.0, 0.0]","[6, 5, 11, 0, 0, 0]","[237.77015887054836, 638.3308604495436, 1656.5717072311145, 0, 0, 0]","[3791.2298411294514, 7463.669139550457, 14454.428292768886, 4029, 8102, 16111]","[4029, 8102, 16111, 4029, 8102, 16111]","[506, 971, 2636, 0, 0, 0]","[3.9061513387660063, 1.367162980209546, 1.2941753977493209, 0.0, 0.0, 0.0]","[167.76919999999998, 234.8786, 444.6786666666667, 0, 0, 0]","[0.00026666666666666673, 0.11293333333333332, 0.016666666666666666, 0, 0, 0]","[0.0030666666666666668, 0.20066666666666672, 0.027866666666666665, 0, 0, 0]","[4127.2308, 16945.1214, 33915.32133333333, 4295, 17180, 34360]","[371.9997333333333, 359.88706666666667, 376.52333333333337, 372.0, 360.0, 376.54]","[199.99693333333335, 304.7993333333333, 266.7221333333333, 200.0, 305.0, 266.75]","[(12, 0.0, 0.0012555555555555558), (7, 0.0004666666666666667, 0.030911111111111108), (20, 0.0, 0.002088888888888889), (0, 0, 0), (0, 0, 0), (0, 0, 0)]","[(4014, 67.1, 10.108744444444444), (16098, 51.89953333333334, 6.159088888888888), (32192, 58.2, 11.63791111111111), (4026, 67.1, 10.11), (16105, 51.900000000000006, 6.1899999999999995), (32212, 58.2, 11.639999999999999)]","[0, 0, 0, 0, 0, 0]","[0, 0, 0, 0, 0, 0]"
661,"[20.426904939190866, 12.182177240187608, 14.592514431134006, 0.0, 0.0, 0.0]","[8, 6, 10, 0, 0, 0]","[567.5087529999938, 630.4717238018222, 1309.2625438855298, 0, 0, 0]","[3461.4912470000063, 7471.528276198178, 14801.73745611447, 4029, 8102, 16111]","[4029, 8102, 16111, 4029, 8102, 16111]","[823, 987, 2351, 0, 0, 0]","[5.033237097400079, 1.242801707411719, 2.3954712844392705, 0.0, 0.0, 0.0]","[216.17753333333337, 213.51333333333332, 823.0839333333333, 0, 0, 0]","[0.0074666666666666675, 0.11146666666666666, 0.013466666666666667, 0, 0, 0]","[0.013066666666666666, 0.19533333333333333, 0.024, 0, 0, 0]","[4078.8224666666665, 16966.486666666668, 33536.916066666665, 4295, 17180, 34360]","[371.9925333333333, 359.8885333333333, 376.52653333333336, 372.0, 360.0, 376.54]","[199.98693333333333, 304.80466666666666, 266.726, 200.0, 305.0, 266.75]","[(12, 0.0, 0.0019944444444444445), (10, 3.3333333333333335e-05, 0.02944444444444444), (20, 0.0006666666666666666, 0.0032722222222222224), (0, 0, 0), (0, 0, 0), (0, 0, 0)]","[(4014, 67.1, 10.108005555555556), (16095, 51.89996666666667, 6.160555555555555), (32192, 58.199333333333335, 11.636727777777777), (4026, 67.1, 10.11), (16105, 51.900000000000006, 6.1899999999999995), (32212, 58.2, 11.639999999999999)]","[0, 0, 0, 0, 0, 0]","[0, 0, 0, 0, 0, 0]"
662,"[34.37577562670638, 12.996790915823253, 11.0545589969586, 0.0, 0.0, 0.0]","[12, 6, 7, 0, 0, 0]","[1020.443720129637, 559.3251011641796, 599.6515948027034, 0, 0, 0]","[3008.556279870363, 7542.67489883582, 15511.348405197297, 4029, 8102, 16111]","[4029, 8102, 16111, 4029, 8102, 16111]","[1385, 1053, 1781, 0, 0, 0]","[7.605792782305006, 1.213047341870392, 2.524666278618549, 0.0, 0.0, 0.0]","[326.6688, 208.40153333333333, 867.4753333333333, 0, 0, 0]","[0.01613333333333333, 0.010133333333333331, 0.017466666666666665, 0, 0, 0]","[0.021733333333333334, 0.005866666666666667, 0.027733333333333332, 0, 0, 0]","[3968.3312, 16971.598466666666, 33492.524666666664, 4295, 17180, 34360]","[371.98386666666664, 359.98986666666667, 376.52253333333334, 372.0, 360.0, 376.54]","[199.97826666666666, 304.9941333333333, 266.72226666666666, 200.0, 305.0, 266.75]","[(22, 0.0, 0.006466666666666665), (9, 0.0004666666666666667, 0.0026132478632478633), (15, 0.0, 0.0019555555555555554), (0, 0, 0), (0, 0, 0), (0, 0, 0)]","[(4004, 67.1, 10.103533333333333), (16096, 51.89953333333334, 6.187386752136752), (32197, 58.2, 11.638044444444443), (4026, 67.1, 10.11), (16105, 51.900000000000006, 6.1899999999999995), (32212, 58.2, 11.639999999999999)]","[0, 0, 0, 0, 0, 0]","[0, 0, 0, 0, 0, 0]"
663,"[44.924298833457435, 14.86052826462602, 7.280739867171497, 0.0, 0.0, 0.0]","[14, 6, 5, 0, 0, 0]","[1239.1400859041187, 766.2467327139946, 671.3742975035562, 0, 0, 0]","[2789.8599140958813, 7335.753267286005, 15439.625702496443, 4029, 8102, 16111]","[4029, 8102, 16111, 4029, 8102, 16111]","[1810, 1204, 1173, 0, 0, 0]","[14.250421420256112, 1.029184322856034, 1.5674390764454795, 0.0, 0.0, 0.0]","[612.0556, 176.81386666666666, 538.5720666666667, 0, 0, 0]","[0.08120000000000001, 0.009466666666666667, 0.03866666666666667, 0, 0, 0]","[0.09066666666666667, 0.0004, 0.041199999999999994, 0, 0, 0]","[3682.9444, 17003.186133333333, 33821.42793333333, 4295, 17180, 34360]","[371.9188, 359.99053333333336, 376.5013333333334, 372.0, 360.0, 376.54]","[199.90933333333334, 304.9996, 266.7088, 200.0, 305.0, 266.75]","[(24, 0.0788, 0.04618888888888889), (10, 0.00065, 0.0016222222222222222), (8, 0.0, 0.0017222222222222222), (0, 0, 0), (0, 0, 0), (0, 0, 0)]","[(4002, 67.0212, 10.06381111111111), (16095, 51.899350000000005, 6.188377777777777), (32204, 58.2, 11.638277777777777), (4026, 67.1, 10.11), (16105, 51.900000000000006, 6.1899999999999995), (32212, 58.2, 11.639999999999999)]","[0, 0, 0, 0, 0, 0]","[0, 0, 0, 0, 0, 0]"
664,"[46.71134276495408, 18.044927178474452, 7.274532927813296, 0.0, 0.0, 0.0]","[14, 8, 5, 0, 0, 0]","[1121.1053405882205, 682.6378520902986, 371.1242892438332, 0, 0, 0]","[2907.8946594117797, 7419.362147909702, 15739.875710756167, 4029, 8102, 16111]","[4029, 8102, 16111, 4029, 8102, 16111]","[1882, 1462, 1172, 0, 0, 0]","[21.770924330616996, 2.7218769887466046, 1.6128329452852153, 0.0, 0.0, 0.0]","[935.0612000000001, 467.6184666666667, 554.1694, 0, 0, 0]","[0.6429333333333334, 0.019866666666666664, 0.0408, 0, 0, 0]","[0.15826666666666667, 0.0009333333333333333, 0.04173333333333333, 0, 0, 0]","[3359.9388, 16712.381533333333, 33805.8306, 4295, 17180, 34360]","[371.35706666666664, 359.98013333333336, 376.49920000000003, 372.0, 360.0, 376.54]","[199.84173333333334, 304.9990666666667, 266.70826666666665, 200.0, 305.0, 266.75]","[(24, 0.0, 0.021038888888888888), (15, 0.4706, 0.019694444444444445), (8, 0.00065, 0.0015222222222222223), (0, 0, 0), (0, 0, 0), (0, 0, 0)]","[(4002, 67.1, 10.08896111111111), (16090, 51.42940000000001, 6.170305555555555), (32204, 58.19935, 11.638477777777776), (4026, 67.1, 10.11), (16105, 51.900000000000006, 6.1899999999999995), (32212, 58.2, 11.639999999999999)]","[0, 0, 0, 0, 0, 0]","[0, 0, 0, 0, 0, 0]"
665,"[40.580789277736415, 19.365588743520117, 8.397988951647942, 0.0, 0.0, 0.0]","[12, 9, 5, 0, 0, 0]","[654.9599987753969, 919.0782642741419, 929.9050123081134, 0, 0, 0]","[3374.040001224603, 7182.9217357258585, 15181.094987691886, 4029, 8102, 16111]","[4029, 8102, 16111, 4029, 8102, 16111]","[1635, 1569, 1353, 0, 0, 0]","[15.90856499805976, 2.8238513775708185, 0.4037122623205277, 0.0, 0.0, 0.0]","[683.2728666666667, 485.13766666666663, 138.71553333333333, 0, 0, 0]","[0.6567999999999999, 0.05866666666666667, 0.0372, 0, 0, 0]","[0.17693333333333333, 0.0192, 0.03426666666666667, 0, 0, 0]","[3611.7271333333333, 16694.862333333334, 34221.284466666664, 4295, 17180, 34360]","[371.3432, 359.9413333333333, 376.50280000000004, 372.0, 360.0, 376.54]","[199.82306666666668, 304.9808, 266.71573333333333, 200.0, 305.0, 266.75]","[(20, 0.0, 0.01769444444444445), (21, 0.02685, 0.018883333333333332), (11, 1.666666666666667e-05, 0.0013222222222222222), (0, 0, 0), (0, 0, 0), (0, 0, 0)]","[(4006, 67.1, 10.092305555555555), (16084, 51.87315, 6.171116666666666), (32201, 58.199983333333336, 11.638677777777776), (4026, 67.1, 10.11), (16105, 51.900000000000006, 6.1899999999999995), (32212, 58.2, 11.639999999999999)]","[0, 0, 0, 0, 0, 0]","[0, 0, 0, 0, 0, 0]"
666,"[24.422933730454208, 29.95556652678351, 10.260070759108682, 0.0, 0.0, 0.0]","[7, 13, 6, 0, 0, 0]","[295.29321536123956, 1196.8109692850871, 837.5413117288413, 0, 0, 0]","[3733.7067846387604, 6905.189030714913, 15273.45868827116, 4029, 8102, 16111]","[4029, 8102, 16111, 4029, 8102, 16111]","[984, 2427, 1653, 0, 0, 0]","[10.732864571206829, 9.831132712456345, 0.19962572759022115, 0.0, 0.0, 0.0]","[460.9765333333333, 1688.9886, 68.5914, 0, 0, 0]","[0.028133333333333333, 0.21493333333333334, 0.024666666666666663, 0, 0, 0]","[0.011733333333333333, 0.007866666666666666, 0.021733333333333334, 0, 0, 0]","[3834.0234666666665, 15491.0114, 34291.4086, 4295, 17180, 34360]","[371.97186666666664, 359.7850666666667, 376.51533333333333, 372.0, 360.0, 376.54]","[199.98826666666668, 304.99213333333336, 266.7282666666667, 200.0, 305.0, 266.75]","[(13, 0.0, 0.00415), (29, 0.0002833333333333333, 0.007050000000000001), (14, 0.00065, 0.0005111111111111111), (0, 0, 0), (0, 0, 0), (0, 0, 0)]","[(4013, 67.1, 10.10585), (16076, 51.89971666666667, 6.18295), (32198, 58.19935, 11.639488888888888), (4026, 67.1, 10.11), (16105, 51.900000000000006, 6.1899999999999995), (32212, 58.2, 11.639999999999999)]","[0, 0, 0, 0, 0, 0]","[2, 0, 0, 0, 0, 0]"
667,"[16.058575328865725, 28.708960750431995, 12.395257898330334, 0.0, 0.0, 0.0]","[5, 13, 7, 0, 0, 0]","[200.16744935563088, 1348.196521813432, 730.8903057384758, 0, 0, 0]","[3828.832550644369, 6753.803478186568, 15380.109694261524, 4029, 8102, 16111]","[4029, 8102, 16111, 4029, 8102, 16111]","[647, 2326, 1997, 0, 0, 0]","[6.485906092355452, 9.520357392316647, 0.31012126503686455, 0.0, 0.0, 0.0]","[278.56966666666665, 1635.5974, 106.55766666666666, 0, 0, 0]","[0.0276, 1.4254666666666667, 0.013466666666666667, 0, 0, 0]","[0.0116, 1.397466666666667, 0.015466666666666668, 0, 0, 0]","[4016.4303333333332, 15544.4026, 34253.44233333333, 4295, 17180, 34360]","[371.9724, 358.5745333333333, 376.52653333333336, 372.0, 360.0, 376.54]","[199.9884, 303.6025333333333, 266.73453333333333, 200.0, 305.0, 266.75]","[(9, 0.0, 0.0032277777777777773), (26, 0.0, 0.0051333333333333335), (16, 1.666666666666667e-05, 0.0011222222222222222), (0, 0, 0), (0, 0, 0), (0, 0, 0)]","[(4017, 67.1, 10.106772222222222), (16079, 51.900000000000006, 6.184866666666666), (32196, 58.199983333333336, 11.638877777777777), (4026, 67.1, 10.11), (16105, 51.900000000000006, 6.1899999999999995), (32212, 58.2, 11.639999999999999)]","[0, 0, 0, 0, 0, 0]","[2, 0, 0, 0, 0, 0]"
668,"[9.282700421940929, 29.90619600098741, 18.39736825771212, 0.0, 0.0, 0.0]","[3, 13, 8, 0, 0, 0]","[150.85304860065787, 1622.0719914397698, 1066.3027479671723, 0, 0, 0]","[3878.146951399342, 6479.92800856023, 15044.697252032827, 4029, 8102, 16111]","[4029, 8102, 16111, 4029, 8102, 16111]","[374, 2423, 2964, 0, 0, 0]","[1.895105937136205, 8.447675203725263, 0.32855975941016685, 0.0, 0.0, 0.0]","[81.3948, 1451.3106, 112.89313333333332, 0, 0, 0]","[0.010133333333333334, 0.2713333333333333, 12.118800000000002, 0, 0, 0]","[0.0009333333333333334, 0.24826666666666666, 12.070800000000002, 0, 0, 0]","[4213.6052, 15728.6894, 34247.10686666667, 4295, 17180, 34360]","[371.98986666666667, 359.72866666666664, 364.4212, 372.0, 360.0, 376.54]","[199.99906666666666, 304.75173333333333, 254.6792, 200.0, 305.0, 266.75]","[(5, 0.0, 0.0012111111111111112), (26, 0.06833333333333333, 0.01766111111111111), (17, 0.0, 0.0005), (0, 0, 0), (0, 0, 0), (0, 0, 0)]","[(4021, 67.1, 10.108788888888888), (16079, 51.83166666666667, 6.172338888888889), (32195, 58.2, 11.639499999999998), (4026, 67.1, 10.11), (16105, 51.900000000000006, 6.1899999999999995), (32212, 58.2, 11.639999999999999)]","[0, 0, 2, 0, 0, 0]","[4, 2, 0, 0, 0, 0]"
669,"[12.161826756018863, 28.239940755369048, 14.505617280119173, 0.0, 0.0, 0.0]","[4, 12, 7, 0, 0, 0]","[473.57602511526244, 1159.6201117098426, 1055.874523370397, 0, 0, 0]","[3555.4239748847376, 6942.379888290157, 15055.125476629602, 4029, 8102, 16111]","[4029, 8102, 16111, 4029, 8102, 16111]","[490, 2288, 2337, 0, 0, 0]","[8.2813736903376, 10.221499029879705, 0.2590062087698875, 0.0, 0.0, 0.0]","[355.68499999999995, 1756.0535333333332, 88.99453333333335, 0, 0, 0]","[0.5930666666666666, 0.2689333333333333, 0.0008, 0, 0, 0]","[0.10106666666666667, 0.23640000000000005, 0.0038666666666666667, 0, 0, 0]","[3939.315, 15423.946466666666, 34271.00546666667, 4295, 17180, 34360]","[371.4069333333333, 359.73106666666666, 376.5392, 372.0, 360.0, 376.54]","[199.89893333333333, 304.7636, 266.7461333333333, 200.0, 305.0, 266.75]","[(7, 0.0, 0.0033277777777777776), (22, 0.03351666666666667, 0.007088888888888888), (16, 0.0, 0.0008111111111111112), (0, 0, 0), (0, 0, 0), (0, 0, 0)]","[(4019, 67.1, 10.106672222222223), (16083, 51.86648333333334, 6.18291111111111), (32196, 58.2, 11.639188888888887), (4026, 67.1, 10.11), (16105, 51.900000000000006, 6.1899999999999995), (32212, 58.2, 11.639999999999999)]","[0, 0, 2, 0, 0, 0]","[4, 2, 0, 0, 0, 0]"
670,"[17.22511789525937, 20.22957294495186, 19.489789584755755, 0.0, 0.0, 0.0]","[6, 8, 10, 0, 0, 0]","[286.6864416742801, 556.6662634264947, 1236.7148567973745, 0, 0, 0]","[3742.31355832572, 7545.333736573505, 14874.285143202625, 4029, 8102, 16111]","[4029, 8102, 16111, 4029, 8102, 16111]","[694, 1639, 3140, 0, 0, 0]","[9.051402405898331, 4.093118742724098, 0.4863564221963523, 0.0, 0.0, 0.0]","[388.75773333333336, 703.1978, 167.11206666666664, 0, 0, 0]","[0.6179999999999999, 0.22506666666666666, 8.274266666666666, 0, 0, 0]","[0.1044, 0.22266666666666668, 8.3032, 0, 0, 0]","[3906.2422666666666, 16476.8022, 34192.88793333333, 4295, 17180, 34360]","[371.382, 359.7749333333333, 368.26573333333334, 372.0, 360.0, 376.54]","[199.8956, 304.77733333333333, 258.4468, 200.0, 305.0, 266.75]","[(12, 0.0, 0.003911111111111111), (14, 0.04949999999999999, 0.004722222222222223), (25, 0.0, 0.0015944444444444443), (0, 0, 0), (0, 0, 0), (0, 0, 0)]","[(4014, 67.1, 10.106088888888888), (16091, 51.850500000000004, 6.185277777777777), (32187, 58.2, 11.638405555555554), (4026, 67.1, 10.11), (16105, 51.900000000000006, 6.1899999999999995), (32212, 58.2, 11.639999999999999)]","[0, 2, 2, 0, 0, 0]","[4, 2, 2, 0, 0, 0]"
671,"[14.023330851327872, 17.29202666008393, 21.072559121097388, 0.0, 0.0, 0.0]","[5, 6, 11, 0, 0, 0]","[208.6790731910731, 575.562556543714, 1712.5037155957623, 0, 0, 0]","[3820.3209268089267, 7526.437443456286, 14398.496284404238, 4029, 8102, 16111]","[4029, 8102, 16111, 4029, 8102, 16111]","[565, 1401, 3395, 0, 0, 0]","[9.157207605743112, 3.405469926270857, 0.6463214978657352, 0.0, 0.0, 0.0]","[393.30206666666663, 585.0597333333333, 222.07606666666663, 0, 0, 0]","[0.5548, 0.23666666666666666, 24.22920000000001, 0, 0, 0]","[0.10586666666666666, 0.2361333333333333, 24.287466666666663, 0, 0, 0]","[3901.6979333333334, 16594.94026666667, 34137.92393333333, 4295, 17180, 34360]","[371.4452, 359.7633333333333, 352.31080000000003, 372.0, 360.0, 376.54]","[199.89413333333334, 304.7638666666667, 242.46253333333334, 200.0, 305.0, 266.75]","[(10, 0.0, 0.0035555555555555557), (13, 0.05543333333333332, 0.006944444444444443), (25, 0.0, 0.0033333333333333327), (0, 0, 0), (0, 0, 0), (0, 0, 0)]","[(4016, 67.1, 10.106444444444444), (16092, 51.84456666666667, 6.183055555555555), (32187, 58.2, 11.636666666666665), (4026, 67.1, 10.11), (16105, 51.900000000000006, 6.1899999999999995), (32212, 58.2, 11.639999999999999)]","[0, 2, 2, 0, 0, 0]","[4, 2, 2, 0, 0, 0]"
672,"[13.35318937701663, 14.021229326092321, 19.57047979641239, 0.0, 0.0, 0.0]","[5, 6, 12, 0, 0, 0]","[321.64694075940304, 607.1217389960127, 1672.4897311857605, 0, 0, 0]","[3707.353059240597, 7494.878261003987, 14438.51026881424, 4029, 8102, 16111]","[4029, 8102, 16111, 4029, 8102, 16111]","[538, 1136, 3153, 0, 0, 0]","[3.157508731082655, 3.7920155219247196, 0.5486643383779589, 0.0, 0.0, 0.0]","[135.615, 651.4682666666668, 188.52106666666668, 0, 0, 0]","[0.05106666666666667, 0.20600000000000004, 20.565733333333334, 0, 0, 0]","[0.01653333333333333, 0.20799999999999996, 20.615333333333336, 0, 0, 0]","[4159.385, 16528.531733333333, 34171.47893333333, 4295, 17180, 34360]","[371.94893333333334, 359.794, 355.97426666666667, 372.0, 360.0, 376.54]","[199.98346666666666, 304.792, 246.13466666666667, 200.0, 305.0, 266.75]","[(12, 0.0, 0.004827777777777778), (12, 0.0, 0.0023944444444444443), (26, 0.0, 0.0029), (0, 0, 0), (0, 0, 0), (0, 0, 0)]","[(4014, 67.1, 10.105172222222222), (16093, 51.900000000000006, 6.187605555555555), (32186, 58.2, 11.637099999999998), (4026, 67.1, 10.11), (16105, 51.900000000000006, 6.1899999999999995), (32212, 58.2, 11.639999999999999)]","[0, 0, 0, 0, 0, 0]","[0, 0, 0, 0, 0, 0]"
673,"[15.289153636138, 10.13330041964947, 16.50425175346037, 0.0, 0.0, 0.0]","[6, 4, 10, 0, 0, 0]","[187.11845754730595, 244.19091211069303, 1133.8507920631214, 0, 0, 0]","[3841.8815424526942, 7857.809087889307, 14977.149207936878, 4029, 8102, 16111]","[4029, 8102, 16111, 4029, 8102, 16111]","[616, 821, 2659, 0, 0, 0]","[4.3130787737679475, 0.9551816065192084, 0.6882803647652309, 0.0, 0.0, 0.0]","[185.24673333333334, 164.1002, 236.49313333333333, 0, 0, 0]","[0.052, 0.0104, 21.94386666666667, 0, 0, 0]","[0.017066666666666667, 0.011333333333333332, 22.034933333333335, 0, 0, 0]","[4109.753266666667, 17015.8998, 34123.50686666667, 4295, 17180, 34360]","[371.948, 359.9896, 354.59613333333334, 372.0, 360.0, 376.54]","[199.98293333333334, 304.9886666666667, 244.71506666666667, 200.0, 305.0, 266.75]","[(15, 0.0, 0.003955555555555555), (8, 0.007883333333333332, 0.001561111111111111), (24, 0.0, 0.003255555555555555), (0, 0, 0), (0, 0, 0), (0, 0, 0)]","[(4011, 67.1, 10.106044444444445), (16097, 51.89211666666667, 6.188438888888888), (32188, 58.2, 11.636744444444444), (4026, 67.1, 10.11), (16105, 51.900000000000006, 6.1899999999999995), (32212, 58.2, 11.639999999999999)]","[0, 0, 0, 0, 0, 0]","[0, 0, 0, 0, 0, 0]"
674,"[11.466865227103499, 9.997531473710195, 13.264229408478679, 0.0, 0.0, 0.0]","[4, 5, 8, 0, 0, 0]","[236.35839863130607, 609.7667267863021, 1011.4119868459627, 0, 0, 0]","[3792.641601368694, 7492.233273213698, 15099.588013154038, 4029, 8102, 16111]","[4029, 8102, 16111, 4029, 8102, 16111]","[462, 810, 2137, 0, 0, 0]","[3.434188591385332, 1.2832421420256113, 0.6286472642607683, 0.0, 0.0, 0.0]","[147.4984, 220.461, 216.00320000000002, 0, 0, 0]","[0.03306666666666667, 0.00013333333333333337, 0.0108, 0, 0, 0]","[0.017466666666666665, 0.00013333333333333337, 0.03253333333333334, 0, 0, 0]","[4147.5016, 16959.539, 34143.9968, 4295, 17180, 34360]","[371.9669333333333, 359.99986666666666, 376.5292, 372.0, 360.0, 376.54]","[199.98253333333332, 304.99986666666666, 266.71746666666667, 200.0, 305.0, 266.75]","[(9, 0.0, 0.003338888888888889), (10, 0.4706, 0.01335), (21, 0.03996666666666667, 0.016200000000000003), (0, 0, 0), (0, 0, 0), (0, 0, 0)]","[(4017, 67.1, 10.10666111111111), (16095, 51.42940000000001, 6.1766499999999995), (32191, 58.16003333333334, 11.6238), (4026, 67.1, 10.11), (16105, 51.900000000000006, 6.1899999999999995), (32212, 58.2, 11.639999999999999)]","[0, 0, 0, 0, 0, 0]","[0, 0, 0, 0, 0, 0]"
675,"[13.055348721767187, 14.564305109849421, 8.280057103842095, 0.0, 0.0, 0.0]","[4, 7, 5, 0, 0, 0]","[334.88285789630197, 486.7140292170121, 651.796083724464, 0, 0, 0]","[3694.117142103698, 7615.2859707829875, 15459.203916275535, 4029, 8102, 16111]","[4029, 8102, 16111, 4029, 8102, 16111]","[526, 1180, 1334, 0, 0, 0]","[3.31923476911137, 1.6260531625921615, 0.40434963135428786, 0.0, 0.0, 0.0]","[142.56113333333334, 279.3559333333333, 138.93453333333332, 0, 0, 0]","[0.017466666666666665, 0.0005333333333333334, 0.002, 0, 0, 0]","[0.009466666666666667, 0.002266666666666667, 0.0136, 0, 0, 0]","[4152.438866666666, 16900.644066666668, 34221.06546666667, 4295, 17180, 34360]","[371.9825333333333, 359.99946666666665, 376.538, 372.0, 360.0, 376.54]","[199.99053333333333, 304.9977333333333, 266.7364, 200.0, 305.0, 266.75]","[(8, 0.0, 0.003744444444444444), (14, 5e-05, 0.006999999999999999), (13, 0.0045833333333333325, 0.00033888888888888884), (0, 0, 0), (0, 0, 0), (0, 0, 0)]","[(4018, 67.1, 10.106255555555554), (16091, 51.899950000000004, 6.183), (32199, 58.19541666666667, 11.63966111111111), (4026, 67.1, 10.11), (16105, 51.900000000000006, 6.1899999999999995), (32212, 58.2, 11.639999999999999)]","[0, 0, 0, 0, 0, 0]","[0, 0, 0, 0, 0, 0]"
676,"[12.137006701414743, 10.10861515675142, 9.2979951585873, 0.0, 0.0, 0.0]","[4, 5, 6, 0, 0, 0]","[443.21272457720875, 474.4207007210501, 729.9581058623429, 0, 0, 0]","[3585.787275422791, 7627.57929927895, 15381.041894137657, 4029, 8102, 16111]","[4029, 8102, 16111, 4029, 8102, 16111]","[489, 819, 1498, 0, 0, 0]","[2.907233216918898, 1.1438828094683742, 0.6156806363989134, 0.0, 0.0, 0.0]","[124.86566666666667, 196.51906666666667, 211.54786666666664, 0, 0, 0]","[0.0041333333333333335, 0.0009333333333333334, 0.014266666666666667, 0, 0, 0]","[0.0054666666666666665, 0.0026666666666666666, 0.027199999999999995, 0, 0, 0]","[4170.134333333333, 16983.480933333332, 34148.45213333333, 4295, 17180, 34360]","[371.99586666666664, 359.9990666666667, 376.52573333333333, 372.0, 360.0, 376.54]","[199.99453333333332, 304.99733333333336, 266.7228, 200.0, 305.0, 266.75]","[(7, 0.0, 0.0015777777777777778), (10, 0.0, 0.0048222222222222225), (15, 0.0, 0.004488888888888888), (0, 0, 0), (0, 0, 0), (0, 0, 0)]","[(4019, 67.1, 10.108422222222222), (16095, 51.900000000000006, 6.185177777777778), (32197, 58.2, 11.63551111111111), (4026, 67.1, 10.11), (16105, 51.900000000000006, 6.1899999999999995), (32212, 58.2, 11.639999999999999)]","[0, 0, 0, 0, 0, 0]","[0, 0, 0, 0, 0, 0]"
677,"[22.114668652271035, 7.529005183905209, 8.596611011110422, 0.0, 0.0, 0.0]","[7, 4, 5, 0, 0, 0]","[520.0506671790321, 241.40930821443197, 1073.6100280674032, 0, 0, 0]","[3508.949332820968, 7860.590691785568, 15037.389971932596, 4029, 8102, 16111]","[4029, 8102, 16111, 4029, 8102, 16111]","[891, 610, 1385, 0, 0, 0]","[4.005851765618937, 0.7003694218083043, 0.3127986030267753, 0.0, 0.0, 0.0]","[172.05133333333333, 120.32346666666668, 107.4776, 0, 0, 0]","[0.024, 0.0002666666666666667, 12.118666666666668, 0, 0, 0]","[0.013866666666666668, 0.002266666666666667, 12.058666666666669, 0, 0, 0]","[4122.948666666667, 17059.676533333335, 34252.5224, 4295, 17180, 34360]","[371.976, 359.9997333333333, 364.42133333333334, 372.0, 360.0, 376.54]","[199.98613333333333, 304.9977333333333, 254.69133333333332, 200.0, 305.0, 266.75]","[(13, 0.00015, 0.026109126984126978), (8, 0.0, 0.005316666666666667), (10, 0.0, 0.0023944444444444447), (0, 0, 0), (0, 0, 0), (0, 0, 0)]","[(4013, 67.09984999999999, 10.083890873015873), (16097, 51.900000000000006, 6.184683333333333), (32202, 58.2, 11.637605555555554), (4026, 67.1, 10.11), (16105, 51.900000000000006, 6.1899999999999995), (32212, 58.2, 11.639999999999999)]","[0, 0, 0, 0, 0, 0]","[0, 0, 0, 0, 0, 0]"
678,"[17.44849838669645, 7.775857812885707, 11.414561479734344, 0.0, 0.0, 0.0]","[6, 4, 7, 0, 0, 0]","[436.7750092059788, 344.25348894732383, 895.2953837324986, 0, 0, 0]","[3592.2249907940213, 7757.746511052676, 15215.704616267501, 4029, 8102, 16111]","[4029, 8102, 16111, 4029, 8102, 16111]","[703, 630, 1839, 0, 0, 0]","[4.409708963911525, 0.5510892510671322, 1.8890170741171906, 0.0, 0.0, 0.0]","[189.39700000000002, 94.67713333333332, 649.0662666666667, 0, 0, 0]","[0.0212, 0.004933333333333333, 0.022266666666666667, 0, 0, 0]","[0.011066666666666667, 0.006533333333333334, 0.0036, 0, 0, 0]","[4105.603, 17085.322866666666, 33710.93373333333, 4295, 17180, 34360]","[371.9788, 359.9950666666667, 376.51773333333335, 372.0, 360.0, 376.54]","[199.98893333333334, 304.9934666666667, 266.7464, 200.0, 305.0, 266.75]","[(12, 0.0, 0.02626666666666667), (6, 0.0, 0.001711111111111111), (15, 0.0, 0.004683333333333334), (0, 0, 0), (0, 0, 0), (0, 0, 0)]","[(4014, 67.1, 10.083733333333333), (16099, 51.900000000000006, 6.188288888888889), (32197, 58.2, 11.635316666666666), (4026, 67.1, 10.11), (16105, 51.900000000000006, 6.1899999999999995), (32212, 58.2, 11.639999999999999)]","[0, 0, 0, 0, 0, 0]","[0, 0, 0, 0, 0, 0]"
679,"[28.22040208488459, 7.812885707232782, 8.162125256036248, 0.0, 0.0, 0.0]","[9, 4, 5, 0, 0, 0]","[647.8478661782551, 480.14076178413734, 763.8582638033819, 0, 0, 0]","[3381.152133821745, 7621.859238215862, 15347.141736196618, 4029, 8102, 16111]","[4029, 8102, 16111, 4029, 8102, 16111]","[1137, 633, 1315, 0, 0, 0]","[5.085628249902988, 1.3088843616608459, 1.9459846720993403, 0.0, 0.0, 0.0]","[218.42773333333332, 224.8663333333333, 668.6403333333334, 0, 0, 0]","[0.028666666666666667, 0.5814666666666667, 0.014400000000000001, 0, 0, 0]","[0.017599999999999998, 0.4562666666666666, 0.007733333333333333, 0, 0, 0]","[4076.5722666666666, 16955.13366666667, 33691.35966666666, 4295, 17180, 34360]","[371.97133333333335, 359.41853333333336, 376.5256, 372.0, 360.0, 376.54]","[199.9824, 304.5437333333333, 266.7422666666667, 200.0, 305.0, 266.75]","[(20, 0.0, 0.02501904761904762), (5, 0.0030666666666666663, 0.06092777777777778), (8, 1.666666666666667e-05, 0.002516666666666667), (0, 0, 0), (0, 0, 0), (0, 0, 0)]","[(4006, 67.1, 10.084980952380953), (16100, 51.89693333333334, 6.129072222222222), (32204, 58.199983333333336, 11.637483333333332), (4026, 67.1, 10.11), (16105, 51.900000000000006, 6.1899999999999995), (32212, 58.2, 11.639999999999999)]","[0, 0, 0, 0, 0, 0]","[0, 0, 0, 0, 0, 0]"
680,"[25.341275750806652, 12.71291039249568, 6.7717708397988945, 0.0, 0.0, 0.0]","[9, 7, 4, 0, 0, 0]","[670.9317635334938, 476.3451381594084, 324.96933727033024, 0, 0, 0]","[3358.0682364665063, 7625.654861840591, 15786.03066272967, 4029, 8102, 16111]","[4029, 8102, 16111, 4029, 8102, 16111]","[1021, 1030, 1091, 0, 0, 0]","[3.5068498253783464, 1.6864660457896776, 1.5668065580131934, 0.0, 0.0, 0.0]","[150.61919999999998, 289.7348666666666, 538.3547333333332, 0, 0, 0]","[0.013733333333333334, 0.4482666666666667, 0.026133333333333335, 0, 0, 0]","[0.0044, 0.36333333333333334, 0.01813333333333333, 0, 0, 0]","[4144.3808, 16890.265133333334, 33821.64526666667, 4295, 17180, 34360]","[371.98626666666667, 359.55173333333335, 376.5138666666667, 372.0, 360.0, 376.54]","[199.9956, 304.63666666666666, 266.7318666666667, 200.0, 305.0, 266.75]","[(18, 3.3333333333333335e-05, 0.0014833333333333332), (10, 0.0002333333333333333, 0.07889801587301587), (7, 0.0, 0.0016833333333333336), (0, 0, 0), (0, 0, 0), (0, 0, 0)]","[(4008, 67.09996666666666, 10.108516666666667), (16095, 51.89976666666667, 6.111101984126984), (32205, 58.2, 11.638316666666665), (4026, 67.1, 10.11), (16105, 51.900000000000006, 6.1899999999999995), (32212, 58.2, 11.639999999999999)]","[0, 0, 0, 0, 0, 0]","[0, 0, 0, 0, 0, 0]"
681,"[25.39091586001489, 10.10861515675142, 4.512444913413196, 0.0, 0.0, 0.0]","[9, 6, 3, 0, 0, 0]","[486.04984759377754, 584.5300893266005, 393.1878740361816, 0, 0, 0]","[3542.9501524062225, 7517.4699106734, 15717.81212596382, 4029, 8102, 16111]","[4029, 8102, 16111, 4029, 8102, 16111]","[1023, 819, 727, 0, 0, 0]","[3.327213038416764, 1.383628249902988, 0.14495382227396197, 0.0, 0.0, 0.0]","[142.90380000000002, 237.7073333333333, 49.806133333333335, 0, 0, 0]","[0.012, 0.46546666666666664, 0.0068, 0, 0, 0]","[0.0026666666666666666, 0.3748, 0.008933333333333333, 0, 0, 0]","[4152.0962, 16942.292666666668, 34310.19386666667, 4295, 17180, 34360]","[371.988, 359.53453333333334, 376.5332, 372.0, 360.0, 376.54]","[199.99733333333333, 304.6252, 266.74106666666665, 200.0, 305.0, 266.75]","[(17, 0.0, 0.0014166666666666666), (11, 0.00011666666666666667, 0.07783333333333334), (5, 0.0, 0.0025388888888888883), (0, 0, 0), (0, 0, 0), (0, 0, 0)]","[(4009, 67.1, 10.108583333333332), (16094, 51.89988333333334, 6.112166666666666), (32207, 58.2, 11.63746111111111), (4026, 67.1, 10.11), (16105, 51.900000000000006, 6.1899999999999995), (32212, 58.2, 11.639999999999999)]","[0, 0, 0, 0, 0, 0]","[0, 0, 0, 0, 0, 0]"
682,"[23.926532638371807, 17.168600345593678, 3.66830116069766, 0.0, 0.0, 0.0]","[8, 9, 3, 0, 0, 0]","[462.46013456704816, 895.743617244584, 508.48819204073874, 0, 0, 0]","[3566.539865432952, 7206.256382755416, 15602.511807959261, 4029, 8102, 16111]","[4029, 8102, 16111, 4029, 8102, 16111]","[964, 1391, 591, 0, 0, 0]","[5.427681800543267, 9.117094295692667, 0.17140046565774159, 0.0, 0.0, 0.0]","[233.11893333333333, 1566.3168, 58.89320000000001, 0, 0, 0]","[1.1867999999999999, 0.6805333333333333, 0.004666666666666666, 0, 0, 0]","[1.1958666666666669, 1.8662666666666665, 0.008266666666666667, 0, 0, 0]","[4061.881066666667, 15613.6832, 34301.1068, 4295, 17180, 34360]","[370.8132, 359.31946666666664, 376.53533333333337, 372.0, 360.0, 376.54]","[198.80413333333334, 303.13373333333334, 266.74173333333334, 200.0, 305.0, 266.75]","[(12, 0.04998333333333333, 0.025344444444444447), (16, 0.0, 0.10163015873015872), (5, 0.0, 0.002391025641025641), (0, 0, 0), (0, 0, 0), (0, 0, 0)]","[(4014, 67.05001666666666, 10.084655555555555), (16089, 51.900000000000006, 6.088369841269841), (32207, 58.2, 11.637608974358972), (4026, 67.1, 10.11), (16105, 51.900000000000006, 6.1899999999999995), (32212, 58.2, 11.639999999999999)]","[0, 0, 0, 0, 0, 0]","[0, 0, 0, 0, 0, 0]"
683,"[20.79920575825267, 24.092816588496667, 5.654521755322451, 0.0, 0.0, 0.0]","[7, 12, 4, 0, 0, 0]","[710.9680112617765, 991.0448338908843, 563.3057760342367, 0, 0, 0]","[3318.0319887382234, 7110.955166109115, 15547.694223965764, 4029, 8102, 16111]","[4029, 8102, 16111, 4029, 8102, 16111]","[838, 1952, 911, 0, 0, 0]","[6.256996507566938, 9.40179200620877, 0.18271769499417928, 0.0, 0.0, 0.0]","[268.738, 1615.2278666666666, 62.7818, 0, 0, 0]","[0.018666666666666665, 0.7968, 0.005333333333333333, 0, 0, 0]","[0.02146666666666667, 0.9131999999999997, 0.008133333333333333, 0, 0, 0]","[4026.262, 15564.772133333334, 34297.2182, 4295, 17180, 34360]","[371.98133333333334, 359.2032, 376.5346666666667, 372.0, 360.0, 376.54]","[199.97853333333333, 304.0868, 266.7418666666667, 200.0, 305.0, 266.75]","[(10, 0.0, 0.009311111111111112), (22, 0.0, 0.05273333333333334), (6, 0.0, 0.0018777777777777777), (0, 0, 0), (0, 0, 0), (0, 0, 0)]","[(4016, 67.1, 10.100688888888888), (16083, 51.900000000000006, 6.137266666666666), (32206, 58.2, 11.63812222222222), (4026, 67.1, 10.11), (16105, 51.900000000000006, 6.1899999999999995), (32212, 58.2, 11.639999999999999)]","[0, 0, 0, 0, 0, 0]","[0, 0, 0, 0, 0, 0]"
684,"[35.12037726482998, 18.279437176005924, 10.458692818571162, 0.0, 0.0, 0.0]","[11, 9, 7, 0, 0, 0]","[932.6666157872695, 594.7785709404156, 765.8670832285998, 0, 0, 0]","[3096.3333842127304, 7507.221429059584, 15345.1329167714, 4029, 8102, 16111]","[4029, 8102, 16111, 4029, 8102, 16111]","[1415, 1481, 1685, 0, 0, 0]","[10.47039503298409, 7.013817229336436, 0.6370403570042684, 0.0, 0.0, 0.0]","[449.7034666666667, 1204.9737999999998, 218.88706666666664, 0, 0, 0]","[0.05733333333333333, 0.7821333333333333, 0.017066666666666667, 0, 0, 0]","[0.05586666666666666, 0.7326666666666667, 0.022799999999999997, 0, 0, 0]","[3845.296533333333, 15975.0262, 34141.11293333333, 4295, 17180, 34360]","[371.94266666666664, 359.2178666666667, 376.52293333333336, 372.0, 360.0, 376.54]","[199.94413333333333, 304.26733333333334, 266.7272, 200.0, 305.0, 266.75]","[(18, 0.008966666666666666, 0.013300000000000001), (16, 0.007883333333333332, 0.015344444444444445), (11, 6.666666666666667e-05, 0.0041222222222222216), (0, 0, 0), (0, 0, 0), (0, 0, 0)]","[(4008, 67.09103333333333, 10.0967), (16089, 51.89211666666667, 6.174655555555555), (32201, 58.199933333333334, 11.635877777777777), (4026, 67.1, 10.11), (16105, 51.900000000000006, 6.1899999999999995), (32212, 58.2, 11.639999999999999)]","[0, 0, 0, 0, 0, 0]","[0, 0, 0, 0, 0, 0]"
685,"[37.27972201538844, 15.934337200691187, 12.165601142076842, 0.0, 0.0, 0.0]","[11, 7, 8, 0, 0, 0]","[558.7827130394851, 448.33648158461625, 1419.1283540617308, 0, 0, 0]","[3470.2172869605147, 7653.663518415384, 14691.871645938269, 4029, 8102, 16111]","[4029, 8102, 16111, 4029, 8102, 16111]","[1502, 1291, 1960, 0, 0, 0]","[7.189774155995343, 2.4395909972836627, 0.4553325572370973, 0.0, 0.0, 0.0]","[308.8008, 419.1217333333333, 156.45226666666665, 0, 0, 0]","[0.0332, 1.6942666666666664, 0.019066666666666666, 0, 0, 0]","[0.02066666666666667, 1.2666666666666666, 0.0124, 0, 0, 0]","[3986.1992, 16760.878266666667, 34203.54773333333, 4295, 17180, 34360]","[371.9668, 358.3057333333333, 376.52093333333335, 372.0, 360.0, 376.54]","[199.97933333333333, 303.73333333333335, 266.7376, 200.0, 305.0, 266.75]","[(19, 0.0, 0.0037555555555555554), (10, 0.0, 0.0032333333333333333), (13, 1.666666666666667e-05, 0.003288888888888889), (0, 0, 0), (0, 0, 0), (0, 0, 0)]","[(4007, 67.1, 10.106244444444444), (16095, 51.900000000000006, 6.186766666666666), (32199, 58.199983333333336, 11.63671111111111), (4026, 67.1, 10.11), (16105, 51.900000000000006, 6.1899999999999995), (32212, 58.2, 11.639999999999999)]","[0, 0, 0, 0, 0, 0]","[0, 0, 0, 0, 0, 0]"
686,"[25.788036733680812, 22.562330288817574, 16.913909751101734, 0.0, 0.0, 0.0]","[7, 10, 11, 0, 0, 0]","[706.2927571291852, 1027.3350506393174, 1417.2759376584897, 0, 0, 0]","[3322.7072428708148, 7074.664949360683, 14693.724062341511, 4029, 8102, 16111]","[4029, 8102, 16111, 4029, 8102, 16111]","[1039, 1828, 2725, 0, 0, 0]","[3.3741280558789293, 1.816015133876601, 2.7511263096623986, 0.0, 0.0, 0.0]","[144.9188, 311.99140000000006, 945.2870000000001, 0, 0, 0]","[0.005066666666666666, 0.0776, 0.025733333333333334, 0, 0, 0]","[0.008133333333333333, 0.07120000000000001, 0.029733333333333334, 0, 0, 0]","[4150.0812, 16868.0086, 33414.713, 4295, 17180, 34360]","[371.99493333333334, 359.9224, 376.5142666666667, 372.0, 360.0, 376.54]","[199.99186666666665, 304.9288, 266.72026666666665, 200.0, 305.0, 266.75]","[(12, 0.0, 0.0017222222222222222), (19, 0.0020666666666666663, 0.021099999999999997), (16, 0.0, 0.0036), (0, 0, 0), (0, 0, 0), (0, 0, 0)]","[(4014, 67.1, 10.108277777777777), (16086, 51.89793333333334, 6.1689), (32196, 58.2, 11.636399999999998), (4026, 67.1, 10.11), (16105, 51.900000000000006, 6.1899999999999995), (32212, 58.2, 11.639999999999999)]","[0, 0, 0, 0, 0, 0]","[0, 0, 0, 0, 0, 0]"
687,"[25.01861504095309, 16.403357195754133, 15.480106759356962, 0.0, 0.0, 0.0]","[7, 8, 10, 0, 0, 0]","[646.8841282211963, 691.0785112261786, 1836.2974378942595, 0, 0, 0]","[3382.115871778804, 7410.921488773822, 14274.70256210574, 4029, 8102, 16111]","[4029, 8102, 16111, 4029, 8102, 16111]","[1008, 1329, 2494, 0, 0, 0]","[3.532835079549864, 1.8689138533178111, 2.541192277842453, 0.0, 0.0, 0.0]","[151.73526666666666, 321.07939999999996, 873.1536666666668, 0, 0, 0]","[0.0052, 0.0584, 0.011866666666666666, 0, 0, 0]","[0.008666666666666666, 0.06386666666666668, 0.025733333333333334, 0, 0, 0]","[4143.264733333333, 16858.9206, 33486.846333333335, 4295, 17180, 34360]","[371.9948, 359.9416, 376.52813333333336, 372.0, 360.0, 376.54]","[199.99133333333333, 304.9361333333333, 266.72426666666667, 200.0, 305.0, 266.75]","[(12, 0.0004833333333333333, 0.0016055555555555556), (16, 0.0003, 0.0832888888888889), (18, 1.666666666666667e-05, 0.002338888888888889), (0, 0, 0), (0, 0, 0), (0, 0, 0)]","[(4014, 67.09951666666666, 10.108394444444444), (16089, 51.8997, 6.10671111111111), (32194, 58.199983333333336, 11.63766111111111), (4026, 67.1, 10.11), (16105, 51.900000000000006, 6.1899999999999995), (32212, 58.2, 11.639999999999999)]","[0, 0, 0, 0, 0, 0]","[0, 0, 0, 0, 0, 0]"
688,"[26.259617771159093, 15.156751419402617, 18.01874495686177, 0.0, 0.0, 0.0]","[7, 8, 11, 0, 0, 0]","[495.5532048732555, 932.411555527679, 1309.1373666160807, 0, 0, 0]","[3533.4467951267443, 7169.5884444723215, 14801.86263338392, 4029, 8102, 16111]","[4029, 8102, 16111, 4029, 8102, 16111]","[1058, 1228, 2903, 0, 0, 0]","[6.410604578967792, 1.933634846720993, 2.3419373302289483, 0.0, 0.0, 0.0]","[275.33546666666666, 332.1984666666666, 804.6896666666665, 0, 0, 0]","[0.04746666666666667, 0.05346666666666666, 0.02506666666666667, 0, 0, 0]","[0.05266666666666667, 0.04546666666666667, 0.0392, 0, 0, 0]","[4019.6645333333336, 16847.801533333335, 33555.310333333335, 4295, 17180, 34360]","[371.95253333333335, 359.9465333333333, 376.5149333333334, 372.0, 360.0, 376.54]","[199.94733333333335, 304.95453333333336, 266.7108, 200.0, 305.0, 266.75]","[(11, 0.020733333333333336, 0.057561111111111105), (16, 8.333333333333334e-05, 0.018661111111111114), (19, 0.0, 0.0023166666666666665), (0, 0, 0), (0, 0, 0), (0, 0, 0)]","[(4015, 67.07926666666665, 10.052438888888888), (16089, 51.89991666666667, 6.171338888888888), (32193, 58.2, 11.637683333333332), (4026, 67.1, 10.11), (16105, 51.900000000000006, 6.1899999999999995), (32212, 58.2, 11.639999999999999)]","[0, 0, 0, 0, 0, 0]","[0, 0, 0, 0, 0, 0]"
689,"[20.277984611566147, 21.06887188348556, 11.60697659983862, 0.0, 0.0, 0.0]","[6, 10, 7, 0, 0, 0]","[396.7065116765775, 1024.8553029040534, 942.7337726572425, 0, 0, 0]","[3632.2934883234225, 7077.144697095947, 15168.266227342758, 4029, 8102, 16111]","[4029, 8102, 16111, 4029, 8102, 16111]","[817, 1707, 1870, 0, 0, 0]","[4.7260659681800545, 2.388593325572371, 1.0912413659293752, 0.0, 0.0, 0.0]","[202.98453333333333, 410.36033333333336, 374.95053333333334, 0, 0, 0]","[0.05413333333333333, 0.1004, 0.006666666666666667, 0, 0, 0]","[0.03653333333333333, 0.08413333333333332, 0.0172, 0, 0, 0]","[4092.0154666666667, 16769.639666666666, 33985.049466666664, 4295, 17180, 34360]","[371.9458666666667, 359.8996, 376.53333333333336, 372.0, 360.0, 376.54]","[199.96346666666668, 304.91586666666666, 266.7328, 200.0, 305.0, 266.75]","[(10, 0.0, 0.05700555555555556), (21, 0.001233333333333333, 0.07226666666666666), (12, 0.043783333333333334, 0.016872222222222222), (0, 0, 0), (0, 0, 0), (0, 0, 0)]","[(4016, 67.1, 10.052994444444444), (16084, 51.898766666666674, 6.117733333333333), (32200, 58.15621666666667, 11.623127777777777), (4026, 67.1, 10.11), (16105, 51.900000000000006, 6.1899999999999995), (32212, 58.2, 11.639999999999999)]","[0, 0, 0, 0, 0, 0]","[0, 0, 0, 0, 0, 0]"
690,"[20.526185157607348, 23.79659343372007, 14.027682949537585, 0.0, 0.0, 0.0]","[5, 8, 9, 0, 0, 0]","[389.30678424525, 873.7279598752378, 968.2653787743491, 0, 0, 0]","[3639.69321575475, 7228.2720401247625, 15142.73462122565, 4029, 8102, 16111]","[4029, 8102, 16111, 4029, 8102, 16111]","[827, 1928, 2260, 0, 0, 0]","[5.680239037640668, 1.068568102444703, 2.4811783081102052, 0.0, 0.0, 0.0]","[243.96626666666668, 183.57999999999996, 852.5328666666666, 0, 0, 0]","[0.052533333333333335, 0.2892, 1.1072000000000004, 0, 0, 0]","[0.044, 0.2589333333333333, 0.3477333333333334, 0, 0, 0]","[4051.033733333333, 16996.42, 33507.46713333333, 4295, 17180, 34360]","[371.9474666666667, 359.7108, 375.43280000000004, 372.0, 360.0, 376.54]","[199.956, 304.74106666666665, 266.40226666666666, 200.0, 305.0, 266.75]","[(7, 0.00031666666666666665, 0.057027777777777774), (15, 0.0, 0.05686666666666667), (19, 0.02635, 0.016205555555555553), (0, 0, 0), (0, 0, 0), (0, 0, 0)]","[(4019, 67.09968333333333, 10.052972222222222), (16090, 51.900000000000006, 6.133133333333332), (32193, 58.17365, 11.623794444444444), (4026, 67.1, 10.11), (16105, 51.900000000000006, 6.1899999999999995), (32212, 58.2, 11.639999999999999)]","[2, 2, 0, 0, 0, 0]","[2, 2, 2, 0, 0, 0]"
691,"[20.501365103003227, 20.390027153789188, 10.589038545093414, 0.0, 0.0, 0.0]","[5, 7, 7, 0, 0, 0]","[271.66302310270225, 870.3190107238535, 817.1552694518809, 0, 0, 0]","[3757.336976897298, 7231.680989276147, 15293.844730548119, 4029, 8102, 16111]","[4029, 8102, 16111, 4029, 8102, 16111]","[826, 1652, 1706, 0, 0, 0]","[5.482901047729918, 0.7852316647264259, 1.5435335661622043, 0.0, 0.0, 0.0]","[235.49059999999997, 134.90279999999998, 530.3581333333334, 0, 0, 0]","[0.03866666666666666, 0.26266666666666666, 0.027466666666666664, 0, 0, 0]","[0.0324, 0.24133333333333334, 0.05759999999999999, 0, 0, 0]","[4059.5094, 17045.0972, 33829.641866666665, 4295, 17180, 34360]","[371.96133333333336, 359.7373333333333, 376.51253333333335, 372.0, 360.0, 376.54]","[199.9676, 304.75866666666667, 266.6924, 200.0, 305.0, 266.75]","[(8, 6.666666666666667e-05, 0.057), (11, 3.3333333333333335e-05, 0.05618888888888888), (15, 0.09503333333333333, 0.023149999999999997), (0, 0, 0), (0, 0, 0), (0, 0, 0)]","[(4018, 67.09993333333333, 10.052999999999999), (16094, 51.89996666666667, 6.13381111111111), (32197, 58.10496666666667, 11.61685), (4026, 67.1, 10.11), (16105, 51.900000000000006, 6.1899999999999995), (32212, 58.2, 11.639999999999999)]","[2, 2, 0, 0, 0, 0]","[2, 2, 2, 0, 0, 0]"
692,"[25.24199553239017, 23.67316711922982, 9.074545341692012, 0.0, 0.0, 0.0]","[6, 8, 6, 0, 0, 0]","[375.89745836845043, 610.3386482763574, 658.2227500043216, 0, 0, 0]","[3653.1025416315497, 7491.661351723643, 15452.777249995679, 4029, 8102, 16111]","[4029, 8102, 16111, 4029, 8102, 16111]","[1017, 1918, 1462, 0, 0, 0]","[7.4339619712844405, 1.4815972060535505, 1.1665186263096623, 0.0, 0.0, 0.0]","[319.2886666666667, 254.5384, 400.81579999999997, 0, 0, 0]","[0.07426666666666668, 0.23919999999999994, 0.0596, 0, 0, 0]","[0.029733333333333334, 0.2265333333333334, 0.060399999999999995, 0, 0, 0]","[3975.711333333333, 16925.4616, 33959.1842, 4295, 17180, 34360]","[371.9257333333333, 359.7608, 376.48040000000003, 372.0, 360.0, 376.54]","[199.97026666666667, 304.77346666666665, 266.6896, 200.0, 305.0, 266.75]","[(11, 0.002183333333333333, 0.07203333333333334), (12, 0.0, 0.057472222222222216), (13, 0.0, 0.00531111111111111), (0, 0, 0), (0, 0, 0), (0, 0, 0)]","[(4015, 67.09781666666666, 10.037966666666666), (16093, 51.900000000000006, 6.132527777777777), (32199, 58.2, 11.634688888888888), (4026, 67.1, 10.11), (16105, 51.900000000000006, 6.1899999999999995), (32212, 58.2, 11.639999999999999)]","[4, 2, 0, 0, 0, 0]","[4, 2, 2, 0, 0, 0]"
693,"[26.8801191362621, 17.168600345593678, 11.296629631928496, 0.0, 0.0, 0.0]","[7, 6, 7, 0, 0, 0]","[460.19860919970233, 205.07072774262932, 807.562944558287, 0, 0, 0]","[3568.8013908002977, 7896.929272257371, 15303.437055441713, 4029, 8102, 16111]","[4029, 8102, 16111, 4029, 8102, 16111]","[1083, 1391, 1820, 0, 0, 0]","[7.045356616220409, 1.1291245634458675, 1.7468581684128834, 0.0, 0.0, 0.0]","[302.59806666666657, 193.98360000000002, 600.2204666666668, 0, 0, 0]","[0.009333333333333334, 0.24973333333333336, 0.029066666666666668, 0, 0, 0]","[0.0, 0.21706666666666666, 0.0716, 0, 0, 0]","[3992.4019333333335, 16986.0164, 33759.779533333334, 4295, 17180, 34360]","[371.99066666666664, 359.7502666666667, 376.51093333333336, 372.0, 360.0, 376.54]","[200.0, 304.78293333333335, 266.6784, 200.0, 305.0, 266.75]","[(13, 0.04858333333333333, 0.09857222222222221), (9, 0.00011666666666666667, 0.05524444444444445), (13, 0.0, 0.006049999999999999), (0, 0, 0), (0, 0, 0), (0, 0, 0)]","[(4013, 67.05141666666665, 10.011427777777778), (16096, 51.89988333333334, 6.134755555555555), (32199, 58.2, 11.633949999999999), (4026, 67.1, 10.11), (16105, 51.900000000000006, 6.1899999999999995), (32212, 58.2, 11.639999999999999)]","[4, 2, 0, 0, 0, 0]","[4, 2, 2, 0, 0, 0]"
694,"[34.07793497145693, 11.78721303381881, 13.152504500031034, 0.0, 0.0, 0.0]","[7, 3, 8, 0, 0, 0]","[525.4500806110696, 276.78596466826957, 1327.6530963007503, 0, 0, 0]","[3503.5499193889304, 7825.21403533173, 14783.34690369925, 4029, 8102, 16111]","[4029, 8102, 16111, 4029, 8102, 16111]","[1373, 955, 2119, 0, 0, 0]","[6.04338533178114, 0.4414734187039192, 0.9333183934807915, 0.0, 0.0, 0.0]","[259.56339999999994, 75.84513333333332, 320.6882, 0, 0, 0]","[0.0184, 0.0014666666666666667, 0.06826666666666667, 0, 0, 0]","[0.0004, 0.00026666666666666673, 0.031733333333333336, 0, 0, 0]","[4035.4366, 17104.154866666668, 34039.3118, 4295, 17180, 34360]","[371.9816, 359.99853333333334, 376.47173333333336, 372.0, 360.0, 376.54]","[199.9996, 304.9997333333333, 266.7182666666667, 200.0, 305.0, 266.75]","[(14, 1.666666666666667e-05, 0.018444444444444447), (5, 0.0, 0.00275), (16, 0.0, 0.004816666666666667), (0, 0, 0), (0, 0, 0), (0, 0, 0)]","[(4012, 67.09998333333333, 10.091555555555555), (16100, 51.900000000000006, 6.18725), (32196, 58.2, 11.635183333333332), (4026, 67.1, 10.11), (16105, 51.900000000000006, 6.1899999999999995), (32212, 58.2, 11.639999999999999)]","[6, 2, 0, 0, 0, 0]","[6, 4, 2, 0, 0, 0]"
695,"[49.640109208240254, 9.380399901258949, 13.506300043448574, 0.0, 0.0, 0.0]","[11, 2, 8, 0, 0, 0]","[819.7798062948123, 148.49013949233512, 1717.9185760872826, 0, 0, 0]","[3209.2201937051877, 7953.509860507665, 14393.081423912718, 4029, 8102, 16111]","[4029, 8102, 16111, 4029, 8102, 16111]","[2000, 760, 2176, 0, 0, 0]","[15.486422972448583, 0.15054637175009702, 0.828034148234381, 0.0, 0.0, 0.0]","[665.1418666666666, 25.863866666666667, 284.51253333333335, 0, 0, 0]","[0.020533333333333334, 0.0, 0.03986666666666667, 0, 0, 0]","[0.0033333333333333335, 0.0, 0.013733333333333332, 0, 0, 0]","[3629.858133333333, 17154.136133333333, 34075.487466666666, 4295, 17180, 34360]","[371.97946666666667, 360.0, 376.50013333333334, 372.0, 360.0, 376.54]","[199.99666666666667, 305.0, 266.73626666666667, 200.0, 305.0, 266.75]","[(20, 0.0037333333333333333, 0.020122222222222225), (4, 0.0, 0.002016666666666667), (16, 0.0, 0.004905555555555555), (0, 0, 0), (0, 0, 0), (0, 0, 0)]","[(4006, 67.09626666666666, 10.089877777777778), (16101, 51.900000000000006, 6.1879833333333325), (32196, 58.2, 11.635094444444443), (4026, 67.1, 10.11), (16105, 51.900000000000006, 6.1899999999999995), (32212, 58.2, 11.639999999999999)]","[6, 2, 0, 0, 0, 0]","[6, 4, 2, 0, 0, 0]"
696,"[29.709605361131796, 7.257467292026661, 14.62354912792502, 0.0, 0.0, 0.0]","[9, 4, 9, 0, 0, 0]","[547.3068193867795, 431.60376859543294, 952.5759872528786, 0, 0, 0]","[3481.6931806132206, 7670.3962314045675, 15158.424012747122, 4029, 8102, 16111]","[4029, 8102, 16111, 4029, 8102, 16111]","[1197, 588, 2356, 0, 0, 0]","[12.884330616996504, 0.3323756305781916, 1.1774577027551416, 0.0, 0.0, 0.0]","[553.3819999999998, 57.10213333333332, 404.57446666666664, 0, 0, 0]","[0.0052, 0.08893333333333332, 0.03986666666666667, 0, 0, 0]","[0.0061333333333333335, 0.0781333333333333, 0.014133333333333333, 0, 0, 0]","[3741.6180000000004, 17122.897866666666, 33955.425533333335, 4295, 17180, 34360]","[371.9948, 359.91106666666667, 376.50013333333334, 372.0, 360.0, 376.54]","[199.99386666666666, 304.9218666666667, 266.73586666666665, 200.0, 305.0, 266.75]","[(14, 0.00046666666666666666, 0.020344444444444446), (8, 0.0, 0.0019555555555555554), (17, 0.043783333333333334, 0.020322222222222228), (0, 0, 0), (0, 0, 0), (0, 0, 0)]","[(4012, 67.09953333333333, 10.089655555555556), (16097, 51.900000000000006, 6.188044444444444), (32195, 58.15621666666667, 11.619677777777776), (4026, 67.1, 10.11), (16105, 51.900000000000006, 6.1899999999999995), (32212, 58.2, 11.639999999999999)]","[0, 0, 0, 0, 0, 0]","[0, 0, 0, 0, 0, 0]"
697,"[17.54777860511293, 18.057269809923476, 7.733846440320279, 0.0, 0.0, 0.0]","[5, 9, 5, 0, 0, 0]","[491.60454273348813, 1178.6062040985144, 589.7720262054612, 0, 0, 0]","[3537.395457266512, 6923.393795901486, 15521.22797379454, 4029, 8102, 16111]","[4029, 8102, 16111, 4029, 8102, 16111]","[707, 1463, 1246, 0, 0, 0]","[8.345432673651532, 0.9264342258440047, 1.306140279394645, 0.0, 0.0, 0.0]","[358.43633333333327, 159.16140000000001, 448.7898, 0, 0, 0]","[0.0054666666666666665, 0.08986666666666668, 0.021066666666666664, 0, 0, 0]","[0.006, 0.07666666666666666, 0.013733333333333332, 0, 0, 0]","[3936.563666666667, 17020.8386, 33911.2102, 4295, 17180, 34360]","[371.9945333333333, 359.9101333333333, 376.51893333333334, 372.0, 360.0, 376.54]","[199.994, 304.92333333333335, 266.73626666666667, 200.0, 305.0, 266.75]","[(9, 0.00026666666666666673, 0.0035555555555555557), (20, 0.008966666666666666, 0.006227777777777779), (9, 0.0, 0.002788888888888889), (0, 0, 0), (0, 0, 0), (0, 0, 0)]","[(4017, 67.09973333333333, 10.106444444444444), (16085, 51.89103333333334, 6.183772222222221), (32203, 58.2, 11.63721111111111), (4026, 67.1, 10.11), (16105, 51.900000000000006, 6.1899999999999995), (32212, 58.2, 11.639999999999999)]","[0, 0, 0, 0, 0, 0]","[0, 0, 0, 0, 0, 0]"
698,"[20.65028543062795, 18.2177240187608, 7.044876171559804, 0.0, 0.0, 0.0]","[6, 9, 4, 0, 0, 0]","[438.4322251506434, 751.8280605499862, 256.58899181789894, 0, 0, 0]","[3590.5677748493567, 7350.171939450014, 15854.411008182102, 4029, 8102, 16111]","[4029, 8102, 16111, 4029, 8102, 16111]","[832, 1476, 1135, 0, 0, 0]","[4.616204889406286, 0.8964249126891733, 0.602208381839348, 0.0, 0.0, 0.0]","[198.266, 154.0058, 206.91879999999998, 0, 0, 0]","[0.022800000000000004, 0.012666666666666666, 0.027466666666666667, 0, 0, 0]","[0.0412, 0.0056, 0.00026666666666666673, 0, 0, 0]","[4096.734, 17025.9942, 34153.0812, 4295, 17180, 34360]","[371.9772, 359.9873333333333, 376.51253333333335, 372.0, 360.0, 376.54]","[199.9588, 304.9944, 266.7497333333333, 200.0, 305.0, 266.75]","[(10, 0.0012833333333333332, 0.007994444444444445), (22, 0.0, 0.002966666666666667), (8, 0.0, 0.003022222222222222), (0, 0, 0), (0, 0, 0), (0, 0, 0)]","[(4016, 67.09871666666666, 10.102005555555555), (16083, 51.900000000000006, 6.187033333333333), (32204, 58.2, 11.636977777777776), (4026, 67.1, 10.11), (16105, 51.900000000000006, 6.1899999999999995), (32212, 58.2, 11.639999999999999)]","[0, 0, 0, 0, 0, 0]","[0, 0, 0, 0, 0, 0]"
699,"[19.13626209977662, 13.367069859294, 8.726956737632674, 0.0, 0.0, 0.0]","[7, 7, 5, 0, 0, 0]","[442.9678909163329, 731.0864254214844, 819.4701152100605, 0, 0, 0]","[3586.032109083667, 7370.913574578515, 15291.52988478994, 4029, 8102, 16111]","[4029, 8102, 16111, 4029, 8102, 16111]","[771, 1083, 1406, 0, 0, 0]","[6.19292200232829, 1.4114101668606907, 0.19123690337601865, 0.0, 0.0, 0.0]","[265.98600000000005, 242.48026666666667, 65.709, 0, 0, 0]","[0.013866666666666668, 0.01813333333333333, 0.009733333333333333, 0, 0, 0]","[0.012266666666666667, 0.0004000000000000001, 0.0, 0, 0, 0]","[4029.014, 16937.519733333334, 34294.291, 4295, 17180, 34360]","[371.9861333333333, 359.9818666666667, 376.5302666666667, 372.0, 360.0, 376.54]","[199.98773333333332, 304.9996, 266.75, 200.0, 305.0, 266.75]","[(13, 0.0, 0.01103888888888889), (20, 0.0, 0.004699999999999999), (8, 5e-05, 0.0017499999999999998), (0, 0, 0), (0, 0, 0), (0, 0, 0)]","[(4013, 67.1, 10.09896111111111), (16085, 51.900000000000006, 6.1853), (32204, 58.19995, 11.63825), (4026, 67.1, 10.11), (16105, 51.900000000000006, 6.1899999999999995), (32212, 58.2, 11.639999999999999)]","[0, 0, 0, 0, 0, 0]","[0, 0, 0, 0, 0, 0]"
700,"[19.061801935964258, 12.354974080473957, 11.513872509465582, 0.0, 0.0, 0.0]","[7, 6, 7, 0, 0, 0]","[497.2080573778526, 865.8905423962829, 722.1539575348593, 0, 0, 0]","[3531.7919426221474, 7236.109457603718, 15388.84604246514, 4029, 8102, 16111]","[4029, 8102, 16111, 4029, 8102, 16111]","[768, 1001, 1855, 0, 0, 0]","[5.165497865735352, 1.5072863795110591, 0.26053492433061703, 0.0, 0.0, 0.0]","[221.85813333333337, 258.9518, 89.5198, 0, 0, 0]","[0.027066666666666666, 0.0488, 0.009466666666666667, 0, 0, 0]","[0.0448, 0.04173333333333333, 0.0, 0, 0, 0]","[4073.141866666667, 16921.0482, 34270.4802, 4295, 17180, 34360]","[371.97293333333334, 359.9512, 376.5305333333334, 372.0, 360.0, 376.54]","[199.9552, 304.95826666666665, 266.75, 200.0, 305.0, 266.75]","[(14, 1.666666666666667e-05, 0.008044444444444443), (15, 0.0012, 0.05928888888888889), (12, 0.0, 0.001494444444444444), (0, 0, 0), (0, 0, 0), (0, 0, 0)]","[(4012, 67.09998333333333, 10.101955555555556), (16090, 51.89880000000001, 6.13071111111111), (32200, 58.2, 11.638505555555554), (4026, 67.1, 10.11), (16105, 51.900000000000006, 6.1899999999999995), (32212, 58.2, 11.639999999999999)]","[0, 0, 0, 0, 0, 0]","[0, 0, 0, 0, 0, 0]"
701,"[17.34921816827997, 16.205875092569734, 8.21798771026007, 0.0, 0.0, 0.0]","[6, 8, 5, 0, 0, 0]","[305.22622862169266, 472.14070786754394, 245.52182403490096, 0, 0, 0]","[3723.773771378307, 7629.859292132456, 15865.4781759651, 4029, 8102, 16111]","[4029, 8102, 16111, 4029, 8102, 16111]","[699, 1313, 1324, 0, 0, 0]","[5.354727202173069, 1.4358199456732632, 0.2101843228560341, 0.0, 0.0, 0.0]","[229.98553333333334, 246.67386666666664, 72.21933333333332, 0, 0, 0]","[0.018933333333333333, 0.04893333333333333, 0.04999999999999999, 0, 0, 0]","[0.008533333333333334, 0.03133333333333333, 0.041466666666666666, 0, 0, 0]","[4065.0144666666665, 16933.326133333332, 34287.780666666666, 4295, 17180, 34360]","[371.98106666666666, 359.9510666666667, 376.49, 372.0, 360.0, 376.54]","[199.99146666666667, 304.96866666666665, 266.7085333333333, 200.0, 305.0, 266.75]","[(12, 0.0, 0.005216666666666666), (20, 0.00013333333333333334, 0.057266666666666674), (8, 0.0, 0.0012555555555555558), (0, 0, 0), (0, 0, 0), (0, 0, 0)]","[(4014, 67.1, 10.104783333333332), (16085, 51.899866666666675, 6.1327333333333325), (32204, 58.2, 11.638744444444443), (4026, 67.1, 10.11), (16105, 51.900000000000006, 6.1899999999999995), (32212, 58.2, 11.639999999999999)]","[0, 0, 0, 0, 0, 0]","[0, 0, 0, 0, 0, 0]"
702,"[18.540580789277737, 12.972105652925203, 8.2924709825585, 0.0, 0.0, 0.0]","[5, 7, 5, 0, 0, 0]","[583.7026595551811, 970.5994522935399, 582.4735921563502, 0, 0, 0]","[3445.297340444819, 7131.40054770646, 15528.52640784365, 4029, 8102, 16111]","[4029, 8102, 16111, 4029, 8102, 16111]","[747, 1051, 1336, 0, 0, 0]","[4.431079549864184, 1.3232883197516492, 3.3509251067132326, 0.0, 0.0, 0.0]","[190.3148666666667, 227.34093333333334, 1151.3778666666667, 0, 0, 0]","[1.1746666666666667, 0.05413333333333334, 0.0188, 0, 0, 0]","[1.1564, 0.039466666666666664, 0.009866666666666666, 0, 0, 0]","[4104.685133333333, 16952.659066666667, 33208.62213333333, 4295, 17180, 34360]","[370.82533333333333, 359.9458666666667, 376.5212, 372.0, 360.0, 376.54]","[198.8436, 304.96053333333333, 266.74013333333335, 200.0, 305.0, 266.75]","[(9, 0.008966666666666666, 0.00568888888888889), (13, 3.3333333333333335e-05, 0.05892777777777777), (11, 0.0, 0.0013333333333333333), (0, 0, 0), (0, 0, 0), (0, 0, 0)]","[(4017, 67.09103333333333, 10.10431111111111), (16092, 51.89996666666667, 6.131072222222222), (32201, 58.2, 11.638666666666666), (4026, 67.1, 10.11), (16105, 51.900000000000006, 6.1899999999999995), (32212, 58.2, 11.639999999999999)]","[0, 0, 0, 0, 0, 0]","[0, 0, 0, 0, 0, 0]"
703,"[25.515016133035495, 15.51468773142434, 6.660045931351251, 0.0, 0.0, 0.0]","[7, 8, 4, 0, 0, 0]","[637.3220053938859, 753.9033432601984, 218.18071692845038, 0, 0, 0]","[3391.677994606114, 7348.096656739802, 15892.819283071549, 4029, 8102, 16111]","[4029, 8102, 16111, 4029, 8102, 16111]","[1028, 1257, 1073, 0, 0, 0]","[3.0211470702367094, 1.341593325572371, 3.2067316647264255, 0.0, 0.0, 0.0]","[129.75826666666666, 230.48573333333334, 1101.8329999999999, 0, 0, 0]","[0.032933333333333335, 0.057333333333333326, 0.009866666666666668, 0, 0, 0]","[0.0236, 0.04613333333333333, 0.0005333333333333334, 0, 0, 0]","[4165.241733333333, 16949.514266666665, 33258.167, 4295, 17180, 34360]","[371.96706666666665, 359.94266666666664, 376.53013333333337, 372.0, 360.0, 376.54]","[199.9764, 304.95386666666667, 266.74946666666665, 200.0, 305.0, 266.75]","[(14, 0.0, 0.0017888888888888887), (15, 0.0, 0.08373888888888889), (9, 0.0, 0.001161111111111111), (0, 0, 0), (0, 0, 0), (0, 0, 0)]","[(4012, 67.1, 10.10821111111111), (16090, 51.900000000000006, 6.1062611111111105), (32203, 58.2, 11.638838888888888), (4026, 67.1, 10.11), (16105, 51.900000000000006, 6.1899999999999995), (32212, 58.2, 11.639999999999999)]","[0, 0, 0, 0, 0, 0]","[0, 0, 0, 0, 0, 0]"
704,"[29.560685033507074, 16.48975561589731, 4.686239215442865, 0.0, 0.0, 0.0]","[9, 8, 3, 0, 0, 0]","[833.4245018932442, 757.2514464864345, 399.7356462309406, 0, 0, 0]","[3195.5754981067557, 7344.748553513566, 15711.26435376906, 4029, 8102, 16111]","[4029, 8102, 16111, 4029, 8102, 16111]","[1191, 1336, 755, 0, 0, 0]","[4.247954986418317, 0.6965102832751261, 1.3961641443539, 0.0, 0.0, 0.0]","[182.4496666666667, 119.66046666666666, 479.72200000000004, 0, 0, 0]","[0.11373333333333333, 0.018666666666666665, 9.615466666666666, 0, 0, 0]","[0.09386666666666664, 0.028133333333333333, 0.051466666666666674, 0, 0, 0]","[4112.550333333334, 17060.339533333332, 33880.278, 4295, 17180, 34360]","[371.88626666666664, 359.98133333333334, 366.92453333333333, 372.0, 360.0, 376.54]","[199.90613333333334, 304.97186666666664, 266.69853333333333, 200.0, 305.0, 266.75]","[(15, 0.0, 0.003227777777777778), (16, 0.0, 0.0022444444444444443), (5, 0.0, 0.0050999999999999995), (0, 0, 0), (0, 0, 0), (0, 0, 0)]","[(4011, 67.1, 10.106772222222222), (16089, 51.900000000000006, 6.1877555555555555), (32207, 58.2, 11.634899999999998), (4026, 67.1, 10.11), (16105, 51.900000000000006, 6.1899999999999995), (32212, 58.2, 11.639999999999999)]","[0, 0, 0, 0, 0, 0]","[0, 0, 0, 0, 0, 0]"
705,"[39.166046165301566, 12.63885460380153, 5.8903854509341445, 0.0, 0.0, 0.0]","[11, 6, 4, 0, 0, 0]","[711.1969637973554, 317.0470170504968, 716.8230366814955, 0, 0, 0]","[3317.8030362026448, 7784.952982949503, 15394.176963318505, 4029, 8102, 16111]","[4029, 8102, 16111, 4029, 8102, 16111]","[1578, 1024, 949, 0, 0, 0]","[5.677150174621652, 0.5410962359332557, 1.168045595653861, 0.0, 0.0, 0.0]","[243.8336, 92.96033333333332, 401.34046666666666, 0, 0, 0]","[0.11213333333333333, 0.017066666666666667, 3.8473333333333333, 0, 0, 0]","[0.08386666666666667, 0.023733333333333332, 0.049999999999999996, 0, 0, 0]","[4051.1664, 17087.039666666667, 33958.65953333333, 4295, 17180, 34360]","[371.88786666666664, 359.98293333333334, 372.6926666666667, 372.0, 360.0, 376.54]","[199.91613333333333, 304.9762666666667, 266.7, 200.0, 305.0, 266.75]","[(21, 0.0004999999999999999, 0.0037611111111111113), (11, 0.0, 0.0018277777777777778), (6, 0.0, 0.006705555555555555), (0, 0, 0), (0, 0, 0), (0, 0, 0)]","[(4005, 67.09949999999999, 10.106238888888889), (16094, 51.900000000000006, 6.188172222222222), (32206, 58.2, 11.633294444444443), (4026, 67.1, 10.11), (16105, 51.900000000000006, 6.1899999999999995), (32212, 58.2, 11.639999999999999)]","[0, 0, 0, 0, 0, 0]","[0, 0, 0, 0, 0, 0]"
706,"[26.110697443534374, 19.377931374969144, 10.738005089690274, 0.0, 0.0, 0.0]","[8, 8, 7, 0, 0, 0]","[518.2338990639402, 1035.8893273486015, 1301.6506544403746, 0, 0, 0]","[3510.76610093606, 7066.110672651399, 14809.349345559625, 4029, 8102, 16111]","[4029, 8102, 16111, 4029, 8102, 16111]","[1052, 1570, 1730, 0, 0, 0]","[4.147234769111369, 3.5498459448971675, 1.6675083430345363, 0.0, 0.0, 0.0]","[178.12373333333332, 609.8635333333334, 572.9558666666667, 0, 0, 0]","[0.08613333333333333, 8.273599999999998, 7.6724, 0, 0, 0]","[0.06733333333333333, 8.3048, 0.10746666666666665, 0, 0, 0]","[4116.876266666667, 16570.136466666667, 33787.04413333334, 4295, 17180, 34360]","[371.91386666666665, 351.7264, 368.86760000000004, 372.0, 360.0, 376.54]","[199.93266666666668, 296.6952, 266.64253333333335, 200.0, 305.0, 266.75]","[(17, 0.019533333333333337, 0.0026499999999999996), (17, 0.0, 0.00115), (14, 0.0003833333333333333, 0.007977777777777778), (0, 0, 0), (0, 0, 0), (0, 0, 0)]","[(4009, 67.08046666666667, 10.10735), (16088, 51.900000000000006, 6.1888499999999995), (32198, 58.19961666666667, 11.63202222222222), (4026, 67.1, 10.11), (16105, 51.900000000000006, 6.1899999999999995), (32212, 58.2, 11.639999999999999)]","[0, 0, 0, 0, 0, 0]","[0, 0, 0, 0, 0, 0]"
707,"[22.338049143708115, 21.414465564058258, 13.21457389361306, 0.0, 0.0, 0.0]","[7, 8, 8, 0, 0, 0]","[352.47225857057083, 992.2726083421164, 1436.3655033191917, 0, 0, 0]","[3676.527741429429, 7109.727391657883, 14674.634496680808, 4029, 8102, 16111]","[4029, 8102, 16111, 4029, 8102, 16111]","[900, 1735, 2129, 0, 0, 0]","[4.04652852153667, 3.8771610399689562, 4.928030655801319, 0.0, 0.0, 0.0]","[173.7984, 666.0962666666667, 1693.2713333333331, 0, 0, 0]","[0.08426666666666667, 24.80693333333334, 14.348399999999998, 0, 0, 0]","[0.06493333333333333, 24.74173333333333, 8.395733333333334, 0, 0, 0]","[4121.2016, 16513.903733333333, 32666.728666666666, 4295, 17180, 34360]","[371.9157333333333, 335.19306666666665, 362.1916, 372.0, 360.0, 376.54]","[199.93506666666667, 280.25826666666666, 258.35426666666666, 200.0, 305.0, 266.75]","[(15, 0.0, 0.002816666666666667), (16, 0.0030666666666666663, 0.0609), (18, 1.666666666666667e-05, 0.007594444444444444), (0, 0, 0), (0, 0, 0), (0, 0, 0)]","[(4011, 67.1, 10.107183333333333), (16089, 51.89693333333334, 6.129099999999999), (32194, 58.199983333333336, 11.632405555555554), (4026, 67.1, 10.11), (16105, 51.900000000000006, 6.1899999999999995), (32212, 58.2, 11.639999999999999)]","[0, 0, 0, 0, 0, 0]","[0, 0, 0, 0, 0, 0]"
708,"[14.594192107222636, 22.117995556652676, 15.15113897337223, 0.0, 0.0, 0.0]","[5, 9, 9, 0, 0, 0]","[185.67433171539503, 1044.851695428606, 1452.87400402945, 0, 0, 0]","[3843.325668284605, 7057.148304571394, 14658.12599597055, 4029, 8102, 16111]","[4029, 8102, 16111, 4029, 8102, 16111]","[588, 1792, 2441, 0, 0, 0]","[2.337570818781529, 1.768475358944509, 7.7966600698486594, 0.0, 0.0, 0.0]","[100.39866666666667, 303.8240666666667, 2678.9323999999997, 0, 0, 0]","[0.07706666666666666, 21.071866666666665, 24.400800000000007, 0, 0, 0]","[0.07533333333333331, 21.149199999999997, 24.285066666666662, 0, 0, 0]","[4194.601333333333, 16876.175933333332, 31681.067600000002, 4295, 17180, 34360]","[371.92293333333333, 338.92813333333334, 352.1392, 372.0, 360.0, 376.54]","[199.92466666666667, 283.8508, 242.46493333333333, 200.0, 305.0, 266.75]","[(9, 0.0, 0.0005611111111111112), (17, 0.005266666666666665, 0.08393888888888891), (20, 0.0, 0.03141666666666666), (0, 0, 0), (0, 0, 0), (0, 0, 0)]","[(4017, 67.1, 10.109438888888889), (16088, 51.89473333333334, 6.106061111111111), (32192, 58.2, 11.608583333333332), (4026, 67.1, 10.11), (16105, 51.900000000000006, 6.1899999999999995), (32212, 58.2, 11.639999999999999)]","[0, 0, 0, 0, 0, 0]","[0, 0, 0, 0, 0, 0]"
709,"[21.940928270042196, 25.660330782522834, 13.586990255105208, 0.0, 0.0, 0.0]","[7, 10, 8, 0, 0, 0]","[457.828329981034, 1169.8413294722477, 1528.449131827029, 0, 0, 0]","[3571.171670018966, 6932.158670527752, 14582.550868172972, 4029, 8102, 16111]","[4029, 8102, 16111, 4029, 8102, 16111]","[884, 2079, 2189, 0, 0, 0]","[10.551788901823828, 1.5444058983313933, 10.48740454016298, 0.0, 0.0, 0.0]","[453.1993333333334, 265.32893333333334, 3603.4722, 0, 0, 0]","[0.06999999999999999, 23.301733333333335, 20.5488, 0, 0, 0]","[0.10053333333333334, 23.4436, 20.60733333333333, 0, 0, 0]","[3841.8006666666665, 16914.671066666666, 30756.5278, 4295, 17180, 34360]","[371.93, 336.69826666666665, 355.99120000000005, 372.0, 360.0, 376.54]","[199.89946666666665, 281.5564, 246.14266666666668, 200.0, 305.0, 266.75]","[(9, 0.06211666666666666, 0.037461111111111105), (18, 0.00035, 0.028988888888888883), (18, 1.666666666666667e-05, 0.0039722222222222225), (0, 0, 0), (0, 0, 0), (0, 0, 0)]","[(4017, 67.03788333333333, 10.072538888888888), (16087, 51.89965000000001, 6.161011111111111), (32194, 58.199983333333336, 11.636027777777777), (4026, 67.1, 10.11), (16105, 51.900000000000006, 6.1899999999999995), (32212, 58.2, 11.639999999999999)]","[0, 0, 0, 0, 0, 0]","[0, 0, 0, 0, 0, 0]"
710,"[27.302060064532142, 18.452234016292273, 16.65942523741543, 0.0, 0.0, 0.0]","[9, 8, 10, 0, 0, 0]","[680.8317766278465, 790.4038563935043, 1516.1639900192797, 0, 0, 0]","[3348.1682233721535, 7311.596143606495, 14594.83600998072, 4029, 8102, 16111]","[4029, 8102, 16111, 4029, 8102, 16111]","[1100, 1495, 2684, 0, 0, 0]","[10.810157547535896, 1.0983480791618159, 7.048350989522702, 0.0, 0.0, 0.0]","[464.2962666666667, 188.69619999999998, 2421.8134000000005, 0, 0, 0]","[1.2230666666666667, 0.10586666666666666, 21.92666666666667, 0, 0, 0]","[1.2190666666666667, 0.20013333333333336, 21.98186666666667, 0, 0, 0]","[3830.7037333333333, 16991.3038, 31938.1866, 4295, 17180, 34360]","[370.7769333333333, 359.89413333333334, 354.61333333333334, 372.0, 360.0, 376.54]","[198.78093333333334, 304.7998666666667, 244.76813333333334, 200.0, 305.0, 266.75]","[(13, 0.029699999999999994, 0.02733888888888888), (15, 0.09475, 0.04550555555555555), (23, 3.333333333333334e-05, 0.01651111111111111), (0, 0, 0), (0, 0, 0), (0, 0, 0)]","[(4013, 67.07029999999999, 10.082661111111111), (16090, 51.80525000000001, 6.144494444444444), (32189, 58.19996666666667, 11.623488888888888), (4026, 67.1, 10.11), (16105, 51.900000000000006, 6.1899999999999995), (32212, 58.2, 11.639999999999999)]","[0, 0, 0, 0, 0, 0]","[0, 0, 0, 0, 0, 0]"
711,"[33.43261355174981, 14.83584300172797, 15.368381850909316, 0.0, 0.0, 0.0]","[11, 7, 9, 0, 0, 0]","[775.8007095409877, 519.8548148815547, 661.723869514185, 0, 0, 0]","[3253.1992904590124, 7582.145185118446, 15449.276130485814, 4029, 8102, 16111]","[4029, 8102, 16111, 4029, 8102, 16111]","[1347, 1202, 2476, 0, 0, 0]","[15.683760962359331, 1.091484284051222, 7.032074505238651, 0.0, 0.0, 0.0]","[673.6175333333332, 187.51699999999994, 2416.2208, 0, 0, 0]","[1.1798666666666664, 0.10586666666666666, 22.020000000000003, 0, 0, 0]","[1.1978666666666669, 0.19946666666666665, 22.07066666666667, 0, 0, 0]","[3621.382466666667, 16992.483, 31943.7792, 4295, 17180, 34360]","[370.82013333333333, 359.89413333333334, 354.52000000000004, 372.0, 360.0, 376.54]","[198.80213333333333, 304.8005333333333, 244.67933333333332, 200.0, 305.0, 266.75]","[(17, 0.0308, 0.04340555555555556), (13, 0.0006, 0.02773888888888889), (20, 0.04671666666666667, 0.006299999999999999), (0, 0, 0), (0, 0, 0), (0, 0, 0)]","[(4009, 67.0692, 10.066594444444444), (16092, 51.89940000000001, 6.1622611111111105), (32192, 58.153283333333334, 11.6337), (4026, 67.1, 10.11), (16105, 51.900000000000006, 6.1899999999999995), (32212, 58.2, 11.639999999999999)]","[0, 0, 0, 0, 0, 0]","[0, 0, 0, 0, 0, 0]"
712,"[25.93695706130553, 13.29301407059985, 12.171808081435044, 0.0, 0.0, 0.0]","[9, 7, 7, 0, 0, 0]","[641.0156349837166, 503.0267156006741, 916.1340806256537, 0, 0, 0]","[3387.9843650162834, 7598.973284399326, 15194.865919374346, 4029, 8102, 16111]","[4029, 8102, 16111, 4029, 8102, 16111]","[1045, 1077, 1961, 0, 0, 0]","[11.856918897943343, 0.5523434225844005, 0.7266837407838572, 0.0, 0.0, 0.0]","[509.2546666666666, 94.8926, 249.68853333333334, 0, 0, 0]","[0.06853333333333332, 0.015600000000000001, 0.019733333333333332, 0, 0, 0]","[0.06413333333333332, 0.0054666666666666665, 0.056533333333333324, 0, 0, 0]","[3785.7453333333333, 17085.1074, 34110.311466666666, 4295, 17180, 34360]","[371.93146666666667, 359.9844, 376.5202666666667, 372.0, 360.0, 376.54]","[199.93586666666667, 304.9945333333333, 266.69346666666667, 200.0, 305.0, 266.75]","[(16, 0.09564999999999999, 0.04806666666666667), (14, 0.0, 0.003016666666666666), (15, 0.0, 0.004755555555555556), (0, 0, 0), (0, 0, 0), (0, 0, 0)]","[(4010, 67.00434999999999, 10.061933333333332), (16091, 51.900000000000006, 6.186983333333333), (32197, 58.2, 11.635244444444444), (4026, 67.1, 10.11), (16105, 51.900000000000006, 6.1899999999999995), (32212, 58.2, 11.639999999999999)]","[0, 0, 0, 0, 0, 0]","[0, 0, 0, 0, 0, 0]"
713,"[28.245222139488707, 13.453468279437175, 13.711129042269258, 0.0, 0.0, 0.0]","[9, 7, 8, 0, 0, 0]","[730.6058893539896, 764.266928302121, 1289.3405491294259, 0, 0, 0]","[3298.3941106460106, 7337.7330716978795, 14821.659450870575, 4029, 8102, 16111]","[4029, 8102, 16111, 4029, 8102, 16111]","[1138, 1090, 2209, 0, 0, 0]","[6.083031431897556, 0.9948478851377569, 1.1616833527357393, 0.0, 0.0, 0.0]","[261.2662, 170.91486666666665, 399.15440000000007, 0, 0, 0]","[0.07853333333333333, 0.021333333333333333, 0.08426666666666667, 0, 0, 0]","[0.06426666666666667, 0.012533333333333334, 0.09266666666666667, 0, 0, 0]","[4033.7338, 17009.085133333334, 33960.8456, 4295, 17180, 34360]","[371.9214666666667, 359.97866666666664, 376.45573333333334, 372.0, 360.0, 376.54]","[199.93573333333333, 304.98746666666665, 266.6573333333333, 200.0, 305.0, 266.75]","[(18, 1.666666666666667e-05, 0.0034166666666666664), (17, 1.666666666666667e-05, 0.004333333333333334), (20, 0.03996666666666667, 0.02012777777777778), (0, 0, 0), (0, 0, 0), (0, 0, 0)]","[(4008, 67.09998333333333, 10.106583333333333), (16088, 51.89998333333334, 6.185666666666666), (32192, 58.16003333333334, 11.61987222222222), (4026, 67.1, 10.11), (16105, 51.900000000000006, 6.1899999999999995), (32212, 58.2, 11.639999999999999)]","[0, 0, 0, 0, 0, 0]","[0, 0, 0, 0, 0, 0]"
714,"[26.5078183172003, 18.2670945445569, 13.394575135000931, 0.0, 0.0, 0.0]","[9, 9, 6, 0, 0, 0]","[460.7094316082199, 854.3695395841678, 647.3248008493223, 0, 0, 0]","[3568.29056839178, 7247.630460415832, 15463.675199150677, 4029, 8102, 16111]","[4029, 8102, 16111, 4029, 8102, 16111]","[1068, 1480, 2158, 0, 0, 0]","[6.428552913132657, 1.4851579355840128, 0.5346835467597983, 0.0, 0.0, 0.0]","[276.1063476190476, 255.15013333333337, 183.7172666666667, 0, 0, 0]","[0.05213333333333333, 0.038400000000000004, 0.06933333333333334, 0, 0, 0]","[0.038266666666666664, 0.010266666666666667, 0.059199999999999996, 0, 0, 0]","[4018.8936523809525, 16924.849866666667, 34176.28273333333, 4295, 17180, 34360]","[371.94786666666664, 359.9616, 376.47066666666666, 372.0, 360.0, 376.54]","[199.96173333333334, 304.98973333333333, 266.6908, 200.0, 305.0, 266.75]","[(16, 0.00023333333333333333, 0.003595238095238095), (21, 0.008966666666666666, 0.009183333333333335), (14, 0.0, 0.005427777777777777), (0, 0, 0), (0, 0, 0), (0, 0, 0)]","[(4010, 67.09976666666667, 10.106404761904761), (16084, 51.89103333333334, 6.180816666666666), (32198, 58.2, 11.634572222222221), (4026, 67.1, 10.11), (16105, 51.900000000000006, 6.1899999999999995), (32212, 58.2, 11.639999999999999)]","[0, 0, 2, 0, 0, 0]","[2, 0, 0, 0, 0, 0]"
715,"[20.625465376023826, 25.40113552209331, 12.053876233629197, 0.0, 0.0, 0.0]","[7, 11, 5, 0, 0, 0]","[332.7345718292494, 1157.478050496597, 538.0479621129399, 0, 0, 0]","[3696.2654281707505, 6944.521949503403, 15572.95203788706, 4029, 8102, 16111]","[4029, 8102, 16111, 4029, 8102, 16111]","[831, 2058, 1942, 0, 0, 0]","[2.955808747713288, 1.2674571206829643, 0.6529379123011252, 0.0, 0.0, 0.0]","[126.95198571428571, 217.7491333333333, 224.34946666666664, 0, 0, 0]","[0.03053333333333333, 0.019733333333333332, 0.06653333333333333, 0, 0, 0]","[0.021066666666666664, 0.008666666666666666, 0.06493333333333334, 0, 0, 0]","[4168.048014285714, 16962.250866666665, 34135.65053333333, 4295, 17180, 34360]","[371.9694666666667, 359.9802666666667, 376.4734666666667, 372.0, 360.0, 376.54]","[199.97893333333334, 304.99133333333333, 266.68506666666667, 200.0, 305.0, 266.75]","[(13, 0.0, 0.0013234126984126983), (24, 0.0, 0.005688888888888888), (12, 0.0, 0.007561111111111111), (0, 0, 0), (0, 0, 0), (0, 0, 0)]","[(4013, 67.1, 10.108676587301586), (16081, 51.900000000000006, 6.184311111111111), (32200, 58.2, 11.632438888888888), (4026, 67.1, 10.11), (16105, 51.900000000000006, 6.1899999999999995), (32212, 58.2, 11.639999999999999)]","[0, 0, 2, 0, 0, 0]","[2, 0, 0, 0, 0, 0]"
716,"[21.39488706875155, 24.006418168353495, 15.02700018620818, 0.0, 0.0, 0.0]","[6, 10, 7, 0, 0, 0]","[315.75501277397046, 1131.1748049285707, 1285.7617609596584, 0, 0, 0]","[3713.2449872260295, 6970.825195071429, 14825.238239040342, 4029, 8102, 16111]","[4029, 8102, 16111, 4029, 8102, 16111]","[862, 1945, 2421, 0, 0, 0]","[3.1411982925882813, 2.869629414047342, 1.970140279394645, 0.0, 0.0, 0.0]","[134.91446666666667, 493.0023333333333, 676.9402, 0, 0, 0]","[0.02026666666666667, 0.029599999999999998, 1.0730666666666668, 0, 0, 0]","[0.011599999999999997, 0.006533333333333334, 0.32600000000000007, 0, 0, 0]","[4160.085533333333, 16686.997666666666, 33683.0598, 4295, 17180, 34360]","[371.97973333333334, 359.9704, 375.4669333333334, 372.0, 360.0, 376.54]","[199.9884, 304.9934666666667, 266.424, 200.0, 305.0, 266.75]","[(11, 3.3333333333333335e-05, 0.0012333333333333332), (23, 0.0037166666666666667, 0.0074444444444444445), (13, 0.0, 0.05758333333333333), (0, 0, 0), (0, 0, 0), (0, 0, 0)]","[(4015, 67.09996666666666, 10.108766666666666), (16082, 51.896283333333336, 6.182555555555555), (32199, 58.2, 11.582416666666665), (4026, 67.1, 10.11), (16105, 51.900000000000006, 6.1899999999999995), (32212, 58.2, 11.639999999999999)]","[2, 0, 2, 0, 0, 0]","[2, 0, 0, 0, 0, 0]"
717,"[31.844130057086122, 18.254751913107874, 18.24840171311526, 0.0, 0.0, 0.0]","[9, 8, 9, 0, 0, 0]","[425.0081783500277, 1132.7656947784642, 1363.853456193602, 0, 0, 0]","[3603.9918216499723, 6969.234305221536, 14747.146543806399, 4029, 8102, 16111]","[4029, 8102, 16111, 4029, 8102, 16111]","[1283, 1479, 2940, 0, 0, 0]","[9.406379511059372, 2.916172681412495, 2.25674621653085, 0.0, 0.0, 0.0]","[404.004, 500.99846666666656, 775.418, 0, 0, 0]","[0.046, 0.029733333333333334, 0.03506666666666666, 0, 0, 0]","[0.027466666666666664, 0.006, 0.0676, 0, 0, 0]","[3890.996, 16679.001533333332, 33584.582, 4295, 17180, 34360]","[371.954, 359.97026666666665, 376.5049333333333, 372.0, 360.0, 376.54]","[199.97253333333333, 304.994, 266.6824, 200.0, 305.0, 266.75]","[(17, 0.0, 0.003927777777777777), (19, 0.0004, 0.006166666666666666), (17, 0.00065, 0.02942222222222222), (0, 0, 0), (0, 0, 0), (0, 0, 0)]","[(4009, 67.1, 10.106072222222222), (16086, 51.89960000000001, 6.183833333333332), (32195, 58.19935, 11.610577777777777), (4026, 67.1, 10.11), (16105, 51.900000000000006, 6.1899999999999995), (32212, 58.2, 11.639999999999999)]","[2, 0, 2, 0, 0, 0]","[2, 0, 0, 0, 0, 0]"
718,"[24.47257383966245, 26.005924463095532, 17.68357023151884, 0.0, 0.0, 0.0]","[7, 11, 7, 0, 0, 0]","[373.8214185907832, 1254.743043740783, 727.9700588394059, 0, 0, 0]","[3655.178581409217, 6847.256956259217, 15383.029941160594, 4029, 8102, 16111]","[4029, 8102, 16111, 4029, 8102, 16111]","[986, 2107, 2849, 0, 0, 0]","[7.408526193247962, 5.077807528133487, 2.178930733410943, 0.0, 0.0, 0.0]","[318.1962, 872.3673333333331, 748.6805999999999, 0, 0, 0]","[0.029066666666666668, 0.031466666666666664, 0.026933333333333333, 0, 0, 0]","[0.012133333333333333, 0.0092, 0.04546666666666666, 0, 0, 0]","[3976.8038, 16307.632666666666, 33611.3194, 4295, 17180, 34360]","[371.97093333333333, 359.9685333333333, 376.5130666666667, 372.0, 360.0, 376.54]","[199.98786666666666, 304.9908, 266.70453333333336, 200.0, 305.0, 266.75]","[(11, 0.0487, 0.019533333333333337), (25, 0.0039833333333333335, 0.008972222222222222), (12, 0.0, 0.014744444444444445), (0, 0, 0), (0, 0, 0), (0, 0, 0)]","[(4015, 67.0513, 10.090466666666666), (16080, 51.896016666666675, 6.181027777777778), (32200, 58.2, 11.625255555555555), (4026, 67.1, 10.11), (16105, 51.900000000000006, 6.1899999999999995), (32212, 58.2, 11.639999999999999)]","[2, 0, 4, 0, 0, 0]","[2, 0, 2, 0, 0, 0]"
719,"[21.792007942417474, 27.511725499876572, 17.075290174414995, 0.0, 0.0, 0.0]","[5, 11, 7, 0, 0, 0]","[192.72805124811097, 735.6524247643789, 697.8463370441067, 0, 0, 0]","[3836.271948751889, 7366.347575235621, 15413.153662955894, 4029, 8102, 16111]","[4029, 8102, 16111, 4029, 8102, 16111]","[878, 2229, 2751, 0, 0, 0]","[7.536731082654249, 9.397286379511058, 2.0932260380287158, 0.0, 0.0, 0.0]","[323.7026, 1614.4537999999998, 719.2324666666667, 0, 0, 0]","[0.0196, 0.09813333333333332, 9.333733333333331, 0, 0, 0]","[0.016133333333333333, 0.0805333333333333, 8.659200000000004, 0, 0, 0]","[3971.2974, 15565.5462, 33640.76753333333, 4295, 17180, 34360]","[371.9804, 359.90186666666665, 367.2062666666667, 372.0, 360.0, 376.54]","[199.98386666666667, 304.91946666666666, 258.0908, 200.0, 305.0, 266.75]","[(8, 0.0, 0.001961111111111111), (25, 0.0004, 0.0051444444444444445), (11, 0.00065, 0.011788888888888887), (0, 0, 0), (0, 0, 0), (0, 0, 0)]","[(4018, 67.1, 10.108038888888888), (16080, 51.89960000000001, 6.184855555555555), (32201, 58.19935, 11.62821111111111), (4026, 67.1, 10.11), (16105, 51.900000000000006, 6.1899999999999995), (32212, 58.2, 11.639999999999999)]","[2, 0, 4, 0, 0, 0]","[2, 0, 2, 0, 0, 0]"
720,"[12.261106974435345, 18.19303875586275, 13.692508224194649, 0.0, 0.0, 0.0]","[5, 8, 9, 0, 0, 0]","[419.3706877309264, 1016.2525055153069, 1681.805400193525, 0, 0, 0]","[3609.6293122690736, 7085.747494484693, 14429.194599806475, 4029, 8102, 16111]","[4029, 8102, 16111, 4029, 8102, 16111]","[494, 1474, 2206, 0, 0, 0]","[3.3772107101280557, 7.758507178890181, 1.4228618548700038, 0.0, 0.0, 0.0]","[145.0512, 1332.9115333333332, 488.8953333333333, 0, 0, 0]","[0.0010666666666666667, 0.10106666666666667, 24.262266666666676, 0, 0, 0]","[0.005333333333333332, 0.07933333333333334, 24.359066666666664, 0, 0, 0]","[4149.9488, 15847.088466666666, 33871.104666666666, 4295, 17180, 34360]","[371.99893333333335, 359.89893333333333, 352.27773333333334, 372.0, 360.0, 376.54]","[199.99466666666666, 304.92066666666665, 242.39093333333335, 200.0, 305.0, 266.75]","[(10, 0.0, 0.0019444444444444444), (16, 0.0002833333333333334, 0.04096468253968254), (20, 0.0, 0.006516666666666666), (0, 0, 0), (0, 0, 0), (0, 0, 0)]","[(4016, 67.1, 10.108055555555556), (16089, 51.89971666666667, 6.149035317460317), (32192, 58.2, 11.633483333333333), (4026, 67.1, 10.11), (16105, 51.900000000000006, 6.1899999999999995), (32212, 58.2, 11.639999999999999)]","[0, 0, 0, 0, 0, 0]","[0, 0, 0, 0, 0, 0]"
721,"[24.199553239017128, 16.452727721550232, 15.169759791446838, 0.0, 0.0, 0.0]","[8, 7, 10, 0, 0, 0]","[736.7786448942829, 613.7317866217419, 1338.7494841068851, 0, 0, 0]","[3292.221355105717, 7488.268213378258, 14772.250515893114, 4029, 8102, 16111]","[4029, 8102, 16111, 4029, 8102, 16111]","[975, 1333, 2444, 0, 0, 0]","[4.840994955374467, 7.355173069460613, 1.4362130384167635, 0.0, 0.0, 0.0]","[207.92073333333335, 1263.6187333333335, 493.4828, 0, 0, 0]","[0.003066666666666667, 0.09586666666666666, 20.597466666666666, 0, 0, 0]","[0.010933333333333331, 0.07413333333333333, 20.664266666666666, 0, 0, 0]","[4087.0792666666666, 15916.381266666667, 33866.5172, 4295, 17180, 34360]","[371.99693333333335, 359.90413333333333, 355.94253333333336, 372.0, 360.0, 376.54]","[199.98906666666667, 304.92586666666665, 246.08573333333334, 200.0, 305.0, 266.75]","[(15, 0.0, 0.0027611111111111113), (14, 0.04671666666666667, 0.029183333333333335), (22, 0.0, 0.007372222222222223), (0, 0, 0), (0, 0, 0), (0, 0, 0)]","[(4011, 67.1, 10.107238888888888), (16091, 51.85328333333334, 6.160816666666666), (32190, 58.2, 11.632627777777776), (4026, 67.1, 10.11), (16105, 51.900000000000006, 6.1899999999999995), (32212, 58.2, 11.639999999999999)]","[0, 0, 0, 0, 0, 0]","[0, 0, 0, 0, 0, 0]"
722,"[26.036237279722013, 11.51567514194026, 16.12562845261002, 0.0, 0.0, 0.0]","[9, 5, 10, 0, 0, 0]","[740.3328941288548, 393.8663081508838, 1897.980472897548, 0, 0, 0]","[3288.6671058711454, 7708.133691849116, 14213.019527102451, 4029, 8102, 16111]","[4029, 8102, 16111, 4029, 8102, 16111]","[1049, 933, 2598, 0, 0, 0]","[5.148187815289096, 8.143033372138147, 1.184955762514552, 0.0, 0.0, 0.0]","[221.11466666666666, 1398.9731333333334, 407.1508, 0, 0, 0]","[0.006666666666666667, 0.010133333333333333, 30.227066666666666, 0, 0, 0]","[0.025333333333333333, 0.01906666666666667, 30.3212, 0, 0, 0]","[4073.885333333333, 15781.026866666667, 33952.8492, 4295, 17180, 34360]","[371.99333333333334, 359.98986666666667, 346.3129333333334, 372.0, 360.0, 376.54]","[199.97466666666668, 304.9809333333333, 236.4288, 200.0, 305.0, 266.75]","[(18, 0.0002833333333333333, 0.0025999999999999994), (12, 0.06151666666666666, 0.03656111111111111), (23, 0.0, 0.00788333333333333), (0, 0, 0), (0, 0, 0), (0, 0, 0)]","[(4008, 67.09971666666667, 10.1074), (16093, 51.838483333333336, 6.153438888888888), (32189, 58.2, 11.632116666666665), (4026, 67.1, 10.11), (16105, 51.900000000000006, 6.1899999999999995), (32212, 58.2, 11.639999999999999)]","[0, 0, 0, 0, 0, 0]","[0, 0, 0, 0, 0, 0]"
723,"[25.04343509555721, 9.93581831646507, 17.298739991310285, 0.0, 0.0, 0.0]","[9, 4, 10, 0, 0, 0]","[570.7907092171835, 453.5395481208817, 982.7771368511103, 0, 0, 0]","[3458.2092907828164, 7648.460451879118, 15128.22286314889, 4029, 8102, 16111]","[4029, 8102, 16111, 4029, 8102, 16111]","[1009, 805, 2787, 0, 0, 0]","[9.261918509895226, 16.432054714784634, 0.5573162592161427, 0.0, 0.0, 0.0]","[397.7994, 2823.027, 191.49386666666663, 0, 0, 0]","[0.006666666666666667, 1.7629333333333332, 46.25453333333334, 0, 0, 0]","[0.013600000000000001, 0.04133333333333333, 46.34519999999999, 0, 0, 0]","[3897.2006, 14356.973, 34168.506133333336, 4295, 17180, 34360]","[371.99333333333334, 358.2370666666667, 330.2854666666667, 372.0, 360.0, 376.54]","[199.9864, 304.95866666666666, 220.40480000000002, 200.0, 305.0, 266.75]","[(18, 0.04175, 0.03423888888888889), (9, 0.02943333333333333, 0.024922222222222217), (22, 1.666666666666667e-05, 0.004194444444444444), (0, 0, 0), (0, 0, 0), (0, 0, 0)]","[(4008, 67.05825, 10.075761111111111), (16096, 51.870566666666676, 6.165077777777777), (32190, 58.199983333333336, 11.635805555555555), (4026, 67.1, 10.11), (16105, 51.900000000000006, 6.1899999999999995), (32212, 58.2, 11.639999999999999)]","[0, 0, 0, 0, 0, 0]","[0, 0, 0, 0, 0, 0]"
724,"[18.044179697195332, 14.008886694643296, 12.140773384644032, 0.0, 0.0, 0.0]","[7, 6, 7, 0, 0, 0]","[193.33094742867533, 744.4258351528977, 584.5253404934529, 0, 0, 0]","[3835.6690525713248, 7357.574164847102, 15526.474659506548, 4029, 8102, 16111]","[4029, 8102, 16111, 4029, 8102, 16111]","[727, 1135, 1956, 0, 0, 0]","[10.16219635234769, 9.526737679472253, 0.7897594101668605, 0.0, 0.0, 0.0]","[436.46633333333335, 1636.693533333333, 271.3613333333333, 0, 0, 0]","[0.004533333333333334, 0.02026666666666667, 20.58386666666667, 0, 0, 0]","[0.008266666666666667, 0.04053333333333333, 20.601866666666666, 0, 0, 0]","[3858.5336666666667, 15543.306466666667, 34088.638666666666, 4295, 17180, 34360]","[371.9954666666667, 359.97973333333334, 355.95613333333336, 372.0, 360.0, 376.54]","[199.99173333333334, 304.9594666666667, 246.14813333333333, 200.0, 305.0, 266.75]","[(14, 0.048600000000000004, 0.09887777777777777), (10, 0.03163333333333333, 0.046294444444444444), (15, 0.0, 0.004522222222222222), (0, 0, 0), (0, 0, 0), (0, 0, 0)]","[(4012, 67.0514, 10.011122222222221), (16095, 51.868366666666674, 6.143705555555555), (32197, 58.2, 11.635477777777776), (4026, 67.1, 10.11), (16105, 51.900000000000006, 6.1899999999999995), (32212, 58.2, 11.639999999999999)]","[0, 0, 0, 0, 0, 0]","[0, 0, 0, 0, 0, 0]"
725,"[14.147431124348472, 18.328807701802024, 7.9076407423499475, 0.0, 0.0, 0.0]","[5, 8, 5, 0, 0, 0]","[458.0472276633095, 1215.7627209660582, 694.2801198415291, 0, 0, 0]","[3570.9527723366905, 6886.237279033941, 15416.719880158471, 4029, 8102, 16111]","[4029, 8102, 16111, 4029, 8102, 16111]","[570, 1485, 1274, 0, 0, 0]","[6.838887077997671, 8.376230500582073, 0.6158125727590222, 0.0, 0.0, 0.0]","[293.73019999999997, 1439.0364000000002, 211.59320000000002, 0, 0, 0]","[0.0132, 0.0412, 21.953600000000005, 0, 0, 0]","[0.009600000000000001, 0.011999999999999999, 21.98266666666667, 0, 0, 0]","[4001.2698, 15740.9636, 34148.4068, 4295, 17180, 34360]","[371.9868, 359.9588, 354.5864, 372.0, 360.0, 376.54]","[199.9904, 304.988, 244.76733333333334, 200.0, 305.0, 266.75]","[(9, 6.666666666666667e-05, 0.01778333333333334), (11, 0.0, 0.03545912698412698), (13, 0.0, 0.0049499999999999995), (0, 0, 0), (0, 0, 0), (0, 0, 0)]","[(4017, 67.09993333333333, 10.092216666666666), (16094, 51.900000000000006, 6.154540873015873), (32199, 58.2, 11.63505), (4026, 67.1, 10.11), (16105, 51.900000000000006, 6.1899999999999995), (32212, 58.2, 11.639999999999999)]","[0, 0, 0, 0, 0, 0]","[0, 0, 0, 0, 0, 0]"
726,"[17.944899478778854, 18.328807701802024, 6.393147538948544, 0.0, 0.0, 0.0]","[6, 8, 4, 0, 0, 0]","[256.0003230287353, 1097.3324324161235, 488.432267047565, 0, 0, 0]","[3772.9996769712648, 7004.667567583876, 15622.567732952435, 4029, 8102, 16111]","[4029, 8102, 16111, 4029, 8102, 16111]","[723, 1485, 1030, 0, 0, 0]","[6.52963756305782, 7.11866433837796, 0.48827512611563834, 0.0, 0.0, 0.0]","[280.44793333333337, 1222.9865333333335, 167.77133333333333, 0, 0, 0]","[0.022933333333333333, 0.05840000000000001, 22.03493333333334, 0, 0, 0]","[0.009866666666666668, 0.047599999999999996, 22.068800000000003, 0, 0, 0]","[4014.5520666666666, 15957.013466666667, 34192.22866666667, 4295, 17180, 34360]","[371.97706666666664, 359.9416, 354.50506666666666, 372.0, 360.0, 376.54]","[199.99013333333335, 304.9524, 244.6812, 200.0, 305.0, 266.75]","[(12, 8.333333333333334e-05, 0.015444444444444443), (11, 0.0, 0.03300555555555556), (11, 0.0, 0.003277777777777778), (0, 0, 0), (0, 0, 0), (0, 0, 0)]","[(4014, 67.09991666666666, 10.094555555555555), (16094, 51.900000000000006, 6.156994444444444), (32201, 58.2, 11.636722222222222), (4026, 67.1, 10.11), (16105, 51.900000000000006, 6.1899999999999995), (32212, 58.2, 11.639999999999999)]","[0, 0, 0, 0, 0, 0]","[0, 0, 0, 0, 0, 0]"
727,"[22.8096301811864, 21.846457664774128, 6.349698963441128, 0.0, 0.0, 0.0]","[7, 10, 4, 0, 0, 0]","[656.6000125710743, 1088.7281498648497, 270.7809253155588, 0, 0, 0]","[3372.3999874289257, 7013.27185013515, 15840.21907468444, 4029, 8102, 16111]","[4029, 8102, 16111, 4029, 8102, 16111]","[919, 1770, 1023, 0, 0, 0]","[8.182654249126891, 8.896293364377183, 0.4943789289871945, 0.0, 0.0, 0.0]","[351.445, 1528.3832, 169.86860000000001, 0, 0, 0]","[0.03506666666666666, 1.308266666666667, 0.0252, 0, 0, 0]","[0.013466666666666667, 1.8181333333333334, 0.0077333333333333325, 0, 0, 0]","[3943.555, 15651.6168, 34190.1314, 4295, 17180, 34360]","[371.9649333333333, 358.69173333333333, 376.51480000000004, 372.0, 360.0, 376.54]","[199.98653333333334, 303.1818666666667, 266.7422666666667, 200.0, 305.0, 266.75]","[(15, 1.666666666666667e-05, 0.0033166666666666665), (17, 0.0, 0.10267460317460317), (10, 0.0, 0.0032722222222222224), (0, 0, 0), (0, 0, 0), (0, 0, 0)]","[(4011, 67.09998333333333, 10.106683333333333), (16088, 51.900000000000006, 6.087325396825396), (32202, 58.2, 11.636727777777777), (4026, 67.1, 10.11), (16105, 51.900000000000006, 6.1899999999999995), (32212, 58.2, 11.639999999999999)]","[0, 0, 0, 0, 0, 0]","[0, 0, 0, 0, 0, 0]"
728,"[22.933730454206998, 17.41545297457418, 6.076593631680219, 0.0, 0.0, 0.0]","[7, 8, 4, 0, 0, 0]","[360.0058457848541, 469.4762485753556, 537.351133869025, 0, 0, 0]","[3668.994154215146, 7632.523751424645, 15573.648866130974, 4029, 8102, 16111]","[4029, 8102, 16111, 4029, 8102, 16111]","[924, 1411, 979, 0, 0, 0]","[7.147091967403958, 8.521442374854484, 0.3369594489716725, 0.0, 0.0, 0.0]","[306.9676, 1463.9838000000002, 115.77926666666667, 0, 0, 0]","[0.034666666666666665, 0.22733333333333333, 0.009466666666666667, 0, 0, 0]","[0.013733333333333334, 0.8442666666666665, 0.0002666666666666667, 0, 0, 0]","[3988.0324, 15716.0162, 34244.220733333335, 4295, 17180, 34360]","[371.9653333333333, 359.7726666666667, 376.5305333333334, 372.0, 360.0, 376.54]","[199.98626666666667, 304.15573333333333, 266.7497333333333, 200.0, 305.0, 266.75]","[(15, 0.0, 0.0022444444444444447), (15, 0.0, 0.05731111111111112), (8, 0.0, 0.001622222222222222), (0, 0, 0), (0, 0, 0), (0, 0, 0)]","[(4011, 67.1, 10.107755555555554), (16090, 51.900000000000006, 6.132688888888889), (32204, 58.2, 11.638377777777777), (4026, 67.1, 10.11), (16105, 51.900000000000006, 6.1899999999999995), (32212, 58.2, 11.639999999999999)]","[0, 0, 0, 0, 0, 0]","[0, 0, 0, 0, 0, 0]"
729,"[25.24199553239017, 11.133053567020488, 10.992489603376574, 0.0, 0.0, 0.0]","[9, 6, 7, 0, 0, 0]","[715.0810096224685, 627.7345608969761, 1361.5912424525613, 0, 0, 0]","[3313.9189903775314, 7474.265439103024, 14749.408757547439, 4029, 8102, 16111]","[4029, 8102, 16111, 4029, 8102, 16111]","[1017, 902, 1771, 0, 0, 0]","[6.317012029491657, 6.526632906480404, 0.29410477299185095, 0.0, 0.0, 0.0]","[271.3156666666667, 1121.2755333333332, 101.05439999999999, 0, 0, 0]","[0.03573333333333333, 0.20506666666666667, 0.011600000000000001, 0, 0, 0]","[0.018666666666666668, 0.6605333333333334, 0.0005333333333333335, 0, 0, 0]","[4023.684333333333, 16058.724466666667, 34258.9456, 4295, 17180, 34360]","[371.9642666666667, 359.79493333333335, 376.52840000000003, 372.0, 360.0, 376.54]","[199.98133333333334, 304.3394666666667, 266.74946666666665, 200.0, 305.0, 266.75]","[(19, 0.0, 0.002738888888888889), (14, 0.0, 0.021877777777777777), (14, 0.0, 0.002955555555555555), (0, 0, 0), (0, 0, 0), (0, 0, 0)]","[(4007, 67.1, 10.10726111111111), (16091, 51.900000000000006, 6.168122222222221), (32198, 58.2, 11.637044444444443), (4026, 67.1, 10.11), (16105, 51.900000000000006, 6.1899999999999995), (32212, 58.2, 11.639999999999999)]","[0, 0, 0, 0, 0, 0]","[0, 0, 0, 0, 0, 0]"
730,"[27.748821047406302, 13.305356702048876, 10.992489603376574, 0.0, 0.0, 0.0]","[9, 7, 7, 0, 0, 0]","[596.2203610441782, 405.8029900478433, 811.8179003041186, 0, 0, 0]","[3432.7796389558216, 7696.197009952157, 15299.182099695881, 4029, 8102, 16111]","[4029, 8102, 16111, 4029, 8102, 16111]","[1118, 1078, 1771, 0, 0, 0]","[8.235512611563834, 6.516204501358169, 0.34165968180054324, 0.0, 0.0, 0.0]","[353.71526666666665, 1119.4839333333334, 117.39426666666667, 0, 0, 0]","[0.04733333333333334, 0.19013333333333332, 0.0092, 0, 0, 0]","[0.048666666666666664, 0.7222666666666667, 0.0, 0, 0, 0]","[3941.2847333333334, 16060.516066666667, 34242.60573333333, 4295, 17180, 34360]","[371.9526666666667, 359.80986666666666, 376.5308, 372.0, 360.0, 376.54]","[199.95133333333334, 304.27773333333334, 266.75, 200.0, 305.0, 266.75]","[(18, 0.0012833333333333332, 0.008922222222222222), (15, 0.04383333333333333, 0.03989444444444444), (14, 0.0, 0.002227777777777778), (0, 0, 0), (0, 0, 0), (0, 0, 0)]","[(4008, 67.09871666666666, 10.101077777777776), (16090, 51.856166666666674, 6.150105555555555), (32198, 58.2, 11.637772222222221), (4026, 67.1, 10.11), (16105, 51.900000000000006, 6.1899999999999995), (32212, 58.2, 11.639999999999999)]","[0, 0, 0, 0, 0, 0]","[0, 0, 0, 0, 0, 0]"
731,"[21.742367833209233, 13.206615650456676, 11.0545589969586, 0.0, 0.0, 0.0]","[7, 7, 7, 0, 0, 0]","[168.94877732131823, 502.6766285733781, 1067.2945760574949, 0, 0, 0]","[3860.051222678682, 7599.323371426622, 15043.705423942505, 4029, 8102, 16111]","[4029, 8102, 16111, 4029, 8102, 16111]","[876, 1070, 1781, 0, 0, 0]","[7.444128831975166, 3.270937136204889, 4.305987776484284, 0.0, 0.0, 0.0]","[319.72533333333337, 561.947, 1479.5374, 0, 0, 0]","[0.0196, 0.03253333333333333, 9.825733333333334, 0, 0, 0]","[0.0018666666666666669, 0.05826666666666666, 1.5361333333333334, 0, 0, 0]","[3975.2746666666667, 16618.053, 32880.4626, 4295, 17180, 34360]","[371.9804, 359.96746666666667, 366.7142666666667, 372.0, 360.0, 376.54]","[199.99813333333333, 304.94173333333333, 265.21386666666666, 200.0, 305.0, 266.75]","[(13, 0.04856666666666667, 0.02762222222222222), (13, 0.0037166666666666667, 0.007133333333333332), (13, 0.0, 0.031238888888888892), (0, 0, 0), (0, 0, 0), (0, 0, 0)]","[(4013, 67.05143333333332, 10.082377777777777), (16092, 51.896283333333336, 6.1828666666666665), (32199, 58.2, 11.608761111111109), (4026, 67.1, 10.11), (16105, 51.900000000000006, 6.1899999999999995), (32212, 58.2, 11.639999999999999)]","[0, 0, 0, 0, 0, 0]","[0, 0, 0, 0, 0, 0]"
732,"[8.860759493670885, 19.439644532214267, 11.17869778412265, 0.0, 0.0, 0.0]","[3, 10, 7, 0, 0, 0]","[157.19383010187013, 887.0521423504297, 1193.6987134022318, 0, 0, 0]","[3871.80616989813, 7214.94785764957, 14917.301286597769, 4029, 8102, 16111]","[4029, 8102, 16111, 4029, 8102, 16111]","[357, 1575, 1801, 0, 0, 0]","[1.1850648040357004, 5.881431509507178, 7.296942568878542, 0.0, 0.0, 0.0]","[50.89853333333333, 1010.4299333333332, 2507.229466666667, 0, 0, 0]","[1.279866666666667, 0.5918666666666667, 4.1917333333333335, 0, 0, 0]","[1.2705333333333335, 0.1336, 0.8325333333333331, 0, 0, 0]","[4244.101466666667, 16169.570066666667, 31852.770533333332, 4295, 17180, 34360]","[370.7201333333333, 359.40813333333335, 372.3482666666667, 372.0, 360.0, 376.54]","[198.72946666666667, 304.8664, 265.91746666666666, 200.0, 305.0, 266.75]","[(4, 0.0002, 0.0010833333333333333), (17, 0.04036666666666667, 0.02616666666666667), (13, 0.0, 0.02941111111111111), (0, 0, 0), (0, 0, 0), (0, 0, 0)]","[(4022, 67.09979999999999, 10.108916666666666), (16088, 51.85963333333334, 6.163833333333333), (32199, 58.2, 11.610588888888888), (4026, 67.1, 10.11), (16105, 51.900000000000006, 6.1899999999999995), (32212, 58.2, 11.639999999999999)]","[0, 0, 0, 0, 0, 0]","[0, 0, 0, 0, 0, 0]"
733,"[11.839166046165301, 14.798815107380895, 13.450437589224753, 0.0, 0.0, 0.0]","[4, 8, 8, 0, 0, 0]","[300.4970508466575, 565.0463936563838, 746.178120127578, 0, 0, 0]","[3728.5029491533423, 7536.953606343616, 15364.821879872423, 4029, 8102, 16111]","[4029, 8102, 16111, 4029, 8102, 16111]","[477, 1199, 2167, 0, 0, 0]","[1.5299169577027552, 5.30237019790454, 6.704016492045015, 0.0, 0.0, 0.0]","[65.70993333333334, 910.9471999999998, 2303.500066666667, 0, 0, 0]","[0.0184, 0.5949333333333332, 7.854933333333334, 0, 0, 0]","[0.0005333333333333334, 0.12293333333333334, 0.7206666666666668, 0, 0, 0]","[4229.2900666666665, 16269.0528, 32056.499933333333, 4295, 17180, 34360]","[371.9816, 359.40506666666664, 368.68506666666667, 372.0, 360.0, 376.54]","[199.99946666666668, 304.8770666666667, 266.02933333333334, 200.0, 305.0, 266.75]","[(8, 0.0, 0.002516666666666667), (16, 0.004849999999999999, 0.0103), (16, 0.00031666666666666665, 0.01831111111111111), (0, 0, 0), (0, 0, 0), (0, 0, 0)]","[(4018, 67.1, 10.107483333333333), (16089, 51.89515000000001, 6.1796999999999995), (32196, 58.19968333333333, 11.621688888888889), (4026, 67.1, 10.11), (16105, 51.900000000000006, 6.1899999999999995), (32212, 58.2, 11.639999999999999)]","[0, 0, 0, 0, 0, 0]","[0, 0, 0, 0, 0, 0]"
734,"[15.63663440059568, 11.68847198222661, 10.22282912295947, 0.0, 0.0, 0.0]","[5, 7, 6, 0, 0, 0]","[389.196538051645, 276.2630637023609, 874.5670511968812, 0, 0, 0]","[3639.803461948355, 7825.736936297639, 15236.432948803118, 4029, 8102, 16111]","[4029, 8102, 16111, 4029, 8102, 16111]","[630, 947, 1647, 0, 0, 0]","[1.2298098564221962, 2.8716674427629023, 3.542547535894451, 0.0, 0.0, 0.0]","[52.82033333333333, 493.3524666666666, 1217.2193333333335, 0, 0, 0]","[0.015466666666666667, 0.5388, 0.014799999999999999, 0, 0, 0]","[0.006533333333333333, 0.11733333333333333, 0.0152, 0, 0, 0]","[4242.179666666667, 16686.647533333333, 33142.780666666666, 4295, 17180, 34360]","[371.98453333333333, 359.4612, 376.52520000000004, 372.0, 360.0, 376.54]","[199.99346666666668, 304.8826666666667, 266.7348, 200.0, 305.0, 266.75]","[(11, 0.0, 0.001022222222222222), (14, 0.0, 0.00455), (11, 0.0, 9.444444444444444e-05), (0, 0, 0), (0, 0, 0), (0, 0, 0)]","[(4015, 67.1, 10.108977777777778), (16091, 51.900000000000006, 6.1854499999999994), (32201, 58.2, 11.639905555555554), (4026, 67.1, 10.11), (16105, 51.900000000000006, 6.1899999999999995), (32212, 58.2, 11.639999999999999)]","[0, 0, 0, 0, 0, 0]","[0, 0, 0, 0, 0, 0]"
735,"[15.512534127575082, 7.171068871883486, 15.337347154118305, 0.0, 0.0, 0.0]","[5, 4, 8, 0, 0, 0]","[41.32104780225725, 452.5814059782053, 1754.165391380134, 0, 0, 0]","[3987.6789521977425, 7649.418594021795, 14356.834608619865, 4029, 8102, 16111]","[4029, 8102, 16111, 4029, 8102, 16111]","[625, 581, 2471, 0, 0, 0]","[1.4597066356228172, 0.40282343810632515, 3.108056849049282, 0.0, 0.0, 0.0]","[62.6944, 69.20506666666667, 1067.9283333333333, 0, 0, 0]","[0.017466666666666665, 0.02266666666666667, 0.021466666666666665, 0, 0, 0]","[0.0084, 0.027999999999999994, 0.013866666666666666, 0, 0, 0]","[4232.3056, 17110.794933333334, 33292.07166666667, 4295, 17180, 34360]","[371.9825333333333, 359.9773333333333, 376.5185333333334, 372.0, 360.0, 376.54]","[199.9916, 304.972, 266.7361333333333, 200.0, 305.0, 266.75]","[(11, 0.0, 0.0011333333333333336), (9, 0.0, 0.0011666666666666668), (16, 0.0, 0.00145), (0, 0, 0), (0, 0, 0), (0, 0, 0)]","[(4015, 67.1, 10.108866666666666), (16096, 51.900000000000006, 6.188833333333333), (32196, 58.2, 11.638549999999999), (4026, 67.1, 10.11), (16105, 51.900000000000006, 6.1899999999999995), (32212, 58.2, 11.639999999999999)]","[0, 0, 0, 0, 0, 0]","[0, 0, 0, 0, 0, 0]"
736,"[14.569372052618515, 17.909158232535177, 11.644218235987834, 0.0, 0.0, 0.0]","[5, 8, 6, 0, 0, 0]","[314.9538781774237, 940.0283039111753, 598.334636286159, 0, 0, 0]","[3714.0461218225764, 7161.9716960888245, 15512.66536371384, 4029, 8102, 16111]","[4029, 8102, 16111, 4029, 8102, 16111]","[587, 1451, 1876, 0, 0, 0]","[2.047667830811021, 0.6871307722157548, 0.07845052386495927, 0.0, 0.0, 0.0]","[87.94733333333335, 118.04906666666668, 26.9556, 0, 0, 0]","[0.0004, 0.03306666666666667, 0.013466666666666667, 0, 0, 0]","[0.002133333333333334, 0.027466666666666664, 0.004133333333333334, 0, 0, 0]","[4207.0526666666665, 17061.950933333334, 34333.0444, 4295, 17180, 34360]","[371.9996, 359.9669333333333, 376.52653333333336, 372.0, 360.0, 376.54]","[199.99786666666665, 304.97253333333333, 266.74586666666664, 200.0, 305.0, 266.75]","[(11, 0.0, 0.0005666666666666667), (15, 0.0, 0.0025833333333333337), (13, 0.0, 0.0016944444444444442), (0, 0, 0), (0, 0, 0), (0, 0, 0)]","[(4015, 67.1, 10.109433333333333), (16090, 51.900000000000006, 6.187416666666667), (32199, 58.2, 11.638305555555554), (4026, 67.1, 10.11), (16105, 51.900000000000006, 6.1899999999999995), (32212, 58.2, 11.639999999999999)]","[0, 0, 0, 0, 0, 0]","[0, 0, 0, 0, 0, 0]"
737,"[26.70637875403326, 16.452727721550232, 12.227670535658866, 0.0, 0.0, 0.0]","[7, 7, 6, 0, 0, 0]","[450.87453503825975, 833.5274454909194, 940.1426330952327, 0, 0, 0]","[3578.1254649617404, 7268.4725545090805, 15170.857366904767, 4029, 8102, 16111]","[4029, 8102, 16111, 4029, 8102, 16111]","[1076, 1333, 1970, 0, 0, 0]","[5.3638758246022515, 0.7690244470314319, 0.64874233604967, 0.0, 0.0, 0.0]","[230.3784666666667, 132.1184, 222.90786666666662, 0, 0, 0]","[0.025866666666666663, 0.04866666666666667, 0.012133333333333335, 0, 0, 0]","[0.009333333333333334, 0.023866666666666665, 0.002, 0, 0, 0]","[4064.6215333333334, 17047.8816, 34137.09213333333, 4295, 17180, 34360]","[371.9741333333333, 359.9513333333333, 376.5278666666667, 372.0, 360.0, 376.54]","[199.99066666666667, 304.97613333333334, 266.748, 200.0, 305.0, 266.75]","[(18, 0.0, 0.002433333333333333), (11, 0.05693333333333332, 0.015022222222222222), (14, 0.0, 0.007572222222222223), (0, 0, 0), (0, 0, 0), (0, 0, 0)]","[(4008, 67.1, 10.107566666666665), (16094, 51.84306666666667, 6.1749777777777775), (32198, 58.2, 11.632427777777776), (4026, 67.1, 10.11), (16105, 51.900000000000006, 6.1899999999999995), (32212, 58.2, 11.639999999999999)]","[0, 0, 0, 0, 0, 0]","[0, 0, 0, 0, 0, 0]"
738,"[19.781583519483743, 16.62552456183658, 14.114580100552418, 0.0, 0.0, 0.0]","[6, 7, 7, 0, 0, 0]","[619.3129356531551, 911.4348001724954, 930.6518284034728, 0, 0, 0]","[3409.6870643468446, 7190.565199827504, 15180.348171596528, 4029, 8102, 16111]","[4029, 8102, 16111, 4029, 8102, 16111]","[797, 1347, 2274, 0, 0, 0]","[3.9539774932091576, 1.873244858362437, 0.6907035312378736, 0.0, 0.0, 0.0]","[169.82333333333332, 321.82346666666666, 237.32573333333337, 0, 0, 0]","[0.019866666666666668, 0.055733333333333336, 0.016666666666666666, 0, 0, 0]","[0.005333333333333334, 0.06706666666666666, 0.0064, 0, 0, 0]","[4125.176666666666, 16858.176533333335, 34122.67426666667, 4295, 17180, 34360]","[371.98013333333336, 359.9442666666667, 376.52333333333337, 372.0, 360.0, 376.54]","[199.99466666666666, 304.9329333333333, 266.7436, 200.0, 305.0, 266.75]","[(16, 0.0, 0.0027555555555555554), (10, 0.03521666666666667, 0.012505555555555554), (14, 0.0, 0.048411111111111106), (0, 0, 0), (0, 0, 0), (0, 0, 0)]","[(4010, 67.1, 10.107244444444444), (16095, 51.86478333333334, 6.177494444444444), (32198, 58.2, 11.591588888888888), (4026, 67.1, 10.11), (16105, 51.900000000000006, 6.1899999999999995), (32212, 58.2, 11.639999999999999)]","[0, 0, 0, 0, 0, 0]","[0, 0, 0, 0, 0, 0]"
739,"[27.277240009928022, 12.367316711922982, 13.512506982806777, 0.0, 0.0, 0.0]","[9, 5, 7, 0, 0, 0]","[723.1797864993025, 360.6990285799193, 1065.1306969331063, 0, 0, 0]","[3305.8202135006977, 7741.300971420081, 15045.869303066895, 4029, 8102, 16111]","[4029, 8102, 16111, 4029, 8102, 16111]","[1099, 1002, 2177, 0, 0, 0]","[3.067944121071013, 2.09195421032208, 0.7851781140861467, 0.0, 0.0, 0.0]","[131.7682, 359.39773333333335, 269.7872, 0, 0, 0]","[0.022533333333333332, 0.013733333333333334, 0.01813333333333333, 0, 0, 0]","[0.0092, 0.0017333333333333335, 0.007866666666666668, 0, 0, 0]","[4163.2318, 16820.602266666665, 34090.2128, 4295, 17180, 34360]","[371.97746666666666, 359.98626666666667, 376.5218666666667, 372.0, 360.0, 376.54]","[199.9908, 304.99826666666667, 266.74213333333336, 200.0, 305.0, 266.75]","[(21, 0.0, 0.0027444444444444443), (7, 0.04946666666666666, 0.013294444444444446), (13, 0.0, 0.0206), (0, 0, 0), (0, 0, 0), (0, 0, 0)]","[(4005, 67.1, 10.107255555555556), (16098, 51.85053333333334, 6.1767055555555554), (32199, 58.2, 11.619399999999999), (4026, 67.1, 10.11), (16105, 51.900000000000006, 6.1899999999999995), (32212, 58.2, 11.639999999999999)]","[0, 0, 0, 0, 0, 0]","[0, 0, 0, 0, 0, 0]"
740,"[34.00347480764458, 10.429523574426067, 13.779405375209484, 0.0, 0.0, 0.0]","[11, 3, 8, 0, 0, 0]","[802.5683311393705, 270.88515425316945, 1020.5253842162554, 0, 0, 0]","[3226.4316688606295, 7831.114845746831, 15090.474615783745, 4029, 8102, 16111]","[4029, 8102, 16111, 4029, 8102, 16111]","[1370, 845, 2220, 0, 0, 0]","[10.684043461389212, 1.3468242142025613, 0.6229254947613504, 0.0, 0.0, 0.0]","[458.87966666666665, 231.3844, 214.0372, 0, 0, 0]","[0.6022666666666666, 0.02, 0.0128, 0, 0, 0]","[0.11, 0.046266666666666664, 0.002533333333333333, 0, 0, 0]","[3836.1203333333333, 16948.6156, 34145.9628, 4295, 17180, 34360]","[371.39773333333335, 359.98, 376.5272, 372.0, 360.0, 376.54]","[199.89, 304.95373333333333, 266.74746666666664, 200.0, 305.0, 266.75]","[(23, 0.10548333333333332, 0.03299444444444444), (4, 0.0004166666666666667, 0.0076500000000000005), (13, 0.0, 0.007155555555555557), (0, 0, 0), (0, 0, 0), (0, 0, 0)]","[(4003, 66.99451666666666, 10.077005555555555), (16101, 51.89958333333334, 6.18235), (32199, 58.2, 11.632844444444443), (4026, 67.1, 10.11), (16105, 51.900000000000006, 6.1899999999999995), (32212, 58.2, 11.639999999999999)]","[0, 2, 0, 0, 0, 0]","[0, 0, 0, 0, 0, 0]"
741,"[26.28443782576322, 11.922981979758084, 9.136614735274035, 0.0, 0.0, 0.0]","[9, 5, 6, 0, 0, 0]","[685.1530452886868, 403.1145658916947, 914.2339762488548, 0, 0, 0]","[3343.846954711313, 7698.885434108305, 15196.766023751145, 4029, 8102, 16111]","[4029, 8102, 16111, 4029, 8102, 16111]","[1059, 966, 1472, 0, 0, 0]","[9.75836243694218, 1.4109057043073343, 0.2893985254171517, 0.0, 0.0, 0.0]","[419.12166666666667, 242.39360000000002, 99.43733333333333, 0, 0, 0]","[0.5986666666666667, 0.06493333333333334, 0.009066666666666666, 0, 0, 0]","[0.11760000000000001, 0.06213333333333333, 0.0002666666666666667, 0, 0, 0]","[3875.878333333333, 16937.6064, 34260.562666666665, 4295, 17180, 34360]","[371.40133333333335, 359.93506666666667, 376.53093333333334, 372.0, 360.0, 376.54]","[199.8824, 304.93786666666665, 266.7497333333333, 200.0, 305.0, 266.75]","[(17, 0.03351666666666667, 0.005405555555555556), (8, 0.0012, 0.060599999999999994), (12, 0.0, 0.0017555555555555558), (0, 0, 0), (0, 0, 0), (0, 0, 0)]","[(4009, 67.06648333333332, 10.104594444444444), (16097, 51.89880000000001, 6.1293999999999995), (32200, 58.2, 11.638244444444442), (4026, 67.1, 10.11), (16105, 51.900000000000006, 6.1899999999999995), (32212, 58.2, 11.639999999999999)]","[0, 2, 0, 0, 0, 0]","[0, 0, 0, 0, 0, 0]"
742,"[31.99305038471085, 15.206121945198717, 12.531810564210788, 0.0, 0.0, 0.0]","[9, 6, 6, 0, 0, 0]","[433.0059950925762, 590.2960053438226, 455.9400697628405, 0, 0, 0]","[3595.994004907424, 7511.703994656177, 15655.05993023716, 4029, 8102, 16111]","[4029, 8102, 16111, 4029, 8102, 16111]","[1289, 1232, 2019, 0, 0, 0]","[8.875405510283276, 1.4292169188979431, 0.20661854870003882, 0.0, 0.0, 0.0]","[381.19866666666667, 245.53946666666664, 70.99413333333334, 0, 0, 0]","[0.5445333333333333, 0.08226666666666667, 0.0002666666666666667, 0, 0, 0]","[0.11760000000000001, 0.0512, 0.0009333333333333333, 0, 0, 0]","[3913.8013333333333, 16934.460533333335, 34289.00586666667, 4295, 17180, 34360]","[371.45546666666667, 359.91773333333333, 376.53973333333334, 372.0, 360.0, 376.54]","[199.8824, 304.9488, 266.7490666666667, 200.0, 305.0, 266.75]","[(16, 0.04946666666666666, 0.005094444444444445), (9, 0.0, 0.057150000000000006), (14, 0.0, 0.0006555555555555555), (0, 0, 0), (0, 0, 0), (0, 0, 0)]","[(4010, 67.05053333333333, 10.104905555555556), (16096, 51.900000000000006, 6.1328499999999995), (32198, 58.2, 11.639344444444443), (4026, 67.1, 10.11), (16105, 51.900000000000006, 6.1899999999999995), (32212, 58.2, 11.639999999999999)]","[2, 2, 2, 0, 0, 0]","[0, 0, 2, 0, 0, 0]"
743,"[21.41970712335567, 26.092322883238705, 10.533176090869592, 0.0, 0.0, 0.0]","[5, 10, 5, 0, 0, 0]","[281.5068979676345, 1447.8079073883882, 824.8084314281924, 0, 0, 0]","[3747.4931020323656, 6654.192092611612, 15286.191568571807, 4029, 8102, 16111]","[4029, 8102, 16111, 4029, 8102, 16111]","[863, 2114, 1697, 0, 0, 0]","[2.086332945285215, 4.296566162204113, 0.3168645712068297, 0.0, 0.0, 0.0]","[89.60799999999999, 738.1500666666666, 108.87466666666668, 0, 0, 0]","[0.0092, 0.10506666666666667, 0.0, 0, 0, 0]","[0.008533333333333334, 0.05293333333333333, 0.0, 0, 0, 0]","[4205.392, 16441.849933333335, 34251.12533333333, 4295, 17180, 34360]","[371.9908, 359.8949333333333, 376.54, 372.0, 360.0, 376.54]","[199.99146666666667, 304.9470666666667, 266.75, 200.0, 305.0, 266.75]","[(9, 0.05543333333333332, 0.005199999999999999), (17, 3.3333333333333335e-05, 0.061327777777777766), (12, 0.0, 0.00105), (0, 0, 0), (0, 0, 0), (0, 0, 0)]","[(4017, 67.04456666666665, 10.1048), (16088, 51.89996666666667, 6.128672222222222), (32200, 58.2, 11.63895), (4026, 67.1, 10.11), (16105, 51.900000000000006, 6.1899999999999995), (32212, 58.2, 11.639999999999999)]","[2, 2, 2, 0, 0, 0]","[0, 0, 2, 0, 0, 0]"
744,"[14.519731943410275, 24.561836583559614, 8.397988951647942, 0.0, 0.0, 0.0]","[5, 11, 6, 0, 0, 0]","[264.56632898661104, 1418.9889466538991, 736.4977969559502, 0, 0, 0]","[3764.433671013389, 6683.011053346101, 15374.50220304405, 4029, 8102, 16111]","[4029, 8102, 16111, 4029, 8102, 16111]","[585, 1990, 1353, 0, 0, 0]","[2.5176422196352344, 6.702095071788902, 0.38959720605355064, 0.0, 0.0, 0.0]","[108.13273333333332, 1151.4199333333333, 133.8656, 0, 0, 0]","[0.0016, 0.12, 0.00013333333333333337, 0, 0, 0]","[0.004533333333333333, 0.06453333333333333, 0.0008, 0, 0, 0]","[4186.867266666667, 16028.580066666667, 34226.1344, 4295, 17180, 34360]","[371.9984, 359.88, 376.5398666666667, 372.0, 360.0, 376.54]","[199.99546666666666, 304.9354666666667, 266.7492, 200.0, 305.0, 266.75]","[(10, 0.0, 0.003022222222222222), (18, 0.0, 0.06189999999999999), (13, 0.00065, 0.0008111111111111111), (0, 0, 0), (0, 0, 0), (0, 0, 0)]","[(4016, 67.1, 10.106977777777777), (16087, 51.900000000000006, 6.1281), (32199, 58.19935, 11.639188888888887), (4026, 67.1, 10.11), (16105, 51.900000000000006, 6.1899999999999995), (32212, 58.2, 11.639999999999999)]","[0, 0, 0, 0, 0, 0]","[0, 0, 0, 0, 0, 0]"
745,"[14.023330851327872, 24.94445815847939, 9.626962944572032, 0.0, 0.0, 0.0]","[5, 11, 6, 0, 0, 0]","[442.98289260353715, 1334.5591091888648, 456.7888861432228, 0, 0, 0]","[3586.017107396463, 6767.440890811135, 15654.211113856778, 4029, 8102, 16111]","[4029, 8102, 16111, 4029, 8102, 16111]","[565, 2021, 1551, 0, 0, 0]","[4.833893674815677, 5.970140085370585, 0.5706666666666667, 0.0, 0.0, 0.0]","[207.6157333333333, 1025.6700666666666, 196.08106666666666, 0, 0, 0]","[0.00933333333333333, 0.7042666666666666, 0.05853333333333333, 0, 0, 0]","[0.003866666666666667, 0.5119999999999999, 0.05840000000000001, 0, 0, 0]","[4087.384266666667, 16154.329933333334, 34163.918933333334, 4295, 17180, 34360]","[371.99066666666664, 359.2957333333333, 376.4814666666667, 372.0, 360.0, 376.54]","[199.99613333333335, 304.488, 266.6916, 200.0, 305.0, 266.75]","[(10, 0.0, 0.003927777777777778), (18, 0.003183333333333333, 0.1180722222222222), (14, 0.0, 0.0009444444444444444), (0, 0, 0), (0, 0, 0), (0, 0, 0)]","[(4016, 67.1, 10.106072222222222), (16087, 51.89681666666667, 6.071927777777777), (32198, 58.2, 11.639055555555554), (4026, 67.1, 10.11), (16105, 51.900000000000006, 6.1899999999999995), (32212, 58.2, 11.639999999999999)]","[0, 0, 0, 0, 0, 0]","[0, 0, 0, 0, 0, 0]"
746,"[16.97691734921817, 17.575907183411505, 8.84488858543852, 0.0, 0.0, 0.0]","[6, 8, 5, 0, 0, 0]","[344.02995472647706, 556.8993644008158, 1154.5684907040309, 0, 0, 0]","[3684.970045273523, 7545.100635599184, 14956.43150929597, 4029, 8102, 16111]","[4029, 8102, 16111, 4029, 8102, 16111]","[684, 1424, 1425, 0, 0, 0]","[5.257063251843228, 4.443326736515328, 0.6642553356616221, 0.0, 0.0, 0.0]","[225.79086666666663, 763.3635333333333, 228.23813333333334, 0, 0, 0]","[0.010799999999999999, 0.5486666666666666, 0.05813333333333334, 0, 0, 0]","[0.008399999999999998, 0.40399999999999997, 0.04866666666666666, 0, 0, 0]","[4069.2091333333333, 16416.636466666667, 34131.76186666667, 4295, 17180, 34360]","[371.9892, 359.4513333333333, 376.4818666666667, 372.0, 360.0, 376.54]","[199.9916, 304.596, 266.7013333333333, 200.0, 305.0, 266.75]","[(13, 0.0, 0.04791666666666667), (11, 0.0002333333333333333, 0.11005000000000002), (9, 0.00065, 0.030222222222222223), (0, 0, 0), (0, 0, 0), (0, 0, 0)]","[(4013, 67.1, 10.062083333333332), (16094, 51.89976666666667, 6.079949999999999), (32203, 58.19935, 11.609777777777776), (4026, 67.1, 10.11), (16105, 51.900000000000006, 6.1899999999999995), (32212, 58.2, 11.639999999999999)]","[0, 0, 0, 0, 0, 0]","[0, 0, 0, 0, 0, 0]"
747,"[23.678332092330603, 13.083189335966427, 14.933896095835145, 0.0, 0.0, 0.0]","[9, 6, 9, 0, 0, 0]","[681.3232079748399, 229.1979992792875, 1499.7934153707558, 0, 0, 0]","[3347.67679202516, 7872.802000720712, 14611.206584629244, 4029, 8102, 16111]","[4029, 8102, 16111, 4029, 8102, 16111]","[954, 1060, 2406, 0, 0, 0]","[10.776611563833915, 3.644837407838572, 0.8036129220023283, 0.0, 0.0, 0.0]","[462.85546666666664, 626.1830666666667, 276.1214, 0, 0, 0]","[0.16653333333333334, 0.4417333333333333, 0.07080000000000002, 0, 0, 0]","[0.23973333333333327, 0.37466666666666665, 0.06359999999999999, 0, 0, 0]","[3832.144533333333, 16553.81693333333, 34083.8786, 4295, 17180, 34360]","[371.83346666666665, 359.55826666666667, 376.4692, 372.0, 360.0, 376.54]","[199.76026666666667, 304.62533333333334, 266.6864, 200.0, 305.0, 266.75]","[(18, 0.0048833333333333315, 0.04329444444444444), (11, 0.00011666666666666667, 0.053077777777777786), (20, 0.0, 0.0032500000000000003), (0, 0, 0), (0, 0, 0), (0, 0, 0)]","[(4008, 67.09511666666666, 10.066705555555554), (16094, 51.89988333333334, 6.136922222222221), (32192, 58.2, 11.63675), (4026, 67.1, 10.11), (16105, 51.900000000000006, 6.1899999999999995), (32212, 58.2, 11.639999999999999)]","[0, 0, 0, 0, 0, 0]","[0, 0, 0, 0, 0, 0]"
748,"[28.59270290394639, 6.763762034065662, 19.483582645397554, 0.0, 0.0, 0.0]","[10, 3, 12, 0, 0, 0]","[818.5677888851835, 209.09213637568467, 2137.163919352348, 0, 0, 0]","[3210.4322111148167, 7892.907863624316, 13973.836080647652, 4029, 8102, 16111]","[4029, 8102, 16111, 4029, 8102, 16111]","[1152, 548, 3139, 0, 0, 0]","[11.226219635234767, 0.5721920838183935, 0.8657865735351183, 0.0, 0.0, 0.0]","[482.1661333333333, 98.3026, 297.48426666666666, 0, 0, 0]","[0.2684000000000001, 0.0, 0.02373333333333333, 0, 0, 0]","[0.4454666666666667, 0.0, 0.016666666666666666, 0, 0, 0]","[3812.833866666667, 17081.6974, 34062.51573333333, 4295, 17180, 34360]","[371.7316, 360.0, 376.5162666666667, 372.0, 360.0, 376.54]","[199.55453333333332, 305.0, 266.73333333333335, 200.0, 305.0, 266.75]","[(20, 0.004949999999999998, 0.07051666666666666), (7, 0.0, 0.00017777777777777776), (25, 0.00065, 0.004044444444444443), (0, 0, 0), (0, 0, 0), (0, 0, 0)]","[(4006, 67.09505, 10.039483333333333), (16098, 51.900000000000006, 6.1898222222222214), (32187, 58.19935, 11.635955555555554), (4026, 67.1, 10.11), (16105, 51.900000000000006, 6.1899999999999995), (32212, 58.2, 11.639999999999999)]","[0, 0, 0, 0, 0, 0]","[0, 0, 0, 0, 0, 0]"
749,"[32.762472077438574, 10.269069365588743, 16.764943206504874, 0.0, 0.0, 0.0]","[11, 5, 10, 0, 0, 0]","[836.2491276950554, 542.9316845616742, 1281.0202266326485, 0, 0, 0]","[3192.7508723049446, 7559.068315438326, 14829.979773367351, 4029, 8102, 16111]","[4029, 8102, 16111, 4029, 8102, 16111]","[1320, 832, 2701, 0, 0, 0]","[9.952603802871556, 0.8890574311214591, 0.991039386883974, 0.0, 0.0, 0.0]","[427.4643333333333, 152.74006666666668, 340.52113333333347, 0, 0, 0]","[0.2524, 0.004666666666666666, 0.0664, 0, 0, 0]","[0.42280000000000006, 0.004266666666666667, 0.03666666666666667, 0, 0, 0]","[3867.5356666666667, 17027.259933333335, 34019.478866666665, 4295, 17180, 34360]","[371.7476, 359.99533333333335, 376.47360000000003, 372.0, 360.0, 376.54]","[199.5772, 304.9957333333333, 266.7133333333333, 200.0, 305.0, 266.75]","[(24, 0.0001, 0.06551666666666667), (9, 0.037899999999999996, 0.013916666666666666), (21, 0.026199999999999998, 0.013183333333333332), (0, 0, 0), (0, 0, 0), (0, 0, 0)]","[(4002, 67.09989999999999, 10.044483333333332), (16096, 51.862100000000005, 6.176083333333333), (32191, 58.1738, 11.626816666666665), (4026, 67.1, 10.11), (16105, 51.900000000000006, 6.1899999999999995), (32212, 58.2, 11.639999999999999)]","[0, 0, 0, 0, 0, 0]","[0, 0, 0, 0, 0, 0]"
750,"[31.173988582774882, 11.66378671932856, 9.92489603376575, 0.0, 0.0, 0.0]","[11, 6, 6, 0, 0, 0]","[479.5230172545248, 528.8975971112619, 1082.8561030028716, 0, 0, 0]","[3549.476982745475, 7573.102402888738, 15028.143896997128, 4029, 8102, 16111]","[4029, 8102, 16111, 4029, 8102, 16111]","[1256, 945, 1599, 0, 0, 0]","[9.75388624646599, 1.4699033760186264, 0.6871400853705858, 0.0, 0.0, 0.0]","[418.92941428571424, 252.5294, 236.1013333333333, 0, 0, 0]","[0.252, 0.005999999999999999, 0.015466666666666667, 0, 0, 0]","[0.42306666666666665, 0.006933333333333333, 0.012933333333333333, 0, 0, 0]","[3876.0705857142857, 16927.4706, 34123.89866666667, 4295, 17180, 34360]","[371.748, 359.994, 376.52453333333335, 372.0, 360.0, 376.54]","[199.57693333333333, 304.99306666666666, 266.7370666666667, 200.0, 305.0, 266.75]","[(24, 0.0, 0.06456746031746032), (12, 0.0006666666666666666, 0.0014277777777777778), (12, 0.0002833333333333333, 0.0031277777777777784), (0, 0, 0), (0, 0, 0), (0, 0, 0)]","[(4002, 67.1, 10.045432539682539), (16093, 51.89933333333334, 6.188572222222222), (32200, 58.19971666666667, 11.636872222222221), (4026, 67.1, 10.11), (16105, 51.900000000000006, 6.1899999999999995), (32212, 58.2, 11.639999999999999)]","[0, 0, 0, 0, 0, 0]","[0, 0, 0, 0, 0, 0]"
751,"[21.543807396376273, 16.736608244877807, 9.689032338154057, 0.0, 0.0, 0.0]","[9, 9, 6, 0, 0, 0]","[189.219654666331, 938.4936324154827, 594.9238305917509, 0, 0, 0]","[3839.780345333669, 7163.506367584518, 15516.076169408248, 4029, 8102, 16111]","[4029, 8102, 16111, 4029, 8102, 16111]","[868, 1356, 1561, 0, 0, 0]","[4.83364033483009, 3.151913465269693, 0.7860682964687622, 0.0, 0.0, 0.0]","[207.60485238095237, 541.4987333333332, 270.0930666666667, 0, 0, 0]","[0.15079999999999996, 0.594, 0.06013333333333334, 0, 0, 0]","[0.22906666666666667, 0.10693333333333334, 0.039599999999999996, 0, 0, 0]","[4087.3951476190477, 16638.501266666666, 34089.90693333333, 4295, 17180, 34360]","[371.8492, 359.406, 376.4798666666667, 372.0, 360.0, 376.54]","[199.77093333333335, 304.89306666666664, 266.7104, 200.0, 305.0, 266.75]","[(18, 0.0, 0.035651190476190475), (19, 0.057616666666666656, 0.01565), (13, 0.0, 0.004988888888888888), (0, 0, 0), (0, 0, 0), (0, 0, 0)]","[(4008, 67.1, 10.074348809523809), (16086, 51.84238333333334, 6.17435), (32199, 58.2, 11.63501111111111), (4026, 67.1, 10.11), (16105, 51.900000000000006, 6.1899999999999995), (32212, 58.2, 11.639999999999999)]","[0, 0, 0, 0, 0, 0]","[0, 0, 0, 0, 0, 0]"
752,"[10.573343261355175, 27.696864971611944, 6.337285084724723, 0.0, 0.0, 0.0]","[5, 13, 4, 0, 0, 0]","[239.51213639311118, 1321.5919163901463, 256.68984901396203, 0, 0, 0]","[3789.487863606889, 6780.408083609854, 15854.310150986037, 4029, 8102, 16111]","[4029, 8102, 16111, 4029, 8102, 16111]","[426, 2244, 1021, 0, 0, 0]","[2.920443927046954, 11.249428017074118, 0.44809177337989914, 0.0, 0.0, 0.0]","[125.43306666666666, 1932.6517333333334, 153.96433333333334, 0, 0, 0]","[0.0108, 0.6102666666666666, 0.0116, 0, 0, 0]","[0.0068, 0.1358666666666667, 0.0168, 0, 0, 0]","[4169.5669333333335, 15247.348266666666, 34206.03566666666, 4295, 17180, 34360]","[371.9892, 359.3897333333333, 376.52840000000003, 372.0, 360.0, 376.54]","[199.9932, 304.8641333333333, 266.7332, 200.0, 305.0, 266.75]","[(8, 0.0, 0.002194444444444444), (27, 0.03388333333333333, 0.00701111111111111), (9, 0.0, 0.0028777777777777777), (0, 0, 0), (0, 0, 0), (0, 0, 0)]","[(4018, 67.1, 10.107805555555554), (16078, 51.86611666666667, 6.182988888888889), (32203, 58.2, 11.63712222222222), (4026, 67.1, 10.11), (16105, 51.900000000000006, 6.1899999999999995), (32212, 58.2, 11.639999999999999)]","[0, 0, 0, 0, 0, 0]","[0, 0, 0, 0, 0, 0]"
753,"[24.84487465872425, 24.932115527030362, 5.859350754143132, 0.0, 0.0, 0.0]","[8, 12, 3, 0, 0, 0]","[533.9983219393572, 1189.5118469387508, 692.8063433441084, 0, 0, 0]","[3495.001678060643, 6912.488153061249, 15418.19365665589, 4029, 8102, 16111]","[4029, 8102, 16111, 4029, 8102, 16111]","[1001, 2020, 944, 0, 0, 0]","[4.465625145518045, 10.344337213814512, 0.7242745440434614, 0.0, 0.0, 0.0]","[191.79860000000002, 1777.1571333333331, 248.86073333333331, 0, 0, 0]","[0.024800000000000003, 0.5586666666666666, 0.002133333333333333, 0, 0, 0]","[0.0088, 0.1802666666666667, 0.0048, 0, 0, 0]","[4103.2014, 15402.842866666666, 34111.139266666665, 4295, 17180, 34360]","[371.9752, 359.4413333333333, 376.5378666666667, 372.0, 360.0, 376.54]","[199.9912, 304.8197333333333, 266.7452, 200.0, 305.0, 266.75]","[(17, 0.0, 0.003333333333333333), (28, 0.04996666666666666, 0.020327777777777778), (5, 1.666666666666667e-05, 0.029711111111111112), (0, 0, 0), (0, 0, 0), (0, 0, 0)]","[(4009, 67.1, 10.106666666666666), (16077, 51.850033333333336, 6.169672222222221), (32207, 58.199983333333336, 11.610288888888888), (4026, 67.1, 10.11), (16105, 51.900000000000006, 6.1899999999999995), (32212, 58.2, 11.639999999999999)]","[0, 0, 0, 0, 0, 0]","[0, 0, 0, 0, 0, 0]"
754,"[35.145197319434104, 24.352011848926193, 12.364223201539321, 0.0, 0.0, 0.0]","[11, 11, 7, 0, 0, 0]","[921.3536600665162, 1044.3317390793, 1316.3633407822256, 0, 0, 0]","[3107.646339933484, 7057.6682609207, 14794.636659217775, 4029, 8102, 16111]","[4029, 8102, 16111, 4029, 8102, 16111]","[1416, 1973, 1992, 0, 0, 0]","[9.11748855258052, 10.271858362436943, 1.063011835467598, 0.0, 0.0, 0.0]","[391.59613333333334, 1764.7052666666668, 365.25086666666664, 0, 0, 0]","[0.048133333333333334, 0.023866666666666668, 0.0029333333333333334, 0, 0, 0]","[0.01533333333333333, 0.04906666666666666, 0.0016000000000000003, 0, 0, 0]","[3903.4038666666665, 15415.294733333332, 33994.74913333333, 4295, 17180, 34360]","[371.95186666666666, 359.97613333333334, 376.5370666666667, 372.0, 360.0, 376.54]","[199.98466666666667, 304.95093333333335, 266.7484, 200.0, 305.0, 266.75]","[(25, 0.0006666666666666666, 0.006844444444444445), (26, 0.14275, 0.025072222222222225), (15, 5e-05, 0.00926111111111111), (0, 0, 0), (0, 0, 0), (0, 0, 0)]","[(4001, 67.09933333333333, 10.103155555555555), (16079, 51.757250000000006, 6.164927777777777), (32197, 58.19995, 11.630738888888887), (4026, 67.1, 10.11), (16105, 51.900000000000006, 6.1899999999999995), (32212, 58.2, 11.639999999999999)]","[0, 0, 0, 0, 0, 0]","[0, 0, 0, 0, 0, 0]"
755,"[45.420699925539836, 18.69908664527277, 15.014586307491776, 0.0, 0.0, 0.0]","[14, 9, 9, 0, 0, 0]","[1070.3082264368209, 869.4390906233352, 1843.317639974036, 0, 0, 0]","[2958.691773563179, 7232.560909376665, 14267.682360025963, 4029, 8102, 16111]","[4029, 8102, 16111, 4029, 8102, 16111]","[1830, 1515, 2419, 0, 0, 0]","[9.890575087310827, 7.001168412883198, 0.9583583624369422, 0.0, 0.0, 0.0]","[424.8002, 1202.8007333333333, 329.29193333333336, 0, 0, 0]","[0.048933333333333336, 0.023866666666666668, 0.012399999999999998, 0, 0, 0]","[0.022533333333333332, 0.015066666666666666, 0.007866666666666668, 0, 0, 0]","[3870.1998, 15977.199266666667, 34030.708066666666, 4295, 17180, 34360]","[371.9510666666667, 359.97613333333334, 376.5276, 372.0, 360.0, 376.54]","[199.97746666666666, 304.98493333333334, 266.74213333333336, 200.0, 305.0, 266.75]","[(35, 0.008433333333333333, 0.008022222222222222), (20, 0.03378333333333334, 0.005372222222222222), (19, 0.0, 0.0035222222222222213), (0, 0, 0), (0, 0, 0), (0, 0, 0)]","[(3991, 67.09156666666667, 10.101977777777778), (16085, 51.86621666666667, 6.184627777777777), (32193, 58.2, 11.636477777777776), (4026, 67.1, 10.11), (16105, 51.900000000000006, 6.1899999999999995), (32212, 58.2, 11.639999999999999)]","[0, 0, 0, 0, 0, 0]","[0, 0, 0, 0, 0, 0]"
756,"[37.552742616033754, 20.16785978770674, 19.129787101980014, 0.0, 0.0, 0.0]","[12, 9, 11, 0, 0, 0]","[852.7427455167082, 779.8359210529597, 1280.5368266058904, 0, 0, 0]","[3176.257254483292, 7322.16407894704, 14830.46317339411, 4029, 8102, 16111]","[4029, 8102, 16111, 4029, 8102, 16111]","[1513, 1634, 3082, 0, 0, 0]","[9.379928599146293, 8.017642995731473, 1.2103804811796663, 0.0, 0.0, 0.0]","[402.8679333333333, 1377.431066666667, 415.8867333333334, 0, 0, 0]","[0.040400000000000005, 1.5981333333333334, 0.02386666666666666, 0, 0, 0]","[0.014533333333333332, 0.0492, 0.014666666666666663, 0, 0, 0]","[3892.1320666666666, 15802.568933333332, 33944.11326666667, 4295, 17180, 34360]","[371.9596, 358.40186666666665, 376.51613333333336, 372.0, 360.0, 376.54]","[199.98546666666667, 304.9508, 266.73533333333336, 200.0, 305.0, 266.75]","[(30, 0.0002833333333333333, 0.007333333333333333), (18, 0.00031666666666666665, 0.0015444444444444444), (22, 0.0010666666666666667, 0.0048), (0, 0, 0), (0, 0, 0), (0, 0, 0)]","[(3996, 67.09971666666667, 10.102666666666666), (16087, 51.899683333333336, 6.188455555555555), (32190, 58.198933333333336, 11.6352), (4026, 67.1, 10.11), (16105, 51.900000000000006, 6.1899999999999995), (32212, 58.2, 11.639999999999999)]","[0, 0, 0, 0, 0, 0]","[0, 0, 0, 0, 0, 0]"
757,"[45.17249937949864, 24.302641323130093, 14.964930792626156, 0.0, 0.0, 0.0]","[12, 10, 9, 0, 0, 0]","[1351.6468736804336, 850.7610751604687, 1178.6186977789, 0, 0, 0]","[2677.3531263195664, 7251.238924839531, 14932.3813022211, 4029, 8102, 16111]","[4029, 8102, 16111, 4029, 8102, 16111]","[1820, 1969, 2411, 0, 0, 0]","[9.849902987970507, 0.6904264648816453, 0.9127097400077611, 0.0, 0.0, 0.0]","[423.0533333333333, 118.61526666666667, 313.6070666666667, 0, 0, 0]","[1.1811999999999998, 0.0236, 0.023066666666666666, 0, 0, 0]","[1.173066666666667, 0.019866666666666668, 0.016666666666666666, 0, 0, 0]","[3871.9466666666667, 17061.384733333332, 34046.392933333336, 4295, 17180, 34360]","[370.8188, 359.9764, 376.5169333333333, 372.0, 360.0, 376.54]","[198.82693333333333, 304.98013333333336, 266.73333333333335, 200.0, 305.0, 266.75]","[(29, 0.0005, 0.006972222222222222), (15, 0.0006000000000000001, 0.0015222222222222221), (16, 0.0, 0.0016777777777777778), (0, 0, 0), (0, 0, 0), (0, 0, 0)]","[(3997, 67.09949999999999, 10.103027777777777), (16090, 51.89940000000001, 6.188477777777777), (32196, 58.2, 11.638322222222222), (4026, 67.1, 10.11), (16105, 51.900000000000006, 6.1899999999999995), (32212, 58.2, 11.639999999999999)]","[0, 0, 0, 0, 0, 0]","[0, 0, 0, 0, 0, 0]"
758,"[41.474311243484735, 24.426067637620342, 14.573893613059399, 0.0, 0.0, 0.0]","[11, 9, 9, 0, 0, 0]","[1134.0902270853903, 1218.8119329211504, 1571.7987322457577, 0, 0, 0]","[2894.9097729146097, 6883.18806707885, 14539.201267754243, 4029, 8102, 16111]","[4029, 8102, 16111, 4029, 8102, 16111]","[1671, 1979, 2348, 0, 0, 0]","[8.345386107877378, 0.4719767171129219, 0.8202718277066355, 0.0, 0.0, 0.0]","[358.4343333333333, 81.08559999999999, 281.8454, 0, 0, 0]","[0.03986666666666667, 0.014933333333333331, 0.02826666666666667, 0, 0, 0]","[0.029866666666666666, 0.024133333333333333, 0.024666666666666667, 0, 0, 0]","[3936.565666666667, 17098.9144, 34078.1546, 4295, 17180, 34360]","[371.9601333333333, 359.9850666666667, 376.5117333333334, 372.0, 360.0, 376.54]","[199.97013333333334, 304.97586666666666, 266.7253333333333, 200.0, 305.0, 266.75]","[(24, 0.0004999999999999999, 0.0057555555555555546), (12, 0.0002333333333333333, 0.0027111111111111108), (16, 0.0010666666666666667, 0.003294444444444444), (0, 0, 0), (0, 0, 0), (0, 0, 0)]","[(4002, 67.09949999999999, 10.104244444444443), (16093, 51.89976666666667, 6.187288888888888), (32196, 58.198933333333336, 11.636705555555555), (4026, 67.1, 10.11), (16105, 51.900000000000006, 6.1899999999999995), (32212, 58.2, 11.639999999999999)]","[0, 0, 0, 0, 0, 0]","[0, 0, 0, 0, 0, 0]"
759,"[38.5951849094068, 29.73339916070106, 14.325616038731301, 0.0, 0.0, 0.0]","[9, 11, 9, 0, 0, 0]","[801.4267925957738, 632.456132386786, 1368.1088054131797, 0, 0, 0]","[3227.573207404226, 7469.543867613214, 14742.89119458682, 4029, 8102, 16111]","[4029, 8102, 16111, 4029, 8102, 16111]","[1555, 2409, 2308, 0, 0, 0]","[5.265192083818392, 2.5446100116414434, 0.7404146294140475, 0.0, 0.0, 0.0]","[226.13999999999996, 437.164, 254.4064666666667, 0, 0, 0]","[0.03013333333333333, 0.0236, 0.06453333333333335, 0, 0, 0]","[0.015466666666666667, 0.03986666666666666, 0.03493333333333333, 0, 0, 0]","[4068.86, 16742.836, 34105.59353333333, 4295, 17180, 34360]","[371.9698666666667, 359.9764, 376.4754666666667, 372.0, 360.0, 376.54]","[199.98453333333333, 304.9601333333333, 266.71506666666664, 200.0, 305.0, 266.75]","[(18, 0.0, 0.0044222222222222215), (18, 0.00046666666666666666, 0.003461111111111111), (18, 0.026199999999999998, 0.011733333333333332), (0, 0, 0), (0, 0, 0), (0, 0, 0)]","[(4008, 67.1, 10.105577777777777), (16087, 51.89953333333334, 6.186538888888888), (32194, 58.1738, 11.628266666666665), (4026, 67.1, 10.11), (16105, 51.900000000000006, 6.1899999999999995), (32212, 58.2, 11.639999999999999)]","[0, 0, 0, 0, 0, 0]","[0, 0, 0, 0, 0, 0]"
760,"[24.199553239017128, 18.53863243643545, 21.82980572279809, 0.0, 0.0, 0.0]","[6, 8, 14, 0, 0, 0]","[372.41655514831405, 1054.5551340450004, 1837.843941782664, 0, 0, 0]","[3656.583444851686, 7047.444865955, 14273.156058217337, 4029, 8102, 16111]","[4029, 8102, 16111, 4029, 8102, 16111]","[975, 1502, 3517, 0, 0, 0]","[3.8634567326348463, 9.690264648816452, 1.8296263096623984, 0.0, 0.0, 0.0]","[165.93546666666666, 1664.7874666666664, 628.6596000000001, 0, 0, 0]","[0.012933333333333335, 0.28959999999999997, 0.2032, 0, 0, 0]","[0.016800000000000002, 0.1037333333333333, 0.06, 0, 0, 0]","[4129.064533333333, 15515.212533333333, 33731.3404, 4295, 17180, 34360]","[371.9870666666667, 359.7104, 376.33680000000004, 372.0, 360.0, 376.54]","[199.9832, 304.8962666666667, 266.69, 200.0, 305.0, 266.75]","[(12, 1.666666666666667e-05, 0.002505555555555556), (16, 0.0, 0.005244444444444443), (32, 0.00034999999999999994, 0.08505555555555555), (0, 0, 0), (0, 0, 0), (0, 0, 0)]","[(4014, 67.09998333333333, 10.107494444444443), (16089, 51.900000000000006, 6.184755555555555), (32180, 58.199650000000005, 11.554944444444443), (4026, 67.1, 10.11), (16105, 51.900000000000006, 6.1899999999999995), (32212, 58.2, 11.639999999999999)]","[0, 0, 0, 0, 0, 0]","[0, 0, 0, 0, 0, 0]"
761,"[17.101017622238768, 21.920513453468278, 18.757370740487865, 0.0, 0.0, 0.0]","[5, 10, 12, 0, 0, 0]","[405.4900906379024, 806.269856238183, 1323.0447025609333, 0, 0, 0]","[3623.5099093620975, 7295.730143761817, 14787.955297439066, 4029, 8102, 16111]","[4029, 8102, 16111, 4029, 8102, 16111]","[689, 1776, 3022, 0, 0, 0]","[3.215452076057432, 11.102699650756694, 1.2640372526193249, 0.0, 0.0, 0.0]","[138.1036666666667, 1907.4438, 434.32320000000004, 0, 0, 0]","[0.011999999999999999, 0.10386666666666666, 0.21880000000000002, 0, 0, 0]","[0.017333333333333333, 0.12093333333333334, 0.0492, 0, 0, 0]","[4156.896333333333, 15272.556199999999, 33925.6768, 4295, 17180, 34360]","[371.988, 359.89613333333335, 376.32120000000003, 372.0, 360.0, 376.54]","[199.98266666666666, 304.8790666666667, 266.7008, 200.0, 305.0, 266.75]","[(13, 0.0, 0.0022666666666666664), (20, 0.00013333333333333334, 0.05137222222222223), (26, 1.666666666666667e-05, 0.07772222222222222), (0, 0, 0), (0, 0, 0), (0, 0, 0)]","[(4013, 67.1, 10.107733333333332), (16085, 51.899866666666675, 6.138627777777777), (32186, 58.199983333333336, 11.562277777777776), (4026, 67.1, 10.11), (16105, 51.900000000000006, 6.1899999999999995), (32212, 58.2, 11.639999999999999)]","[0, 0, 0, 0, 0, 0]","[0, 0, 0, 0, 0, 0]"
762,"[17.00173740382229, 13.848432485805972, 13.692508224194649, 0.0, 0.0, 0.0]","[5, 8, 9, 0, 0, 0]","[331.2574395909579, 299.3307917267373, 964.48337686063, 0, 0, 0]","[3697.742560409042, 7802.6692082732625, 15146.51662313937, 4029, 8102, 16111]","[4029, 8102, 16111, 4029, 8102, 16111]","[685, 1122, 2206, 0, 0, 0]","[3.5521629802095465, 8.51762824990299, 1.3377939464493596, 0.0, 0.0, 0.0]","[152.5654, 1463.3285333333336, 459.66599999999994, 0, 0, 0]","[0.012133333333333331, 0.08626666666666666, 0.013866666666666664, 0, 0, 0]","[0.016266666666666665, 0.0732, 0.0168, 0, 0, 0]","[4142.4346, 15716.671466666667, 33900.334, 4295, 17180, 34360]","[371.98786666666666, 359.9137333333333, 376.52613333333335, 372.0, 360.0, 376.54]","[199.98373333333333, 304.9268, 266.7332, 200.0, 305.0, 266.75]","[(11, 0.0, 0.001388888888888889), (16, 1.666666666666667e-05, 0.0039722222222222225), (19, 0.0, 0.004138888888888888), (0, 0, 0), (0, 0, 0), (0, 0, 0)]","[(4015, 67.1, 10.108611111111111), (16089, 51.89998333333334, 6.1860277777777775), (32193, 58.2, 11.63586111111111), (4026, 67.1, 10.11), (16105, 51.900000000000006, 6.1899999999999995), (32212, 58.2, 11.639999999999999)]","[0, 0, 0, 0, 0, 0]","[0, 0, 0, 0, 0, 0]"
763,"[14.916852817076197, 9.219945692421625, 16.597355843833405, 0.0, 0.0, 0.0]","[5, 5, 10, 0, 0, 0]","[351.5172091149219, 567.2458725954999, 1171.7750901167735, 0, 0, 0]","[3677.482790885078, 7534.7541274045, 14939.224909883227, 4029, 8102, 16111]","[4029, 8102, 16111, 4029, 8102, 16111]","[601, 747, 2674, 0, 0, 0]","[2.1097213814512994, 0.6367792006208771, 0.8397233216918898, 0.0, 0.0, 0.0]","[90.61253333333332, 109.39866666666668, 288.5289333333333, 0, 0, 0]","[0.041199999999999994, 0.021466666666666665, 0.019866666666666664, 0, 0, 0]","[0.03613333333333334, 0.008266666666666667, 0.005733333333333333, 0, 0, 0]","[4204.387466666667, 17070.601333333332, 34071.471066666665, 4295, 17180, 34360]","[371.9588, 359.97853333333336, 376.5201333333334, 372.0, 360.0, 376.54]","[199.96386666666666, 304.99173333333334, 266.74426666666665, 200.0, 305.0, 266.75]","[(10, 0.0, 0.0025444444444444447), (10, 0.0, 0.04792023809523809), (20, 0.0039, 0.005127777777777778), (0, 0, 0), (0, 0, 0), (0, 0, 0)]","[(4016, 67.1, 10.107455555555555), (16095, 51.900000000000006, 6.142079761904761), (32192, 58.1961, 11.63487222222222), (4026, 67.1, 10.11), (16105, 51.900000000000006, 6.1899999999999995), (32212, 58.2, 11.639999999999999)]","[0, 0, 0, 0, 0, 0]","[0, 0, 0, 0, 0, 0]"
764,"[22.710349962769918, 10.232041471241669, 12.122152566569424, 0.0, 0.0, 0.0]","[5, 5, 7, 0, 0, 0]","[210.276333425014, 584.2779746505176, 1351.4114798162955, 0, 0, 0]","[3818.723666574986, 7517.7220253494825, 14759.588520183705, 4029, 8102, 16111]","[4029, 8102, 16111, 4029, 8102, 16111]","[915, 829, 1953, 0, 0, 0]","[2.49016996507567, 0.768008925106713, 0.5991501746216531, 0.0, 0.0, 0.0]","[106.95280000000001, 131.9439333333333, 205.868, 0, 0, 0]","[0.037200000000000004, 0.0212, 0.0184, 0, 0, 0]","[0.030666666666666672, 0.008, 0.0004000000000000001, 0, 0, 0]","[4188.0472, 17048.056066666668, 34154.132, 4295, 17180, 34360]","[371.9628, 359.9788, 376.52160000000003, 372.0, 360.0, 376.54]","[199.96933333333334, 304.992, 266.7496, 200.0, 305.0, 266.75]","[(9, 0.03961666666666667, 0.015738888888888893), (9, 0.0, 0.024866666666666672), (16, 0.0, 0.0028833333333333337), (0, 0, 0), (0, 0, 0), (0, 0, 0)]","[(4017, 67.06038333333333, 10.094261111111111), (16096, 51.900000000000006, 6.1651333333333325), (32196, 58.2, 11.637116666666666), (4026, 67.1, 10.11), (16105, 51.900000000000006, 6.1899999999999995), (32212, 58.2, 11.639999999999999)]","[2, 0, 0, 0, 0, 0]","[2, 0, 2, 0, 0, 0]"
765,"[17.27475800446761, 14.539619846951371, 11.861461113524921, 0.0, 0.0, 0.0]","[3, 7, 7, 0, 0, 0]","[126.90979393651605, 525.8495424007192, 897.9761333311707, 0, 0, 0]","[3902.090206063484, 7576.15045759928, 15213.02386666883, 4029, 8102, 16111]","[4029, 8102, 16111, 4029, 8102, 16111]","[696, 1178, 1911, 0, 0, 0]","[2.9866014745828484, 1.5505188203337215, 0.44312902599922394, 0.0, 0.0, 0.0]","[128.27453333333332, 266.37913333333336, 152.25913333333335, 0, 0, 0]","[0.0022666666666666673, 0.0212, 0.018533333333333332, 0, 0, 0]","[0.005066666666666666, 0.013733333333333334, 0.0004000000000000001, 0, 0, 0]","[4166.725466666667, 16913.620866666668, 34207.74086666667, 4295, 17180, 34360]","[371.9977333333333, 359.9788, 376.5214666666667, 372.0, 360.0, 376.54]","[199.99493333333334, 304.98626666666667, 266.7496, 200.0, 305.0, 266.75]","[(6, 0.0, 0.0011444444444444447), (10, 0.0, 0.028930158730158737), (17, 1.666666666666667e-05, 0.0030055555555555556), (0, 0, 0), (0, 0, 0), (0, 0, 0)]","[(4020, 67.1, 10.108855555555555), (16095, 51.900000000000006, 6.161069841269841), (32195, 58.199983333333336, 11.636994444444444), (4026, 67.1, 10.11), (16105, 51.900000000000006, 6.1899999999999995), (32212, 58.2, 11.639999999999999)]","[2, 0, 0, 0, 0, 0]","[2, 0, 2, 0, 0, 0]"
766,"[20.501365103003227, 18.43989138484325, 11.501458630749177, 0.0, 0.0, 0.0]","[4, 5, 7, 0, 0, 0]","[195.02965821709859, 700.9269663823353, 1015.8554834046977, 0, 0, 0]","[3833.9703417829014, 7401.073033617665, 15095.144516595303, 4029, 8102, 16111]","[4029, 8102, 16111, 4029, 8102, 16111]","[826, 1494, 1853, 0, 0, 0]","[1.9754474194800156, 1.420059759410167, 0.6483591385331783, 0.0, 0.0, 0.0]","[84.84546666666667, 243.96626666666668, 222.77620000000005, 0, 0, 0]","[0.002266666666666667, 0.00013333333333333337, 0.058, 0, 0, 0]","[0.007333333333333332, 0.0017333333333333333, 0.017866666666666666, 0, 0, 0]","[4210.154533333333, 16936.033733333334, 34137.2238, 4295, 17180, 34360]","[371.9977333333333, 359.99986666666666, 376.482, 372.0, 360.0, 376.54]","[199.99266666666668, 304.99826666666667, 266.7321333333333, 200.0, 305.0, 266.75]","[(10, 0.0, 0.0012333333333333332), (9, 0.0, 0.003955555555555556), (17, 0.026199999999999998, 0.011938888888888888), (0, 0, 0), (0, 0, 0), (0, 0, 0)]","[(4016, 67.1, 10.108766666666666), (16096, 51.900000000000006, 6.186044444444444), (32195, 58.1738, 11.62806111111111), (4026, 67.1, 10.11), (16105, 51.900000000000006, 6.1899999999999995), (32212, 58.2, 11.639999999999999)]","[4, 2, 0, 0, 0, 0]","[4, 2, 4, 0, 0, 0]"
767,"[19.905683792504345, 17.378425080227107, 11.278008813853889, 0.0, 0.0, 0.0]","[4, 4, 7, 0, 0, 0]","[291.1629216525678, 334.26933278222174, 710.444437297906, 0, 0, 0]","[3737.837078347432, 7767.730667217778, 15400.555562702095, 4029, 8102, 16111]","[4029, 8102, 16111, 4029, 8102, 16111]","[802, 1408, 1817, 0, 0, 0]","[2.048679860302678, 0.6324652696934419, 0.6358998835855646, 0.0, 0.0, 0.0]","[87.99080000000001, 108.65753333333332, 218.4952, 0, 0, 0]","[0.0024000000000000002, 0.002133333333333334, 0.020666666666666667, 0, 0, 0]","[0.008400000000000001, 0.004666666666666666, 0.0006666666666666668, 0, 0, 0]","[4207.0092, 17071.342466666665, 34141.5048, 4295, 17180, 34360]","[371.9976, 359.99786666666665, 376.51933333333335, 372.0, 360.0, 376.54]","[199.9916, 304.99533333333335, 266.7493333333333, 200.0, 305.0, 266.75]","[(11, 0.0, 0.0017833333333333334), (9, 0.0, 0.004188888888888889), (17, 0.0002833333333333333, 0.0025444444444444447), (0, 0, 0), (0, 0, 0), (0, 0, 0)]","[(4015, 67.1, 10.108216666666666), (16096, 51.900000000000006, 6.185811111111111), (32195, 58.19971666666667, 11.637455555555555), (4026, 67.1, 10.11), (16105, 51.900000000000006, 6.1899999999999995), (32212, 58.2, 11.639999999999999)]","[4, 2, 0, 0, 0, 0]","[4, 2, 4, 0, 0, 0]"
768,"[10.747083643584016, 4.974080473957048, 11.600769660480417, 0.0, 0.0, 0.0]","[5, 2, 7, 0, 0, 0]","[206.7613661774696, 384.9316288686755, 888.0077148760142, 0, 0, 0]","[3822.2386338225306, 7717.068371131325, 15222.992285123986, 4029, 8102, 16111]","[4029, 8102, 16111, 4029, 8102, 16111]","[433, 403, 1869, 0, 0, 0]","[1.8676026387272022, 0.2197233216918898, 0.4283787349631354, 0.0, 0.0, 0.0]","[80.21353333333333, 37.748466666666666, 147.19093333333333, 0, 0, 0]","[0.22906666666666667, 0.002, 0.04253333333333333, 0, 0, 0]","[0.23373333333333332, 0.004533333333333333, 0.021866666666666666, 0, 0, 0]","[4214.7864666666665, 17142.251533333332, 34212.80906666667, 4295, 17180, 34360]","[371.77093333333335, 359.998, 376.4974666666667, 372.0, 360.0, 376.54]","[199.76626666666667, 304.9954666666667, 266.72813333333335, 200.0, 305.0, 266.75]","[(13, 0.0, 0.001677777777777778), (5, 0.0, 0.0005444444444444444), (16, 0.0, 0.0005777777777777779), (0, 0, 0), (0, 0, 0), (0, 0, 0)]","[(4013, 67.1, 10.108322222222222), (16100, 51.900000000000006, 6.189455555555555), (32196, 58.2, 11.63942222222222), (4026, 67.1, 10.11), (16105, 51.900000000000006, 6.1899999999999995), (32212, 58.2, 11.639999999999999)]","[0, 0, 0, 0, 0, 0]","[0, 0, 0, 0, 0, 0]"
769,"[11.814345991561181, 9.93581831646507, 7.547638259574203, 0.0, 0.0, 0.0]","[5, 4, 4, 0, 0, 0]","[320.3671279185529, 522.2454843458056, 327.5776147187006, 0, 0, 0]","[3708.632872081447, 7579.754515654195, 15783.4223852813, 4029, 8102, 16111]","[4029, 8102, 16111, 4029, 8102, 16111]","[476, 805, 1216, 0, 0, 0]","[3.9895677143965838, 0.5350624757469926, 0.15868606907256502, 0.0, 0.0, 0.0]","[171.35193333333328, 91.92373333333333, 54.52453333333334, 0, 0, 0]","[0.20706666666666668, 0.008, 0.005999999999999999, 0, 0, 0]","[0.2256, 0.012533333333333334, 0.0054666666666666665, 0, 0, 0]","[4123.648066666667, 17088.076266666667, 34305.47546666666, 4295, 17180, 34360]","[371.79293333333334, 359.992, 376.53400000000005, 372.0, 360.0, 376.54]","[199.7744, 304.98746666666665, 266.7445333333333, 200.0, 305.0, 266.75]","[(13, 0.0002833333333333333, 0.0463), (9, 0.0, 0.003116666666666666), (8, 0.0, 6.111111111111111e-05), (0, 0, 0), (0, 0, 0), (0, 0, 0)]","[(4013, 67.09971666666667, 10.063699999999999), (16096, 51.900000000000006, 6.186883333333332), (32204, 58.2, 11.639938888888887), (4026, 67.1, 10.11), (16105, 51.900000000000006, 6.1899999999999995), (32212, 58.2, 11.639999999999999)]","[0, 0, 0, 0, 0, 0]","[0, 0, 0, 0, 0, 0]"
770,"[15.984115165053364, 8.602814119970379, 5.815902178635715, 0.0, 0.0, 0.0]","[7, 4, 3, 0, 0, 0]","[430.48848006529056, 485.82931356275753, 469.3330695527447, 0, 0, 0]","[3598.511519934709, 7616.170686437243, 15641.666930447256, 4029, 8102, 16111]","[4029, 8102, 16111, 4029, 8102, 16111]","[644, 697, 937, 0, 0, 0]","[5.354700814901047, 0.5228533178114086, 0.12244741948001553, 0.0, 0.0, 0.0]","[229.98439999999997, 89.8262, 42.07293333333334, 0, 0, 0]","[0.18319999999999995, 0.014666666666666666, 0.011866666666666668, 0, 0, 0]","[0.18693333333333337, 0.020533333333333334, 0.0024, 0, 0, 0]","[4065.0156, 17090.1738, 34317.92706666666, 4295, 17180, 34360]","[371.8168, 359.98533333333336, 376.52813333333336, 372.0, 360.0, 376.54]","[199.81306666666666, 304.97946666666667, 266.7476, 200.0, 305.0, 266.75]","[(17, 6.666666666666667e-05, 0.0020444444444444447), (10, 0.0, 0.0024666666666666674), (4, 0.0, 0.0011222222222222222), (0, 0, 0), (0, 0, 0), (0, 0, 0)]","[(4009, 67.09993333333333, 10.107955555555556), (16095, 51.900000000000006, 6.187533333333333), (32208, 58.2, 11.638877777777777), (4026, 67.1, 10.11), (16105, 51.900000000000006, 6.1899999999999995), (32212, 58.2, 11.639999999999999)]","[0, 0, 0, 0, 0, 0]","[0, 0, 0, 0, 0, 0]"
771,"[16.554976420948126, 10.71340409775364, 5.666935634038856, 0.0, 0.0, 0.0]","[7, 4, 3, 0, 0, 0]","[263.8276062606372, 401.080642476167, 515.1904840964442, 0, 0, 0]","[3765.1723937393626, 7700.919357523833, 15595.809515903557, 4029, 8102, 16111]","[4029, 8102, 16111, 4029, 8102, 16111]","[667, 868, 913, 0, 0, 0]","[4.608046565774157, 7.724947613504073, 0.07692665890570431, 0.0, 0.0, 0.0]","[197.91560000000004, 1327.1459999999997, 26.432, 0, 0, 0]","[0.188, 0.19319999999999998, 0.015066666666666666, 0, 0, 0]","[0.1896, 0.016, 0.004933333333333334, 0, 0, 0]","[4097.0844, 15852.854, 34333.568, 4295, 17180, 34360]","[371.812, 359.8068, 376.52493333333337, 372.0, 360.0, 376.54]","[199.8104, 304.984, 266.7450666666667, 200.0, 305.0, 266.75]","[(16, 1.666666666666667e-05, 0.001416666666666667), (9, 0.0, 0.0020555555555555557), (5, 0.0, 0.002211111111111111), (0, 0, 0), (0, 0, 0), (0, 0, 0)]","[(4010, 67.09998333333333, 10.108583333333332), (16096, 51.900000000000006, 6.187944444444444), (32207, 58.2, 11.637788888888888), (4026, 67.1, 10.11), (16105, 51.900000000000006, 6.1899999999999995), (32212, 58.2, 11.639999999999999)]","[0, 0, 0, 0, 0, 0]","[0, 0, 0, 0, 0, 0]"
772,"[20.302804666170264, 11.68847198222661, 7.31177456396251, 0.0, 0.0, 0.0]","[8, 5, 4, 0, 0, 0]","[318.3555225247818, 633.0036135638436, 996.9166759218073, 0, 0, 0]","[3710.644477475218, 7468.996386436156, 15114.083324078192, 4029, 8102, 16111]","[4029, 8102, 16111, 4029, 8102, 16111]","[818, 947, 1178, 0, 0, 0]","[4.5476402239592, 16.374578967792004, 0.6734119130772215, 0.0, 0.0, 0.0]","[195.32114761904762, 2813.1526666666664, 231.3843333333333, 0, 0, 0]","[0.005200000000000001, 0.0030666666666666668, 0.0328, 0, 0, 0]","[0.0008000000000000001, 0.0132, 0.02466666666666666, 0, 0, 0]","[4099.678852380953, 14366.847333333333, 34128.615666666665, 4295, 17180, 34360]","[371.9948, 359.99693333333335, 376.5072, 372.0, 360.0, 376.54]","[199.9992, 304.9868, 266.7253333333333, 200.0, 305.0, 266.75]","[(14, 0.0, 0.0015896825396825396), (13, 0.0, 0.0005555555555555556), (6, 0.0, 0.031344444444444446), (0, 0, 0), (0, 0, 0), (0, 0, 0)]","[(4012, 67.1, 10.108410317460317), (16092, 51.900000000000006, 6.189444444444444), (32206, 58.2, 11.608655555555554), (4026, 67.1, 10.11), (16105, 51.900000000000006, 6.1899999999999995), (32212, 58.2, 11.639999999999999)]","[0, 0, 0, 0, 0, 0]","[0, 0, 0, 0, 0, 0]"
773,"[23.20675105485232, 13.860775117254997, 8.51592079945379, 0.0, 0.0, 0.0]","[8, 7, 5, 0, 0, 0]","[433.04324190654046, 768.7090240116316, 1297.6867365084643, 0, 0, 0]","[3595.9567580934595, 7333.290975988369, 14813.313263491536, 4029, 8102, 16111]","[4029, 8102, 16111, 4029, 8102, 16111]","[935, 1123, 1372, 0, 0, 0]","[2.865247630134708, 10.957999999999998, 1.3631016686069073, 0.0, 0.0, 0.0]","[123.06238571428571, 1882.5843999999997, 468.36173333333335, 0, 0, 0]","[1.2565333333333333, 0.03133333333333333, 0.606, 0, 0, 0]","[1.3465333333333334, 0.047999999999999994, 0.12186666666666666, 0, 0, 0]","[4171.9376142857145, 15297.4156, 33891.63826666667, 4295, 17180, 34360]","[370.7434666666667, 359.96866666666665, 375.934, 372.0, 360.0, 376.54]","[198.65346666666667, 304.952, 266.6281333333333, 200.0, 305.0, 266.75]","[(10, 0.004966666666666665, 0.031223412698412695), (19, 8.333333333333334e-05, 0.05973333333333334), (7, 0.0, 0.005288888888888889), (0, 0, 0), (0, 0, 0), (0, 0, 0)]","[(4016, 67.09503333333333, 10.078776587301586), (16086, 51.89991666666667, 6.1302666666666665), (32205, 58.2, 11.63471111111111), (4026, 67.1, 10.11), (16105, 51.900000000000006, 6.1899999999999995), (32212, 58.2, 11.639999999999999)]","[0, 0, 0, 0, 0, 0]","[0, 0, 0, 0, 0, 0]"
774,"[14.767932489451477, 18.53863243643545, 9.639376823288437, 0.0, 0.0, 0.0]","[5, 10, 6, 0, 0, 0]","[395.03195124666996, 960.543264731166, 1087.7507314599627, 0, 0, 0]","[3633.96804875333, 7141.456735268834, 15023.249268540038, 4029, 8102, 16111]","[4029, 8102, 16111, 4029, 8102, 16111]","[595, 1502, 1553, 0, 0, 0]","[1.8502972448583626, 12.980018626309665, 1.851379123011253, 0.0, 0.0, 0.0]","[79.47026666666666, 2229.9672, 636.1338666666666, 0, 0, 0]","[0.11946666666666667, 0.018666666666666668, 0.6215999999999998, 0, 0, 0]","[0.21253333333333335, 0.02666666666666667, 0.12600000000000003, 0, 0, 0]","[4215.529733333334, 14950.0328, 33723.86613333334, 4295, 17180, 34360]","[371.88053333333335, 359.98133333333334, 375.9184, 372.0, 360.0, 376.54]","[199.78746666666666, 304.97333333333336, 266.624, 200.0, 305.0, 266.75]","[(6, 5e-05, 0.027594444444444446), (25, 0.046933333333333334, 0.007599999999999999), (10, 5.000000000000001e-05, 0.00945), (0, 0, 0), (0, 0, 0), (0, 0, 0)]","[(4020, 67.09994999999999, 10.082405555555555), (16080, 51.85306666666667, 6.1823999999999995), (32202, 58.19995, 11.63055), (4026, 67.1, 10.11), (16105, 51.900000000000006, 6.1899999999999995), (32212, 58.2, 11.639999999999999)]","[0, 0, 0, 0, 0, 0]","[0, 0, 0, 0, 0, 0]"
775,"[13.526929759245471, 17.452480868921256, 12.109738687853019, 0.0, 0.0, 0.0]","[5, 9, 7, 0, 0, 0]","[196.34026481229876, 1125.8262790976003, 520.3401012717344, 0, 0, 0]","[3832.6597351877012, 6976.1737209023995, 15590.659898728265, 4029, 8102, 16111]","[4029, 8102, 16111, 4029, 8102, 16111]","[545, 1414, 1951, 0, 0, 0]","[2.1717594101668602, 3.9105195964299573, 1.7244784633294528, 0.0, 0.0, 0.0]","[93.27706666666666, 671.8272666666667, 592.5308, 0, 0, 0]","[0.011466666666666667, 0.0010666666666666667, 0.5478666666666665, 0, 0, 0]","[0.013866666666666666, 0.016133333333333333, 0.10626666666666666, 0, 0, 0]","[4201.7229333333335, 16508.172733333333, 33767.4692, 4295, 17180, 34360]","[371.98853333333335, 359.99893333333335, 375.99213333333336, 372.0, 360.0, 376.54]","[199.98613333333333, 304.98386666666664, 266.64373333333333, 200.0, 305.0, 266.75]","[(6, 3.3333333333333335e-05, 0.001627777777777778), (22, 5e-05, 0.0025555555555555553), (15, 0.0, 0.0096), (0, 0, 0), (0, 0, 0), (0, 0, 0)]","[(4020, 67.09996666666666, 10.108372222222222), (16083, 51.899950000000004, 6.187444444444444), (32197, 58.2, 11.630399999999998), (4026, 67.1, 10.11), (16105, 51.900000000000006, 6.1899999999999995), (32212, 58.2, 11.639999999999999)]","[0, 0, 0, 0, 0, 0]","[0, 0, 0, 0, 0, 0]"
776,"[16.133035492678083, 21.42680819550728, 6.362112842157532, 0.0, 0.0, 0.0]","[5, 10, 4, 0, 0, 0]","[372.47130001082985, 861.5263082975841, 443.87311181752875, 0, 0, 0]","[3656.52869998917, 7240.473691702416, 15667.12688818247, 4029, 8102, 16111]","[4029, 8102, 16111, 4029, 8102, 16111]","[650, 1736, 1025, 0, 0, 0]","[2.640712456344587, 4.079379511059371, 0.4002817229336437, 0.0, 0.0, 0.0]","[113.41860000000001, 700.8374, 137.5368, 0, 0, 0]","[0.0068, 0.0010666666666666667, 0.0, 0, 0, 0]","[0.013066666666666666, 0.015866666666666668, 0.0, 0, 0, 0]","[4181.5814, 16479.1626, 34222.4632, 4295, 17180, 34360]","[371.9932, 359.99893333333335, 376.54, 372.0, 360.0, 376.54]","[199.98693333333333, 304.9841333333333, 266.75, 200.0, 305.0, 266.75]","[(9, 5e-05, 0.0015), (21, 0.04923333333333334, 0.04442435897435898), (11, 0.0, 0.0019333333333333331), (0, 0, 0), (0, 0, 0), (0, 0, 0)]","[(4017, 67.09994999999999, 10.1085), (16084, 51.85076666666667, 6.145575641025641), (32201, 58.2, 11.638066666666665), (4026, 67.1, 10.11), (16105, 51.900000000000006, 6.1899999999999995), (32212, 58.2, 11.639999999999999)]","[0, 0, 0, 0, 0, 0]","[0, 0, 0, 0, 0, 0]"
777,"[20.079424174733184, 14.292767217970873, 11.687666811495252, 0.0, 0.0, 0.0]","[7, 6, 8, 0, 0, 0]","[362.9669750304899, 594.1051579656626, 1225.2017501611165, 0, 0, 0]","[3666.0330249695103, 7507.894842034338, 14885.798249838883, 4029, 8102, 16111]","[4029, 8102, 16111, 4029, 8102, 16111]","[809, 1158, 1883, 0, 0, 0]","[5.505243306169963, 2.914392704695382, 1.1857169188979435, 0.0, 0.0, 0.0]","[236.45019999999994, 500.69266666666664, 407.4123333333334, 0, 0, 0]","[0.017466666666666665, 0.05879999999999999, 0.0006666666666666668, 0, 0, 0]","[0.05226666666666666, 0.054933333333333334, 0.0017333333333333333, 0, 0, 0]","[4058.5498000000002, 16679.307333333334, 33952.587666666666, 4295, 17180, 34360]","[371.9825333333333, 359.9412, 376.53933333333333, 372.0, 360.0, 376.54]","[199.94773333333333, 304.94506666666666, 266.74826666666667, 200.0, 305.0, 266.75]","[(13, 0.0034000000000000002, 0.01058888888888889), (9, 0.0, 0.0017444444444444445), (21, 3.3333333333333335e-05, 0.008883333333333332), (0, 0, 0), (0, 0, 0), (0, 0, 0)]","[(4013, 67.0966, 10.099411111111111), (16096, 51.900000000000006, 6.188255555555555), (32191, 58.19996666666667, 11.631116666666665), (4026, 67.1, 10.11), (16105, 51.900000000000006, 6.1899999999999995), (32212, 58.2, 11.639999999999999)]","[0, 0, 0, 0, 0, 0]","[0, 0, 0, 0, 0, 0]"
778,"[16.207495656490444, 13.009133547272278, 11.060765936316802, 0.0, 0.0, 0.0]","[6, 6, 8, 0, 0, 0]","[388.4076823361556, 611.9797584613289, 1522.7033762506017, 0, 0, 0]","[3640.5923176638444, 7490.020241538671, 14588.296623749398, 4029, 8102, 16111]","[4029, 8102, 16111, 4029, 8102, 16111]","[653, 1054, 1782, 0, 0, 0]","[6.259050058207219, 2.6621164144353897, 1.1221365929375242, 0.0, 0.0, 0.0]","[268.82620000000003, 457.35159999999996, 385.5661333333333, 0, 0, 0]","[0.034, 0.02986666666666667, 0.0031999999999999997, 0, 0, 0]","[0.03186666666666667, 0.015333333333333332, 0.015599999999999996, 0, 0, 0]","[4026.1738, 16722.6484, 33974.433866666666, 4295, 17180, 34360]","[371.966, 359.9701333333333, 376.5368, 372.0, 360.0, 376.54]","[199.96813333333333, 304.98466666666667, 266.7344, 200.0, 305.0, 266.75]","[(9, 0.0016999999999999997, 0.026331349206349206), (12, 0.0013166666666666665, 0.003605555555555555), (19, 6.666666666666667e-05, 0.008255555555555556), (0, 0, 0), (0, 0, 0), (0, 0, 0)]","[(4017, 67.0983, 10.08366865079365), (16093, 51.89868333333334, 6.186394444444444), (32193, 58.199933333333334, 11.631744444444443), (4026, 67.1, 10.11), (16105, 51.900000000000006, 6.1899999999999995), (32212, 58.2, 11.639999999999999)]","[0, 0, 0, 0, 0, 0]","[0, 0, 0, 0, 0, 0]"
779,"[21.792007942417474, 15.44063194273019, 13.096642045807213, 0.0, 0.0, 0.0]","[7, 7, 9, 0, 0, 0]","[601.8513366640489, 787.0440744013753, 1109.5798145836322, 0, 0, 0]","[3427.148663335951, 7314.955925598625, 15001.420185416368, 4029, 8102, 16111]","[4029, 8102, 16111, 4029, 8102, 16111]","[878, 1251, 2110, 0, 0, 0]","[6.761550640279395, 3.99979200620877, 1.0309658517656188, 0.0, 0.0, 0.0]","[290.4086, 687.1642666666668, 354.2398666666666, 0, 0, 0]","[0.03813333333333334, 1.2156, 0.0012000000000000001, 0, 0, 0]","[0.0408, 0.3957333333333333, 0.0017333333333333335, 0, 0, 0]","[4004.5914000000002, 16492.835733333333, 34005.76013333334, 4295, 17180, 34360]","[371.96186666666665, 358.7844, 376.53880000000004, 372.0, 360.0, 376.54]","[199.9592, 304.60426666666666, 266.74826666666667, 200.0, 305.0, 266.75]","[(12, 0.0025333333333333336, 0.03411666666666668), (15, 0.012100000000000001, 0.4331611111111111), (22, 1.666666666666667e-05, 0.004655555555555555), (0, 0, 0), (0, 0, 0), (0, 0, 0)]","[(4014, 67.09746666666666, 10.075883333333334), (16090, 51.88790000000001, 5.756838888888888), (32190, 58.199983333333336, 11.635344444444444), (4026, 67.1, 10.11), (16105, 51.900000000000006, 6.1899999999999995), (32212, 58.2, 11.639999999999999)]","[0, 0, 0, 0, 0, 0]","[0, 0, 0, 0, 0, 0]"
780,"[22.338049143708115, 15.921994569242162, 11.209732480913662, 0.0, 0.0, 0.0]","[7, 7, 8, 0, 0, 0]","[758.8763371103845, 740.9818604219581, 907.394650880037, 0, 0, 0]","[3270.1236628896154, 7361.018139578042, 15203.605349119964, 4029, 8102, 16111]","[4029, 8102, 16111, 4029, 8102, 16111]","[900, 1290, 1806, 0, 0, 0]","[5.805327124563445, 2.5349588668994953, 1.0637743500194023, 0.0, 0.0, 0.0]","[249.33879999999996, 435.5059333333333, 365.51286666666664, 0, 0, 0]","[0.027866666666666668, 0.8540000000000001, 0.0029333333333333334, 0, 0, 0]","[0.026533333333333332, 0.27266666666666667, 0.008, 0, 0, 0]","[4045.6612, 16744.494066666666, 33994.487133333336, 4295, 17180, 34360]","[371.9721333333333, 359.146, 376.5370666666667, 372.0, 360.0, 376.54]","[199.97346666666667, 304.7273333333333, 266.742, 200.0, 305.0, 266.75]","[(13, 5e-05, 0.026074603174603177), (16, 0.00095, 0.2320888888888889), (18, 0.0004166666666666667, 0.005133333333333333), (0, 0, 0), (0, 0, 0), (0, 0, 0)]","[(4013, 67.09994999999999, 10.083925396825396), (16089, 51.89905, 5.957911111111111), (32194, 58.19958333333334, 11.634866666666666), (4026, 67.1, 10.11), (16105, 51.900000000000006, 6.1899999999999995), (32212, 58.2, 11.639999999999999)]","[0, 0, 0, 0, 0, 0]","[0, 0, 0, 0, 0, 0]"
781,"[29.03946388682055, 11.63910145643051, 10.520762212153187, 0.0, 0.0, 0.0]","[9, 5, 7, 0, 0, 0]","[713.661007977137, 254.2805686051446, 899.8972378522569, 0, 0, 0]","[3315.338992022863, 7847.719431394856, 15211.102762147742, 4029, 8102, 16111]","[4029, 8102, 16111, 4029, 8102, 16111]","[1170, 943, 1695, 0, 0, 0]","[7.444110205665503, 2.1728176173845557, 1.151512417539775, 0.0, 0.0, 0.0]","[319.72453333333334, 373.2900666666667, 395.6596666666667, 0, 0, 0]","[0.0376, 0.9843999999999998, 0.0012000000000000001, 0, 0, 0]","[0.022266666666666667, 0.32053333333333334, 0.002933333333333334, 0, 0, 0]","[3975.2754666666665, 16806.70993333333, 33964.34033333333, 4295, 17180, 34360]","[371.9624, 359.0156, 376.53880000000004, 372.0, 360.0, 376.54]","[199.97773333333333, 304.67946666666666, 266.7470666666667, 200.0, 305.0, 266.75]","[(17, 0.0001, 0.05233333333333333), (12, 0.0005166666666666667, 0.28885555555555553), (15, 1.666666666666667e-05, 0.006311111111111112), (0, 0, 0), (0, 0, 0), (0, 0, 0)]","[(4009, 67.09989999999999, 10.057666666666666), (16093, 51.899483333333336, 5.901144444444444), (32197, 58.199983333333336, 11.633688888888887), (4026, 67.1, 10.11), (16105, 51.900000000000006, 6.1899999999999995), (32212, 58.2, 11.639999999999999)]","[0, 0, 0, 0, 0, 0]","[0, 0, 0, 0, 0, 0]"
782,"[31.223628691983123, 8.368304122438904, 12.451120352554156, 0.0, 0.0, 0.0]","[9, 4, 8, 0, 0, 0]","[737.0160587907103, 567.0866234025698, 931.5937146531367, 0, 0, 0]","[3291.9839412092897, 7534.91337659743, 15179.406285346864, 4029, 8102, 16111]","[4029, 8102, 16111, 4029, 8102, 16111]","[1258, 678, 2006, 0, 0, 0]","[5.913165696546372, 0.6355145518044237, 1.3051168024835078, 0.0, 0.0, 0.0]","[253.97046666666668, 109.1814, 448.4381333333333, 0, 0, 0]","[1.1627999999999996, 0.0035999999999999995, 0.011066666666666667, 0, 0, 0]","[1.1597333333333335, 0.014799999999999997, 0.007866666666666666, 0, 0, 0]","[4041.0295333333333, 17070.8186, 33911.56186666666, 4295, 17180, 34360]","[370.8372, 359.9964, 376.5289333333333, 372.0, 360.0, 376.54]","[198.84026666666668, 304.9852, 266.74213333333336, 200.0, 305.0, 266.75]","[(16, 0.0, 0.0023388888888888886), (8, 6.666666666666667e-05, 0.0018666666666666666), (16, 0.0004833333333333334, 0.011966666666666665), (0, 0, 0), (0, 0, 0), (0, 0, 0)]","[(4010, 67.1, 10.10766111111111), (16097, 51.89993333333334, 6.188133333333333), (32196, 58.19951666666667, 11.628033333333333), (4026, 67.1, 10.11), (16105, 51.900000000000006, 6.1899999999999995), (32212, 58.2, 11.639999999999999)]","[0, 0, 0, 0, 0, 0]","[0, 0, 0, 0, 0, 0]"
783,"[29.13874410523703, 12.046408294248334, 7.86419216684253, 0.0, 0.0, 0.0]","[9, 6, 5, 0, 0, 0]","[758.2018977397269, 672.6325478130453, 164.50734232362322, 0, 0, 0]","[3270.798102260273, 7429.367452186954, 15946.492657676377, 4029, 8102, 16111]","[4029, 8102, 16111, 4029, 8102, 16111]","[1174, 976, 1267, 0, 0, 0]","[6.030123399301512, 1.05588164532402, 0.731394838960031, 0.0, 0.0, 0.0]","[258.99379999999996, 181.40046666666666, 251.30726666666666, 0, 0, 0]","[0.03, 0.01, 0.009999999999999998, 0, 0, 0]","[0.027600000000000003, 0.0017333333333333335, 0.0021333333333333334, 0, 0, 0]","[4036.0062, 16998.599533333334, 34108.69273333334, 4295, 17180, 34360]","[371.97, 359.99, 376.53000000000003, 372.0, 360.0, 376.54]","[199.9724, 304.99826666666667, 266.74786666666665, 200.0, 305.0, 266.75]","[(18, 0.0487, 0.019455555555555563), (13, 1.666666666666667e-05, 0.002794444444444444), (11, 0.0, 0.005483333333333333), (0, 0, 0), (0, 0, 0), (0, 0, 0)]","[(4008, 67.0513, 10.090544444444443), (16092, 51.89998333333334, 6.187205555555555), (32201, 58.2, 11.634516666666665), (4026, 67.1, 10.11), (16105, 51.900000000000006, 6.1899999999999995), (32212, 58.2, 11.639999999999999)]","[0, 0, 0, 0, 0, 0]","[0, 0, 0, 0, 0, 0]"
784,"[27.42616033755274, 18.230066650209825, 3.457265222518776, 0.0, 0.0, 0.0]","[8, 8, 2, 0, 0, 0]","[734.25157539632, 779.5773126384249, 425.7418739250214, 0, 0, 0]","[3294.74842460368, 7322.422687361575, 15685.25812607498, 4029, 8102, 16111]","[4029, 8102, 16111, 4029, 8102, 16111]","[1105, 1477, 557, 0, 0, 0]","[7.305775708187815, 2.0896534730306557, 0.044500970120294914, 0.0, 0.0, 0.0]","[313.7830666666666, 359.0024666666667, 15.290533333333332, 0, 0, 0]","[0.023333333333333334, 0.05013333333333334, 0.0033333333333333335, 0, 0, 0]","[0.015600000000000001, 0.019733333333333332, 0.0032, 0, 0, 0]","[3981.216933333333, 16820.997533333335, 34344.70946666667, 4295, 17180, 34360]","[371.9766666666667, 359.94986666666665, 376.5366666666667, 372.0, 360.0, 376.54]","[199.9844, 304.9802666666667, 266.7468, 200.0, 305.0, 266.75]","[(16, 0.0, 0.0033333333333333335), (18, 0.06409999999999999, 0.027279914529914528), (3, 0.0, 1.1111111111111112e-05), (0, 0, 0), (0, 0, 0), (0, 0, 0)]","[(4010, 67.1, 10.106666666666666), (16087, 51.8359, 6.1627200854700845), (32209, 58.2, 11.639988888888888), (4026, 67.1, 10.11), (16105, 51.900000000000006, 6.1899999999999995), (32212, 58.2, 11.639999999999999)]","[0, 0, 0, 0, 0, 0]","[0, 0, 0, 0, 0, 0]"
785,"[32.63837180441797, 13.860775117254997, 8.602817950468623, 0.0, 0.0, 0.0]","[9, 6, 5, 0, 0, 0]","[644.9894514030818, 718.37815153193, 777.0214945941639, 0, 0, 0]","[3384.010548596918, 7383.62184846807, 15333.978505405836, 4029, 8102, 16111]","[4029, 8102, 16111, 4029, 8102, 16111]","[1315, 1123, 1386, 0, 0, 0]","[5.486942956926659, 1.7547314707023673, 0.29219635234769115, 0.0, 0.0, 0.0]","[235.6642, 301.4628666666667, 100.39866666666667, 0, 0, 0]","[0.024, 0.010533333333333334, 0.013466666666666667, 0, 0, 0]","[0.019333333333333334, 0.0005333333333333334, 0.004399999999999999, 0, 0, 0]","[4059.3358, 16878.537133333335, 34259.60133333333, 4295, 17180, 34360]","[371.976, 359.98946666666666, 376.52653333333336, 372.0, 360.0, 376.54]","[199.98066666666668, 304.99946666666665, 266.7456, 200.0, 305.0, 266.75]","[(19, 0.0, 0.0020888888888888884), (13, 0.0002833333333333333, 0.0025222222222222226), (8, 0.0, 0.0016555555555555555), (0, 0, 0), (0, 0, 0), (0, 0, 0)]","[(4007, 67.1, 10.107911111111111), (16092, 51.89971666666667, 6.187477777777778), (32204, 58.2, 11.638344444444444), (4026, 67.1, 10.11), (16105, 51.900000000000006, 6.1899999999999995), (32212, 58.2, 11.639999999999999)]","[0, 0, 0, 0, 0, 0]","[0, 0, 0, 0, 0, 0]"
786,"[25.738396624472575, 22.90792396939027, 10.135931971944634, 0.0, 0.0, 0.0]","[7, 10, 4, 0, 0, 0]","[547.15603161141, 1094.581638588851, 677.648756434224, 0, 0, 0]","[3481.84396838859, 7007.418361411149, 15433.351243565776, 4029, 8102, 16111]","[4029, 8102, 16111, 4029, 8102, 16111]","[1037, 1856, 1633, 0, 0, 0]","[5.158393480791618, 1.4927819169577026, 0.2690572370974001, 0.0, 0.0, 0.0]","[221.553, 256.4599333333333, 92.44806666666668, 0, 0, 0]","[0.02573333333333333, 0.06453333333333333, 0.013333333333333332, 0, 0, 0]","[0.019200000000000002, 0.026266666666666664, 0.004, 0, 0, 0]","[4073.447, 16923.54006666667, 34267.551933333336, 4295, 17180, 34360]","[371.97426666666667, 359.9354666666667, 376.5266666666667, 372.0, 360.0, 376.54]","[199.9808, 304.9737333333333, 266.746, 200.0, 305.0, 266.75]","[(12, 5e-05, 0.008044444444444444), (18, 0.0, 0.0038388888888888886), (6, 0.0, 0.0011111111111111111), (0, 0, 0), (0, 0, 0), (0, 0, 0)]","[(4014, 67.09994999999999, 10.101955555555556), (16087, 51.900000000000006, 6.186161111111111), (32206, 58.2, 11.638888888888888), (4026, 67.1, 10.11), (16105, 51.900000000000006, 6.1899999999999995), (32212, 58.2, 11.639999999999999)]","[0, 0, 2, 0, 0, 0]","[0, 0, 0, 0, 0, 0]"
787,"[23.951352692975924, 20.84670451740311, 11.53249332754019, 0.0, 0.0, 0.0]","[7, 10, 5, 0, 0, 0]","[276.72014336604195, 770.0586384589484, 463.65573451001103, 0, 0, 0]","[3752.279856633958, 7331.941361541051, 15647.344265489988, 4029, 8102, 16111]","[4029, 8102, 16111, 4029, 8102, 16111]","[965, 1689, 1858, 0, 0, 0]","[4.600951493985255, 1.40860496701591, 0.520442956926659, 0.0, 0.0, 0.0]","[197.61086666666668, 241.99833333333333, 178.82420000000002, 0, 0, 0]","[0.022399999999999996, 0.11226666666666668, 0.02573333333333333, 0, 0, 0]","[0.016133333333333333, 0.19706666666666664, 0.05706666666666666, 0, 0, 0]","[4097.389133333333, 16938.001666666667, 34181.1758, 4295, 17180, 34360]","[371.9776, 359.88773333333336, 376.5142666666667, 372.0, 360.0, 376.54]","[199.98386666666667, 304.8029333333333, 266.6929333333333, 200.0, 305.0, 266.75]","[(11, 0.0, 0.0031555555555555555), (15, 0.0048833333333333315, 0.03312222222222222), (7, 0.0, 0.0016722222222222223), (0, 0, 0), (0, 0, 0), (0, 0, 0)]","[(4015, 67.1, 10.106844444444445), (16090, 51.895116666666674, 6.156877777777777), (32205, 58.2, 11.638327777777777), (4026, 67.1, 10.11), (16105, 51.900000000000006, 6.1899999999999995), (32212, 58.2, 11.639999999999999)]","[0, 0, 2, 0, 0, 0]","[0, 0, 0, 0, 0, 0]"
788,"[10.796723752792255, 19.01999506294742, 16.35528520886351, 0.0, 0.0, 0.0]","[4, 10, 7, 0, 0, 0]","[370.21854900791163, 995.8898375446947, 819.8960405351728, 0, 0, 0]","[3658.781450992088, 7106.110162455305, 15291.103959464826, 4029, 8102, 16111]","[4029, 8102, 16111, 4029, 8102, 16111]","[435, 1541, 2635, 0, 0, 0]","[2.3681117578579745, 1.2506755917733798, 0.7850500582072176, 0.0, 0.0, 0.0]","[101.7104, 214.86606666666665, 269.7432, 0, 0, 0]","[0.0, 0.12000000000000001, 0.013200000000000002, 0, 0, 0]","[0.003333333333333333, 0.20933333333333337, 0.022933333333333333, 0, 0, 0]","[4193.2896, 16965.133933333334, 34090.2568, 4295, 17180, 34360]","[372.0, 359.88, 376.52680000000004, 372.0, 360.0, 376.54]","[199.99666666666667, 304.79066666666665, 266.72706666666664, 200.0, 305.0, 266.75]","[(6, 0.0, 0.0026333333333333326), (14, 0.0, 0.029488888888888887), (15, 0.04045, 0.016505555555555558), (0, 0, 0), (0, 0, 0), (0, 0, 0)]","[(4020, 67.1, 10.107366666666666), (16091, 51.900000000000006, 6.160511111111111), (32197, 58.15955, 11.623494444444443), (4026, 67.1, 10.11), (16105, 51.900000000000006, 6.1899999999999995), (32212, 58.2, 11.639999999999999)]","[0, 0, 4, 0, 0, 0]","[2, 0, 2, 0, 0, 0]"
789,"[12.707867957309507, 15.156751419402617, 16.71528769163925, 0.0, 0.0, 0.0]","[5, 8, 7, 0, 0, 0]","[156.4652969067717, 706.1911547902566, 848.167516712652, 0, 0, 0]","[3872.5347030932285, 7395.808845209744, 15262.832483287348, 4029, 8102, 16111]","[4029, 8102, 16111, 4029, 8102, 16111]","[512, 1228, 2693, 0, 0, 0]","[2.8960512223515718, 0.9778048117966627, 4.614596429957314, 0.0, 0.0, 0.0]","[124.3854, 167.98686666666666, 1585.5753333333332, 0, 0, 0]","[0.00013333333333333337, 0.11159999999999999, 0.19466666666666665, 0, 0, 0]","[0.0034666666666666665, 0.19680000000000006, 0.017333333333333333, 0, 0, 0]","[4170.6146, 17012.013133333334, 32774.424666666666, 4295, 17180, 34360]","[371.99986666666666, 359.8884, 376.3453333333334, 372.0, 360.0, 376.54]","[199.99653333333333, 304.8032, 266.73266666666666, 200.0, 305.0, 266.75]","[(8, 0.0, 0.001511111111111111), (12, 0.0, 0.029199999999999997), (18, 0.09933333333333333, 0.01983888888888889), (0, 0, 0), (0, 0, 0), (0, 0, 0)]","[(4018, 67.1, 10.108488888888889), (16093, 51.900000000000006, 6.160799999999999), (32194, 58.10066666666667, 11.62016111111111), (4026, 67.1, 10.11), (16105, 51.900000000000006, 6.1899999999999995), (32212, 58.2, 11.639999999999999)]","[0, 0, 4, 0, 0, 0]","[2, 0, 2, 0, 0, 0]"
790,"[18.242740134028296, 13.663293014070598, 18.36012662156291, 0.0, 0.0, 0.0]","[7, 7, 8, 0, 0, 0]","[478.9711524623492, 407.05468984814456, 958.5577177997268, 0, 0, 0]","[3550.028847537651, 7694.945310151856, 15152.442282200273, 4029, 8102, 16111]","[4029, 8102, 16111, 4029, 8102, 16111]","[735, 1107, 2958, 0, 0, 0]","[4.1075421032207995, 0.83030539386884, 4.456793364377183, 0.0, 0.0, 0.0]","[176.41893333333334, 142.6464666666667, 1531.3542000000002, 0, 0, 0]","[0.00013333333333333337, 0.33786666666666665, 0.014, 0, 0, 0]","[0.0014666666666666665, 0.42360000000000003, 0.03173333333333333, 0, 0, 0]","[4118.581066666667, 17037.353533333335, 32828.6458, 4295, 17180, 34360]","[371.99986666666666, 359.6621333333333, 376.526, 372.0, 360.0, 376.54]","[199.99853333333334, 304.5764, 266.7182666666667, 200.0, 305.0, 266.75]","[(13, 0.0006666666666666666, 0.0012222222222222222), (13, 0.0, 0.028961111111111108), (22, 0.0006, 0.0031888888888888882), (0, 0, 0), (0, 0, 0), (0, 0, 0)]","[(4013, 67.09933333333333, 10.108777777777778), (16092, 51.900000000000006, 6.161038888888888), (32190, 58.199400000000004, 11.63681111111111), (4026, 67.1, 10.11), (16105, 51.900000000000006, 6.1899999999999995), (32212, 58.2, 11.639999999999999)]","[0, 0, 4, 0, 0, 0]","[2, 2, 2, 0, 0, 0]"
791,"[24.050632911392405, 8.763268328807703, 20.8491093042021, 0.0, 0.0, 0.0]","[8, 4, 9, 0, 0, 0]","[741.5613323560824, 313.2902654689252, 1094.8164615262997, 0, 0, 0]","[3287.4386676439176, 7788.709734531075, 15016.1835384737, 4029, 8102, 16111]","[4029, 8102, 16111, 4029, 8102, 16111]","[969, 710, 3359, 0, 0, 0]","[6.478730306558013, 0.2398071400853706, 4.250547923942569, 0.0, 0.0, 0.0]","[278.26146666666665, 41.19886666666667, 1460.4882666666665, 0, 0, 0]","[0.021866666666666666, 0.21106666666666665, 0.18600000000000005, 0, 0, 0]","[0.009866666666666668, 0.20213333333333333, 0.019599999999999996, 0, 0, 0]","[4016.738533333333, 17138.801133333334, 32899.51173333333, 4295, 17180, 34360]","[371.97813333333335, 359.7889333333333, 376.35400000000004, 372.0, 360.0, 376.54]","[199.99013333333335, 304.79786666666666, 266.7304, 200.0, 305.0, 266.75]","[(13, 0.00055, 0.02552579365079365), (7, 0.0, 0.001072222222222222), (22, 0.00065, 0.08384444444444444), (0, 0, 0), (0, 0, 0), (0, 0, 0)]","[(4013, 67.09944999999999, 10.084474206349206), (16098, 51.900000000000006, 6.188927777777777), (32190, 58.19935, 11.556155555555554), (4026, 67.1, 10.11), (16105, 51.900000000000006, 6.1899999999999995), (32212, 58.2, 11.639999999999999)]","[0, 0, 4, 0, 0, 0]","[2, 2, 2, 0, 0, 0]"
792,"[30.181186398610077, 8.318933596642804, 12.83595059276271, 0.0, 0.0, 0.0]","[9, 4, 7, 0, 0, 0]","[677.9286231434517, 157.10470277915346, 1203.4096356402254, 0, 0, 0]","[3351.0713768565483, 7944.895297220846, 14907.590364359774, 4029, 8102, 16111]","[4029, 8102, 16111, 4029, 8102, 16111]","[1216, 674, 2068, 0, 0, 0]","[7.472383391540551, 0.47759254947613505, 6.891318587504849, 0.0, 0.0, 0.0]","[320.9388666666666, 82.0504, 2367.8570666666665, 0, 0, 0]","[0.5966666666666667, 0.19933333333333328, 0.18573333333333336, 0, 0, 0]","[0.4581333333333333, 0.18160000000000007, 0.017866666666666666, 0, 0, 0]","[3974.0611333333336, 17097.9496, 31992.142933333333, 4295, 17180, 34360]","[371.4033333333333, 359.80066666666664, 376.35426666666666, 372.0, 360.0, 376.54]","[199.54186666666666, 304.8184, 266.7321333333333, 200.0, 305.0, 266.75]","[(13, 0.011233333333333331, 0.08527991452991454), (9, 0.0, 0.002161111111111111), (15, 0.0, 0.07791666666666666), (0, 0, 0), (0, 0, 0), (0, 0, 0)]","[(4013, 67.08876666666666, 10.024720085470085), (16096, 51.900000000000006, 6.187838888888888), (32197, 58.2, 11.562083333333332), (4026, 67.1, 10.11), (16105, 51.900000000000006, 6.1899999999999995), (32212, 58.2, 11.639999999999999)]","[0, 0, 0, 0, 0, 0]","[0, 0, 0, 0, 0, 0]"
793,"[22.486969471332838, 8.750925697358678, 14.971137731984358, 0.0, 0.0, 0.0]","[7, 5, 8, 0, 0, 0]","[469.72652891847025, 436.27842982991035, 960.2193612472856, 0, 0, 0]","[3559.27347108153, 7665.72157017009, 15150.780638752714, 4029, 8102, 16111]","[4029, 8102, 16111, 4029, 8102, 16111]","[906, 709, 2412, 0, 0, 0]","[5.259146294140473, 2.4378141249514935, 6.9929136592937535, 0.0, 0.0, 0.0]","[225.8803333333333, 418.8164666666666, 2402.765133333334, 0, 0, 0]","[0.4354666666666667, 0.19746666666666668, 0.1838666666666667, 0, 0, 0]","[0.3582666666666666, 0.18933333333333333, 0.01773333333333333, 0, 0, 0]","[4069.1196666666665, 16761.183533333333, 31957.234866666666, 4295, 17180, 34360]","[371.5645333333333, 359.8025333333333, 376.35613333333333, 372.0, 360.0, 376.54]","[199.64173333333332, 304.8106666666667, 266.73226666666665, 200.0, 305.0, 266.75]","[(10, 0.0002333333333333333, 0.07564682539682542), (9, 0.0037166666666666667, 0.004641025641025641), (18, 0.00065, 0.07376666666666667), (0, 0, 0), (0, 0, 0), (0, 0, 0)]","[(4016, 67.09976666666667, 10.034353174603174), (16096, 51.896283333333336, 6.185358974358974), (32194, 58.19935, 11.566233333333333), (4026, 67.1, 10.11), (16105, 51.900000000000006, 6.1899999999999995), (32212, 58.2, 11.639999999999999)]","[0, 0, 0, 0, 0, 0]","[0, 0, 0, 0, 0, 0]"
794,"[19.68230330106726, 10.00987410515922, 11.166283905406244, 0.0, 0.0, 0.0]","[6, 5, 6, 0, 0, 0]","[383.1964082294651, 520.21128320528, 770.6787562588453, 0, 0, 0]","[3645.8035917705347, 7581.78871679472, 15340.321243741155, 4029, 8102, 16111]","[4029, 8102, 16111, 4029, 8102, 16111]","[793, 811, 1799, 0, 0, 0]","[5.725233993015134, 2.696706247574699, 3.5580587892898725, 0.0, 0.0, 0.0]","[245.89880000000002, 463.29413333333326, 1222.5490000000002, 0, 0, 0]","[0.4452, 0.0144, 0.0009333333333333334, 0, 0, 0]","[0.36146666666666666, 0.017866666666666663, 0.007466666666666667, 0, 0, 0]","[4049.1012, 16716.705866666667, 33137.451, 4295, 17180, 34360]","[371.5548, 359.9856, 376.5390666666667, 372.0, 360.0, 376.54]","[199.63853333333333, 304.9821333333333, 266.7425333333333, 200.0, 305.0, 266.75]","[(8, 0.00011666666666666667, 0.07693888888888889), (10, 0.00046666666666666666, 0.004505555555555555), (12, 0.0003333333333333333, 0.003666666666666666), (0, 0, 0), (0, 0, 0), (0, 0, 0)]","[(4018, 67.09988333333332, 10.03306111111111), (16095, 51.89953333333334, 6.185494444444444), (32200, 58.19966666666667, 11.636333333333333), (4026, 67.1, 10.11), (16105, 51.900000000000006, 6.1899999999999995), (32212, 58.2, 11.639999999999999)]","[0, 0, 0, 0, 0, 0]","[0, 0, 0, 0, 0, 0]"
795,"[12.484487465872425, 13.885460380153047, 8.230401588976475, 0.0, 0.0, 0.0]","[4, 7, 5, 0, 0, 0]","[224.22554155836383, 593.4429485063451, 561.4326066921071, 0, 0, 0]","[3804.774458441636, 7508.557051493655, 15549.567393307892, 4029, 8102, 16111]","[4029, 8102, 16111, 4029, 8102, 16111]","[503, 1125, 1326, 0, 0, 0]","[1.761826930539387, 2.4301816065192083, 0.3730686845168801, 0.0, 0.0, 0.0]","[75.67046666666667, 417.5052, 128.1864, 0, 0, 0]","[0.00013333333333333337, 0.010266666666666665, 0.0010666666666666667, 0, 0, 0]","[0.0005333333333333334, 0.0018666666666666669, 0.0013333333333333335, 0, 0, 0]","[4219.3295333333335, 16762.4948, 34231.8136, 4295, 17180, 34360]","[371.99986666666666, 359.98973333333333, 376.5389333333334, 372.0, 360.0, 376.54]","[199.99946666666668, 304.9981333333333, 266.7486666666667, 200.0, 305.0, 266.75]","[(7, 0.0, 0.0010388888888888887), (15, 5.000000000000001e-05, 0.008088888888888889), (8, 0.00065, 0.0017388888888888888), (0, 0, 0), (0, 0, 0), (0, 0, 0)]","[(4019, 67.1, 10.10896111111111), (16090, 51.899950000000004, 6.181911111111111), (32204, 58.19935, 11.63826111111111), (4026, 67.1, 10.11), (16105, 51.900000000000006, 6.1899999999999995), (32212, 58.2, 11.639999999999999)]","[0, 0, 0, 0, 0, 0]","[0, 0, 0, 0, 0, 0]"
796,"[12.881608339538348, 11.44161935324611, 7.845571348767923, 0.0, 0.0, 0.0]","[5, 6, 5, 0, 0, 0]","[330.83633986614126, 583.1281364836764, 480.2651031023466, 0, 0, 0]","[3698.1636601338587, 7518.871863516324, 15630.734896897653, 4029, 8102, 16111]","[4029, 8102, 16111, 4029, 8102, 16111]","[519, 927, 1264, 0, 0, 0]","[2.054779976717113, 1.9836100116414437, 0.7354608071400854, 0.0, 0.0, 0.0]","[88.25280000000001, 340.7842, 252.70433333333335, 0, 0, 0]","[0.0005333333333333334, 0.010133333333333333, 0.012133333333333331, 0, 0, 0]","[0.0036000000000000003, 0.0018666666666666669, 0.0532, 0, 0, 0]","[4206.7472, 16839.2158, 34107.295666666665, 4295, 17180, 34360]","[371.99946666666665, 359.98986666666667, 376.5278666666667, 372.0, 360.0, 376.54]","[199.9964, 304.9981333333333, 266.6968, 200.0, 305.0, 266.75]","[(10, 0.0, 0.001583333333333333), (15, 0.007883333333333332, 0.007288888888888888), (10, 0.00015, 0.0018888888888888887), (0, 0, 0), (0, 0, 0), (0, 0, 0)]","[(4016, 67.1, 10.108416666666667), (16090, 51.89211666666667, 6.182711111111111), (32202, 58.199850000000005, 11.63811111111111), (4026, 67.1, 10.11), (16105, 51.900000000000006, 6.1899999999999995), (32212, 58.2, 11.639999999999999)]","[0, 0, 0, 0, 0, 0]","[0, 0, 0, 0, 0, 0]"
797,"[15.33879374534624, 11.355220933102936, 7.541431320216002, 0.0, 0.0, 0.0]","[6, 5, 5, 0, 0, 0]","[385.22728020823536, 698.1099085441884, 825.7512962363289, 0, 0, 0]","[3643.7727197917648, 7403.890091455812, 15285.248703763671, 4029, 8102, 16111]","[4029, 8102, 16111, 4029, 8102, 16111]","[618, 920, 1215, 0, 0, 0]","[1.5034458672875435, 3.1249615832363205, 0.685361660845945, 0.0, 0.0, 0.0]","[64.573, 536.8683999999998, 235.49026666666668, 0, 0, 0]","[0.0, 1.0556, 0.0044, 0, 0, 0]","[0.0028, 0.3178666666666667, 0.0228, 0, 0, 0]","[4230.427, 16643.1316, 34124.50973333333, 4295, 17180, 34360]","[372.0, 358.9444, 376.53560000000004, 372.0, 360.0, 376.54]","[199.9972, 304.68213333333335, 266.7272, 200.0, 305.0, 266.75]","[(12, 0.0, 0.0009222222222222222), (11, 1.666666666666667e-05, 0.006983333333333332), (9, 0.13471666666666668, 0.03225), (0, 0, 0), (0, 0, 0), (0, 0, 0)]","[(4014, 67.1, 10.109077777777777), (16094, 51.89998333333334, 6.183016666666666), (32203, 58.06528333333333, 11.60775), (4026, 67.1, 10.11), (16105, 51.900000000000006, 6.1899999999999995), (32212, 58.2, 11.639999999999999)]","[0, 0, 0, 0, 0, 0]","[0, 0, 0, 0, 0, 0]"
798,"[14.122611069744353, 11.44161935324611, 9.633169883930234, 0.0, 0.0, 0.0]","[6, 5, 6, 0, 0, 0]","[289.7609508466347, 515.7112849044538, 794.5133354576682, 0, 0, 0]","[3739.239049153365, 7586.288715095547, 15316.486664542332, 4029, 8102, 16111]","[4029, 8102, 16111, 4029, 8102, 16111]","[569, 927, 1552, 0, 0, 0]","[1.3437299185098952, 3.228720993403182, 0.8633793170353121, 0.0, 0.0, 0.0]","[57.7132, 554.6942666666666, 296.65713333333326, 0, 0, 0]","[0.0, 0.017866666666666663, 0.011600000000000001, 0, 0, 0]","[0.0031999999999999997, 0.062133333333333325, 0.013999999999999999, 0, 0, 0]","[4237.2868, 16625.305733333335, 34063.342866666666, 4295, 17180, 34360]","[372.0, 359.9821333333333, 376.52840000000003, 372.0, 360.0, 376.54]","[199.9968, 304.93786666666665, 266.736, 200.0, 305.0, 266.75]","[(12, 0.0, 0.0012944444444444444), (12, 1.666666666666667e-05, 0.00731111111111111), (10, 0.005183333333333332, 0.0017388888888888888), (0, 0, 0), (0, 0, 0), (0, 0, 0)]","[(4014, 67.1, 10.108705555555556), (16093, 51.89998333333334, 6.1826888888888885), (32202, 58.19481666666667, 11.63826111111111), (4026, 67.1, 10.11), (16105, 51.900000000000006, 6.1899999999999995), (32212, 58.2, 11.639999999999999)]","[0, 0, 0, 0, 0, 0]","[0, 0, 0, 0, 0, 0]"
799,"[19.583023082650783, 13.601579856825474, 8.7952330705729, 0.0, 0.0, 0.0]","[7, 6, 5, 0, 0, 0]","[566.4436157255856, 384.9973223596387, 643.7170766484026, 0, 0, 0]","[3462.5563842744145, 7717.002677640361, 15467.282923351597, 4029, 8102, 16111]","[4029, 8102, 16111, 4029, 8102, 16111]","[789, 1102, 1417, 0, 0, 0]","[3.873395421032208, 2.9825498641831585, 0.3570479239425688, 0.0, 0.0, 0.0]","[166.36233333333334, 512.4020666666667, 122.68166666666664, 0, 0, 0]","[0.5888, 0.022400000000000003, 0.014266666666666665, 0, 0, 0]","[0.4618666666666666, 0.048533333333333324, 0.020399999999999998, 0, 0, 0]","[4128.6376666666665, 16667.597933333334, 34237.318333333336, 4295, 17180, 34360]","[371.4112, 359.9776, 376.52573333333333, 372.0, 360.0, 376.54]","[199.53813333333332, 304.95146666666665, 266.7296, 200.0, 305.0, 266.75]","[(14, 0.0030666666666666663, 0.05881666666666666), (14, 0.0, 0.007216666666666666), (10, 0.0, 0.001872222222222222), (0, 0, 0), (0, 0, 0), (0, 0, 0)]","[(4012, 67.09693333333333, 10.051183333333332), (16091, 51.900000000000006, 6.182783333333333), (32202, 58.2, 11.638127777777777), (4026, 67.1, 10.11), (16105, 51.900000000000006, 6.1899999999999995), (32212, 58.2, 11.639999999999999)]","[0, 0, 0, 0, 0, 0]","[0, 0, 0, 0, 0, 0]"
800,"[25.26681558699429, 13.589237225376449, 10.322140152690707, 0.0, 0.0, 0.0]","[8, 5, 6, 0, 0, 0]","[742.3168183577562, 761.8984552061237, 1110.6977528263565, 0, 0, 0]","[3286.6831816422437, 7340.101544793876, 15000.302247173644, 4029, 8102, 16111]","[4029, 8102, 16111, 4029, 8102, 16111]","[1018, 1101, 1663, 0, 0, 0]","[4.769859526581295, 2.154514163756306, 0.43105161039968964, 0.0, 0.0, 0.0]","[204.86546666666663, 370.1455333333334, 148.10933333333335, 0, 0, 0]","[0.4366666666666667, 1.1977333333333335, 0.021066666666666664, 0, 0, 0]","[0.3633333333333333, 0.3890666666666666, 0.05266666666666666, 0, 0, 0]","[4090.1345333333334, 16809.854466666668, 34211.890666666666, 4295, 17180, 34360]","[371.56333333333333, 358.80226666666664, 376.51893333333334, 372.0, 360.0, 376.54]","[199.63666666666666, 304.6109333333333, 266.69733333333335, 200.0, 305.0, 266.75]","[(18, 0.0002333333333333333, 0.05232777777777779), (13, 0.011550000000000001, 0.43162222222222224), (13, 0.0, 0.0022299145299145297), (0, 0, 0), (0, 0, 0), (0, 0, 0)]","[(4008, 67.09976666666667, 10.057672222222221), (16092, 51.888450000000006, 5.758377777777778), (32199, 58.2, 11.637770085470084), (4026, 67.1, 10.11), (16105, 51.900000000000006, 6.1899999999999995), (32212, 58.2, 11.639999999999999)]","[0, 0, 0, 0, 0, 0]","[0, 0, 0, 0, 0, 0]"
801,"[33.33333333333333, 15.082695630708468, 10.582831605735212, 0.0, 0.0, 0.0]","[11, 5, 6, 0, 0, 0]","[821.5827899960642, 893.181705730613, 696.215001720971, 0, 0, 0]","[3207.417210003936, 7208.8182942693875, 15414.784998279029, 4029, 8102, 16111]","[4029, 8102, 16111, 4029, 8102, 16111]","[1343, 1222, 1705, 0, 0, 0]","[9.799262708575863, 2.3864466433837794, 0.8539707023670936, 0.0, 0.0, 0.0]","[420.87833333333333, 409.9915333333333, 293.4243333333333, 0, 0, 0]","[0.5592, 0.8530666666666668, 0.014933333333333335, 0, 0, 0]","[0.5637333333333333, 0.2789333333333333, 0.023733333333333332, 0, 0, 0]","[3874.121666666667, 16770.008466666666, 34066.575666666664, 4295, 17180, 34360]","[371.4408, 359.1469333333333, 376.5250666666667, 372.0, 360.0, 376.54]","[199.43626666666665, 304.7210666666667, 266.7262666666667, 200.0, 305.0, 266.75]","[(23, 0.007066666666666665, 0.10248888888888888), (12, 0.00043333333333333337, 0.2291388888888889), (14, 0.03996666666666667, 0.016133333333333336), (0, 0, 0), (0, 0, 0), (0, 0, 0)]","[(4003, 67.09293333333333, 10.00751111111111), (16093, 51.89956666666667, 5.960861111111111), (32198, 58.16003333333334, 11.623866666666665), (4026, 67.1, 10.11), (16105, 51.900000000000006, 6.1899999999999995), (32212, 58.2, 11.639999999999999)]","[0, 0, 0, 0, 0, 0]","[0, 0, 0, 0, 0, 0]"
802,"[39.41424671134276, 17.921500863984203, 6.746943082366085, 0.0, 0.0, 0.0]","[12, 6, 4, 0, 0, 0]","[1042.0332702000806, 654.9708010881361, 737.4835110545421, 0, 0, 0]","[2986.9667297999194, 7447.029198911864, 15373.516488945457, 4029, 8102, 16111]","[4029, 8102, 16111, 4029, 8102, 16111]","[1588, 1452, 1087, 0, 0, 0]","[12.937572370974001, 9.549879317035312, 0.54829006596818, 0.0, 0.0, 0.0]","[555.6687333333334, 1640.6692666666668, 188.39246666666662, 0, 0, 0]","[0.5493333333333333, 1.2093333333333331, 0.002, 0, 0, 0]","[0.5603999999999999, 1.8237333333333332, 0.0136, 0, 0, 0]","[3739.3312666666666, 15539.330733333332, 34171.607533333336, 4295, 17180, 34360]","[371.4506666666667, 358.79066666666665, 376.538, 372.0, 360.0, 376.54]","[199.4396, 303.17626666666666, 266.7364, 200.0, 305.0, 266.75]","[(26, 0.00016666666666666666, 0.16108333333333336), (13, 8.333333333333333e-05, 0.3136722222222222), (12, 0.008116666666666666, 0.0014888888888888892), (0, 0, 0), (0, 0, 0), (0, 0, 0)]","[(4000, 67.09983333333332, 9.948916666666666), (16092, 51.89991666666667, 5.876327777777777), (32200, 58.19188333333334, 11.638511111111109), (4026, 67.1, 10.11), (16105, 51.900000000000006, 6.1899999999999995), (32212, 58.2, 11.639999999999999)]","[0, 0, 0, 0, 0, 0]","[0, 0, 0, 0, 0, 0]"
803,"[38.24770414494912, 16.41569982720316, 10.657314878033642, 0.0, 0.0, 0.0]","[11, 6, 6, 0, 0, 0]","[917.4065635224765, 327.4666023776909, 953.4863178899561, 0, 0, 0]","[3111.5934364775235, 7774.533397622309, 15157.513682110044, 4029, 8102, 16111]","[4029, 8102, 16111, 4029, 8102, 16111]","[1541, 1330, 1717, 0, 0, 0]","[15.171500194024057, 6.753980597594102, 0.46589154055102827, 0.0, 0.0, 0.0]","[651.6159333333333, 1160.3338666666666, 160.08033333333333, 0, 0, 0]","[0.5538666666666666, 0.16613333333333333, 0.0048, 0, 0, 0]","[0.5666666666666667, 0.8010666666666665, 0.020399999999999998, 0, 0, 0]","[3643.3840666666665, 16019.666133333334, 34199.91966666667, 4295, 17180, 34360]","[371.4461333333333, 359.83386666666667, 376.53520000000003, 372.0, 360.0, 376.54]","[199.43333333333334, 304.19893333333334, 266.7296, 200.0, 305.0, 266.75]","[(23, 0.0037166666666666667, 0.08302777777777778), (12, 0.0004666666666666667, 0.031155555555555554), (18, 0.0, 0.0006055555555555556), (0, 0, 0), (0, 0, 0), (0, 0, 0)]","[(4003, 67.09628333333333, 10.026972222222222), (16093, 51.89953333333334, 6.158844444444444), (32194, 58.2, 11.639394444444443), (4026, 67.1, 10.11), (16105, 51.900000000000006, 6.1899999999999995), (32212, 58.2, 11.639999999999999)]","[0, 0, 0, 0, 0, 0]","[0, 0, 0, 0, 0, 0]"
804,"[31.769669893273765, 12.182177240187608, 13.791819253925889, 0.0, 0.0, 0.0]","[10, 6, 8, 0, 0, 0]","[610.3884283032068, 384.49182580553975, 1120.9194813360987, 0, 0, 0]","[3418.6115716967934, 7717.5081741944605, 14990.0805186639, 4029, 8102, 16111]","[4029, 8102, 16111, 4029, 8102, 16111]","[1280, 987, 2222, 0, 0, 0]","[13.490533178114081, 4.989060535506401, 1.2677339930151341, 0.0, 0.0, 0.0]","[579.4183999999998, 857.1205999999997, 435.5934000000001, 0, 0, 0]","[0.6127999999999999, 0.4146666666666667, 1.1977333333333335, 0, 0, 0]","[0.6207999999999998, 0.8457333333333334, 0.38399999999999995, 0, 0, 0]","[3715.5816000000004, 16322.8794, 33924.4066, 4295, 17180, 34360]","[371.3872, 359.5853333333333, 375.34226666666666, 372.0, 360.0, 376.54]","[199.3792, 304.1542666666667, 266.366, 200.0, 305.0, 266.75]","[(19, 0.0004, 0.0831), (15, 0.0, 0.01756111111111111), (22, 0.011566666666666668, 0.4318166666666667), (0, 0, 0), (0, 0, 0), (0, 0, 0)]","[(4007, 67.0996, 10.0269), (16090, 51.900000000000006, 6.172438888888888), (32190, 58.188433333333336, 11.208183333333332), (4026, 67.1, 10.11), (16105, 51.900000000000006, 6.1899999999999995), (32212, 58.2, 11.639999999999999)]","[0, 0, 0, 0, 0, 0]","[0, 0, 0, 0, 0, 0]"
805,"[27.972201538843382, 15.243149839545792, 13.500093104090375, 0.0, 0.0, 0.0]","[10, 8, 8, 0, 0, 0]","[382.1880936132949, 533.4411552177686, 1119.4175929211865, 0, 0, 0]","[3646.8119063867052, 7568.558844782231, 14991.582407078813, 4029, 8102, 16111]","[4029, 8102, 16111, 4029, 8102, 16111]","[1127, 1235, 2175, 0, 0, 0]","[15.389820721769496, 4.907934807916182, 1.32113930927435, 0.0, 0.0, 0.0]","[660.9927999999999, 843.1832, 453.9434666666666, 0, 0, 0]","[0.0316, 1.5302666666666664, 0.8622666666666667, 0, 0, 0]","[0.04293333333333332, 2.029066666666667, 0.2714666666666667, 0, 0, 0]","[3634.0072, 16336.8168, 33906.056533333336, 4295, 17180, 34360]","[371.9684, 358.46973333333335, 375.6777333333334, 372.0, 360.0, 376.54]","[199.95706666666666, 302.97093333333333, 266.47853333333336, 200.0, 305.0, 266.75]","[(17, 0.0004000000000000001, 0.007761111111111111), (17, 0.04375, 0.036694444444444446), (19, 0.0006666666666666666, 0.2298222222222222), (0, 0, 0), (0, 0, 0), (0, 0, 0)]","[(4009, 67.0996, 10.102238888888888), (16088, 51.85625, 6.153305555555555), (32193, 58.199333333333335, 11.410177777777777), (4026, 67.1, 10.11), (16105, 51.900000000000006, 6.1899999999999995), (32212, 58.2, 11.639999999999999)]","[0, 0, 0, 0, 0, 0]","[0, 0, 0, 0, 0, 0]"
806,"[26.28443782576322, 17.773389286595904, 14.164235615418036, 0.0, 0.0, 0.0]","[9, 10, 9, 0, 0, 0]","[459.8666818292268, 1039.489257997376, 1330.6125072786356, 0, 0, 0]","[3569.1333181707732, 7062.510742002624, 14780.387492721364, 4029, 8102, 16111]","[4029, 8102, 16111, 4029, 8102, 16111]","[1059, 1440, 2282, 0, 0, 0]","[8.254854481955762, 2.0550613116026386, 1.1924569266589058, 0.0, 0.0, 0.0]","[354.546, 353.0595333333333, 409.7282, 0, 0, 0]","[0.015733333333333332, 0.24666666666666665, 1.0030666666666666, 0, 0, 0]","[0.01333333333333333, 0.2857333333333334, 0.3194666666666666, 0, 0, 0]","[3940.454, 16826.940466666667, 33950.2718, 4295, 17180, 34360]","[371.98426666666666, 359.75333333333333, 375.53693333333337, 372.0, 360.0, 376.54]","[199.98666666666668, 304.7142666666667, 266.43053333333336, 200.0, 305.0, 266.75]","[(16, 1.666666666666667e-05, 0.0049833333333333335), (19, 8.333333333333333e-05, 0.05148888888888889), (19, 8.333333333333333e-05, 0.2896166666666666), (0, 0, 0), (0, 0, 0), (0, 0, 0)]","[(4010, 67.09998333333333, 10.105016666666666), (16086, 51.89991666666667, 6.138511111111111), (32193, 58.19991666666667, 11.350383333333331), (4026, 67.1, 10.11), (16105, 51.900000000000006, 6.1899999999999995), (32212, 58.2, 11.639999999999999)]","[0, 0, 0, 0, 0, 0]","[0, 0, 0, 0, 0, 0]"
807,"[25.440555969223134, 19.365588743520117, 11.284215753212091, 0.0, 0.0, 0.0]","[8, 11, 7, 0, 0, 0]","[518.5913545894416, 771.9743661244819, 1206.952479930615, 0, 0, 0]","[3510.408645410558, 7330.025633875518, 14904.047520069385, 4029, 8102, 16111]","[4029, 8102, 16111, 4029, 8102, 16111]","[1025, 1569, 1818, 0, 0, 0]","[9.899720605355068, 2.4731497865735355, 0.9129701202949163, 0.0, 0.0, 0.0]","[425.1930000000001, 424.88713333333334, 313.69653333333326, 0, 0, 0]","[0.0028, 0.2384, 1.2091999999999998, 0, 0, 0]","[0.013333333333333332, 0.2536, 0.3916, 0, 0, 0]","[3869.807, 16755.112866666666, 34046.303466666664, 4295, 17180, 34360]","[371.9972, 359.7616, 375.3308, 372.0, 360.0, 376.54]","[199.98666666666668, 304.7464, 266.3584, 200.0, 305.0, 266.75]","[(16, 0.0006833333333333333, 0.00401111111111111), (22, 0.04001666666666667, 0.022094444444444448), (15, 0.0008166666666666666, 0.3759611111111111), (0, 0, 0), (0, 0, 0), (0, 0, 0)]","[(4010, 67.09931666666667, 10.105988888888888), (16083, 51.85998333333334, 6.167905555555555), (32197, 58.19918333333334, 11.264038888888887), (4026, 67.1, 10.11), (16105, 51.900000000000006, 6.1899999999999995), (32212, 58.2, 11.639999999999999)]","[0, 0, 0, 0, 0, 0]","[0, 0, 0, 0, 0, 0]"
808,"[20.228344502357906, 20.525796099728463, 11.346285146794116, 0.0, 0.0, 0.0]","[6, 12, 7, 0, 0, 0]","[422.00501511615454, 802.0927073727864, 555.5003158535467, 0, 0, 0]","[3606.9949848838455, 7299.907292627214, 15555.499684146453, 4029, 8102, 16111]","[4029, 8102, 16111, 4029, 8102, 16111]","[815, 1663, 1828, 0, 0, 0]","[8.644488940628637, 2.3141982925882805, 0.5086135040745052, 0.0, 0.0, 0.0]","[371.28079999999994, 397.57926666666657, 174.75959999999998, 0, 0, 0]","[0.006266666666666666, 0.2092, 0.0009333333333333334, 0, 0, 0]","[0.027866666666666665, 0.2177333333333333, 0.0038666666666666667, 0, 0, 0]","[3923.7192, 16782.420733333332, 34185.2404, 4295, 17180, 34360]","[371.99373333333335, 359.7908, 376.5390666666667, 372.0, 360.0, 376.54]","[199.97213333333335, 304.78226666666666, 266.7461333333333, 200.0, 305.0, 266.75]","[(13, 0.0008666666666666666, 0.0031999999999999997), (24, 0.004616666666666666, 0.003966666666666667), (14, 0.0035499999999999998, 0.002738888888888889), (0, 0, 0), (0, 0, 0), (0, 0, 0)]","[(4013, 67.09913333333333, 10.1068), (16081, 51.89538333333334, 6.186033333333333), (32198, 58.196450000000006, 11.63726111111111), (4026, 67.1, 10.11), (16105, 51.900000000000006, 6.1899999999999995), (32212, 58.2, 11.639999999999999)]","[0, 0, 0, 0, 0, 0]","[0, 0, 0, 0, 0, 0]"
809,"[26.70637875403326, 15.736855097506789, 13.195953075538453, 0.0, 0.0, 0.0]","[9, 9, 8, 0, 0, 0]","[677.4131136161288, 688.371686945847, 1016.5708980816187, 0, 0, 0]","[3351.5868863838714, 7413.628313054153, 15094.429101918382, 4029, 8102, 16111]","[4029, 8102, 16111, 4029, 8102, 16111]","[1076, 1275, 2126, 0, 0, 0]","[9.927205277454402, 1.5299138533178107, 0.37688145129996115, 0.0, 0.0, 0.0]","[426.37346666666656, 262.8391999999999, 129.49646666666666, 0, 0, 0]","[0.022666666666666665, 0.03813333333333334, 0.010266666666666667, 0, 0, 0]","[0.022133333333333335, 0.0484, 0.0006666666666666668, 0, 0, 0]","[3868.6265333333336, 16917.1608, 34230.503533333336, 4295, 17180, 34360]","[371.9773333333333, 359.96186666666665, 376.52973333333335, 372.0, 360.0, 376.54]","[199.97786666666667, 304.9516, 266.7493333333333, 200.0, 305.0, 266.75]","[(17, 0.00045, 0.010122222222222222), (19, 0.0, 0.0035611111111111104), (17, 0.0, 0.002766666666666667), (0, 0, 0), (0, 0, 0), (0, 0, 0)]","[(4009, 67.09955, 10.099877777777778), (16086, 51.900000000000006, 6.186438888888889), (32195, 58.2, 11.637233333333333), (4026, 67.1, 10.11), (16105, 51.900000000000006, 6.1899999999999995), (32212, 58.2, 11.639999999999999)]","[0, 0, 0, 0, 0, 0]","[0, 0, 0, 0, 0, 0]"
810,"[23.628691983122362, 11.93532461120711, 15.722177394326858, 0.0, 0.0, 0.0]","[9, 6, 10, 0, 0, 0]","[371.05734280919745, 781.222841545634, 1617.8329811201977, 0, 0, 0]","[3657.9426571908025, 7320.777158454366, 14493.167018879802, 4029, 8102, 16111]","[4029, 8102, 16111, 4029, 8102, 16111]","[952, 967, 2533, 0, 0, 0]","[11.356453240201784, 0.36924330616996504, 0.8885506402793943, 0.0, 0.0, 0.0]","[487.75966666666665, 63.43599999999999, 305.3059999999999, 0, 0, 0]","[0.0236, 0.0061333333333333335, 0.0124, 0, 0, 0]","[0.012933333333333331, 0.012533333333333334, 0.015066666666666664, 0, 0, 0]","[3807.240333333333, 17116.564, 34054.694, 4295, 17180, 34360]","[371.9764, 359.9938666666667, 376.5276, 372.0, 360.0, 376.54]","[199.98706666666666, 304.98746666666665, 266.73493333333334, 200.0, 305.0, 266.75]","[(18, 0.0004833333333333334, 0.004955555555555556), (12, 0.0, 0.002522222222222222), (21, 0.00023333333333333333, 0.0035410256410256407), (0, 0, 0), (0, 0, 0), (0, 0, 0)]","[(4008, 67.09951666666666, 10.105044444444443), (16093, 51.900000000000006, 6.187477777777778), (32191, 58.19976666666667, 11.636458974358973), (4026, 67.1, 10.11), (16105, 51.900000000000006, 6.1899999999999995), (32212, 58.2, 11.639999999999999)]","[0, 0, 0, 0, 0, 0]","[0, 0, 0, 0, 0, 0]"
811,"[19.28518242740134, 20.390027153789188, 14.356650735522313, 0.0, 0.0, 0.0]","[8, 9, 9, 0, 0, 0]","[579.9718697333427, 1126.8752073468852, 1630.8540733015623, 0, 0, 0]","[3449.028130266657, 6975.124792653115, 14480.145926698438, 4029, 8102, 16111]","[4029, 8102, 16111, 4029, 8102, 16111]","[777, 1652, 2313, 0, 0, 0]","[11.465291424136595, 9.309296080714008, 3.8700981761738453, 0.0, 0.0, 0.0]","[492.43426666666676, 1599.3370666666665, 1329.7657333333332, 0, 0, 0]","[0.010133333333333333, 0.19413333333333332, 0.010133333333333334, 0, 0, 0]","[0.018666666666666668, 0.035333333333333335, 0.0034666666666666665, 0, 0, 0]","[3802.5657333333334, 15580.662933333333, 33030.23426666667, 4295, 17180, 34360]","[371.98986666666667, 359.80586666666665, 376.5298666666667, 372.0, 360.0, 376.54]","[199.98133333333334, 304.9646666666667, 266.74653333333333, 200.0, 305.0, 266.75]","[(17, 0.062083333333333324, 0.03751666666666666), (17, 0.00013333333333333334, 0.006238888888888889), (20, 0.09476666666666667, 0.020505555555555555), (0, 0, 0), (0, 0, 0), (0, 0, 0)]","[(4009, 67.03791666666666, 10.072483333333333), (16088, 51.899866666666675, 6.183761111111111), (32192, 58.10523333333334, 11.619494444444443), (4026, 67.1, 10.11), (16105, 51.900000000000006, 6.1899999999999995), (32212, 58.2, 11.639999999999999)]","[0, 0, 0, 0, 0, 0]","[0, 0, 0, 0, 0, 0]"
812,"[19.65748324646314, 24.314983954579116, 15.78424678790888, 0.0, 0.0, 0.0]","[8, 8, 10, 0, 0, 0]","[225.69512942666756, 811.3172201388268, 891.3096079071491, 0, 0, 0]","[3803.3048705733327, 7290.682779861173, 15219.69039209285, 4029, 8102, 16111]","[4029, 8102, 16111, 4029, 8102, 16111]","[792, 1970, 2543, 0, 0, 0]","[15.17414668218859, 9.15188203337214, 3.6798727202173067, 0.0, 0.0, 0.0]","[651.7296, 1572.2933333333333, 1264.4042666666667, 0, 0, 0]","[0.009733333333333333, 0.012533333333333332, 0.059333333333333335, 0, 0, 0]","[0.018266666666666667, 0.021599999999999998, 0.021066666666666668, 0, 0, 0]","[3643.2704, 15607.706666666667, 33095.595733333335, 4295, 17180, 34360]","[371.9902666666667, 359.98746666666665, 376.4806666666667, 372.0, 360.0, 376.54]","[199.98173333333332, 304.9784, 266.7289333333333, 200.0, 305.0, 266.75]","[(17, 0.1291, 0.07476666666666666), (15, 1.666666666666667e-05, 0.005372222222222222), (24, 0.026816666666666666, 0.02595), (0, 0, 0), (0, 0, 0), (0, 0, 0)]","[(4009, 66.9709, 10.035233333333332), (16090, 51.89998333333334, 6.184627777777777), (32188, 58.173183333333334, 11.614049999999999), (4026, 67.1, 10.11), (16105, 51.900000000000006, 6.1899999999999995), (32212, 58.2, 11.639999999999999)]","[0, 2, 0, 0, 0, 0]","[2, 0, 0, 0, 0, 0]"
813,"[17.49813849590469, 32.60923228832387, 12.804915895971696, 0.0, 0.0, 0.0]","[5, 10, 8, 0, 0, 0]","[390.0754885201041, 872.2945581913323, 871.3315937268255, 0, 0, 0]","[3638.924511479896, 7229.705441808668, 15239.668406273175, 4029, 8102, 16111]","[4029, 8102, 16111, 4029, 8102, 16111]","[705, 2642, 2063, 0, 0, 0]","[14.591312378734964, 9.12288746604579, 5.053665308498253, 0.0, 0.0, 0.0]","[626.6968666666667, 1567.3120666666669, 1736.4394, 0, 0, 0]","[0.004666666666666666, 0.012133333333333331, 0.024133333333333333, 0, 0, 0]","[0.02613333333333333, 0.0232, 0.017466666666666665, 0, 0, 0]","[3668.3031333333333, 15612.687933333333, 32623.5606, 4295, 17180, 34360]","[371.99533333333335, 359.98786666666666, 376.5158666666667, 372.0, 360.0, 376.54]","[199.97386666666668, 304.9768, 266.7325333333333, 200.0, 305.0, 266.75]","[(13, 0.05988333333333334, 0.06545000000000001), (17, 1.666666666666667e-05, 0.007188888888888888), (17, 0.047, 0.03557222222222222), (0, 0, 0), (0, 0, 0), (0, 0, 0)]","[(4013, 67.04011666666666, 10.04455), (16088, 51.89998333333334, 6.182811111111111), (32195, 58.153000000000006, 11.604427777777776), (4026, 67.1, 10.11), (16105, 51.900000000000006, 6.1899999999999995), (32212, 58.2, 11.639999999999999)]","[0, 2, 0, 0, 0, 0]","[2, 0, 0, 0, 0, 0]"
814,"[27.17795979151154, 25.166625524561837, 13.289057165911489, 0.0, 0.0, 0.0]","[6, 8, 8, 0, 0, 0]","[609.8817236926977, 1031.0900427218785, 1461.339882708188, 0, 0, 0]","[3419.118276307302, 7070.9099572781215, 14649.660117291813, 4029, 8102, 16111]","[4029, 8102, 16111, 4029, 8102, 16111]","[1095, 2039, 2141, 0, 0, 0]","[12.265901435778034, 3.6264641055490876, 4.659482149786573, 0.0, 0.0, 0.0]","[526.8204666666666, 623.0265333333333, 1600.9980666666665, 0, 0, 0]","[0.020399999999999998, 1.0648, 0.020399999999999998, 0, 0, 0]","[0.01, 0.33533333333333337, 0.024399999999999998, 0, 0, 0]","[3768.1795333333334, 16556.973466666666, 32759.001933333333, 4295, 17180, 34360]","[371.9796, 358.9352, 376.5196, 372.0, 360.0, 376.54]","[199.99, 304.6646666666667, 266.7256, 200.0, 305.0, 266.75]","[(17, 0.03036666666666667, 0.04309444444444444), (15, 3.3333333333333335e-05, 0.006727777777777777), (16, 0.00065, 0.004883333333333333), (0, 0, 0), (0, 0, 0), (0, 0, 0)]","[(4009, 67.06963333333333, 10.066905555555556), (16090, 51.89996666666667, 6.183272222222222), (32196, 58.19935, 11.635116666666665), (4026, 67.1, 10.11), (16105, 51.900000000000006, 6.1899999999999995), (32212, 58.2, 11.639999999999999)]","[2, 2, 0, 0, 0, 0]","[2, 0, 0, 0, 0, 0]"
815,"[30.479027053859518, 23.17946186126882, 13.245608590404071, 0.0, 0.0, 0.0]","[8, 7, 8, 0, 0, 0]","[564.8711069818094, 556.1598552293713, 856.7896605916133, 0, 0, 0]","[3464.128893018191, 7545.840144770629, 15254.210339408386, 4029, 8102, 16111]","[4029, 8102, 16111, 4029, 8102, 16111]","[1228, 1878, 2134, 0, 0, 0]","[10.559956538610788, 3.8006662786185488, 1.993792200232829, 0.0, 0.0, 0.0]","[453.5501333333333, 652.9544666666667, 685.067, 0, 0, 0]","[0.020666666666666667, 0.026266666666666664, 0.021866666666666666, 0, 0, 0]","[0.008266666666666667, 0.07533333333333334, 0.02253333333333333, 0, 0, 0]","[3841.449866666667, 16527.045533333334, 33674.933, 4295, 17180, 34360]","[371.97933333333333, 359.9737333333333, 376.51813333333337, 372.0, 360.0, 376.54]","[199.99173333333334, 304.92466666666667, 266.72746666666666, 200.0, 305.0, 266.75]","[(22, 0.04693333333333333, 0.03244444444444445), (13, 0.007933333333333332, 0.006805555555555556), (14, 0.0, 0.004177777777777778), (0, 0, 0), (0, 0, 0), (0, 0, 0)]","[(4004, 67.05306666666667, 10.077555555555556), (16092, 51.89206666666667, 6.183194444444444), (32198, 58.2, 11.63582222222222), (4026, 67.1, 10.11), (16105, 51.900000000000006, 6.1899999999999995), (32212, 58.2, 11.639999999999999)]","[2, 2, 0, 0, 0, 0]","[2, 0, 0, 0, 0, 0]"
816,"[18.391660461653014, 14.342137743766973, 11.209732480913662, 0.0, 0.0, 0.0]","[7, 7, 6, 0, 0, 0]","[277.7926687724214, 341.9529103814262, 337.70772698217183, 0, 0, 0]","[3751.207331227579, 7760.047089618573, 15773.292273017829, 4029, 8102, 16111]","[4029, 8102, 16111, 4029, 8102, 16111]","[741, 1162, 1806, 0, 0, 0]","[4.402589057043073, 3.3993628249902983, 1.25044082266201, 0.0, 0.0, 0.0]","[189.09120000000001, 584.0105333333332, 429.6514666666667, 0, 0, 0]","[0.018933333333333333, 0.028800000000000003, 0.0022666666666666664, 0, 0, 0]","[0.003333333333333333, 0.053066666666666665, 0.0005333333333333334, 0, 0, 0]","[4105.9088, 16595.989466666666, 33930.34853333333, 4295, 17180, 34360]","[371.98106666666666, 359.9712, 376.53773333333334, 372.0, 360.0, 376.54]","[199.99666666666667, 304.94693333333333, 266.74946666666665, 200.0, 305.0, 266.75]","[(18, 1.666666666666667e-05, 0.003472222222222222), (12, 0.0, 0.008516666666666665), (11, 0.0, 0.008794444444444445), (0, 0, 0), (0, 0, 0), (0, 0, 0)]","[(4008, 67.09998333333333, 10.106527777777778), (16093, 51.900000000000006, 6.1814833333333326), (32201, 58.2, 11.631205555555555), (4026, 67.1, 10.11), (16105, 51.900000000000006, 6.1899999999999995), (32212, 58.2, 11.639999999999999)]","[0, 0, 0, 0, 0, 0]","[0, 0, 0, 0, 0, 0]"
817,"[12.012906428394142, 9.28165884966675, 10.19800136552666, 0.0, 0.0, 0.0]","[6, 5, 6, 0, 0, 0]","[285.7129606896001, 621.2554171424388, 1203.0091064133862, 0, 0, 0]","[3743.2870393104, 7480.744582857561, 14907.990893586613, 4029, 8102, 16111]","[4029, 8102, 16111, 4029, 8102, 16111]","[484, 752, 1643, 0, 0, 0]","[1.7435157159487773, 2.970341094295693, 0.8716449359720605, 0.0, 0.0, 0.0]","[74.88399999999999, 510.3046, 299.4972, 0, 0, 0]","[1.157333333333333, 0.028533333333333334, 0.010266666666666667, 0, 0, 0]","[1.1496000000000002, 0.07333333333333333, 0.0006666666666666668, 0, 0, 0]","[4220.116, 16669.6954, 34060.5028, 4295, 17180, 34360]","[370.8426666666667, 359.9714666666667, 376.52973333333335, 372.0, 360.0, 376.54]","[198.8504, 304.9266666666667, 266.7493333333333, 200.0, 305.0, 266.75]","[(13, 0.0, 0.0017333333333333333), (8, 0.0002833333333333333, 0.009094444444444443), (14, 5e-05, 0.049161111111111114), (0, 0, 0), (0, 0, 0), (0, 0, 0)]","[(4013, 67.1, 10.108266666666665), (16097, 51.89971666666667, 6.180905555555555), (32198, 58.19995, 11.590838888888888), (4026, 67.1, 10.11), (16105, 51.900000000000006, 6.1899999999999995), (32212, 58.2, 11.639999999999999)]","[0, 0, 0, 0, 0, 0]","[0, 0, 0, 0, 0, 0]"
818,"[15.090593199305038, 17.36608244877808, 10.19800136552666, 0.0, 0.0, 0.0]","[5, 8, 6, 0, 0, 0]","[421.6091699398155, 906.7089702676739, 1314.047013932798, 0, 0, 0]","[3607.3908300601843, 7195.291029732326, 14796.952986067201, 4029, 8102, 16111]","[4029, 8102, 16111, 4029, 8102, 16111]","[608, 1407, 1643, 0, 0, 0]","[1.5024074505238652, 3.2938156771439657, 0.7294848661233994, 0.0, 0.0, 0.0]","[64.5284, 565.8775333333333, 250.651, 0, 0, 0]","[0.017066666666666667, 0.0228, 0.010133333333333333, 0, 0, 0]","[0.0172, 0.0472, 0.0008, 0, 0, 0]","[4230.4716, 16614.122466666668, 34109.349, 4295, 17180, 34360]","[371.98293333333334, 359.9772, 376.5298666666667, 372.0, 360.0, 376.54]","[199.9828, 304.9528, 266.7492, 200.0, 305.0, 266.75]","[(9, 0.0, 0.0008132478632478633), (13, 0.00015000000000000001, 0.008288888888888889), (14, 0.0, 0.020927777777777778), (0, 0, 0), (0, 0, 0), (0, 0, 0)]","[(4017, 67.1, 10.109186752136752), (16092, 51.89985000000001, 6.1817111111111105), (32198, 58.2, 11.61907222222222), (4026, 67.1, 10.11), (16105, 51.900000000000006, 6.1899999999999995), (32212, 58.2, 11.639999999999999)]","[0, 0, 0, 0, 0, 0]","[0, 0, 0, 0, 0, 0]"
819,"[17.17547778605113, 18.501604542088373, 14.207684190925454, 0.0, 0.0, 0.0]","[4, 8, 8, 0, 0, 0]","[416.3233031973332, 1084.1588243828069, 992.102900245201, 0, 0, 0]","[3612.676696802667, 7017.841175617194, 15118.897099754799, 4029, 8102, 16111]","[4029, 8102, 16111, 4029, 8102, 16111]","[692, 1499, 2289, 0, 0, 0]","[1.4241086534730305, 1.3709736127279781, 1.1638451688009315, 0.0, 0.0, 0.0]","[61.16546666666666, 235.53326666666666, 399.89720000000005, 0, 0, 0]","[0.0168, 0.009466666666666667, 0.05213333333333332, 0, 0, 0]","[0.016666666666666666, 0.00013333333333333337, 0.04253333333333333, 0, 0, 0]","[4233.834533333334, 16944.466733333335, 33960.1028, 4295, 17180, 34360]","[371.9832, 359.99053333333336, 376.48786666666666, 372.0, 360.0, 376.54]","[199.98333333333332, 304.99986666666666, 266.7074666666667, 200.0, 305.0, 266.75]","[(7, 0.0, 0.00010555555555555557), (13, 0.0, 0.003916666666666666), (16, 0.0, 0.03659444444444444), (0, 0, 0), (0, 0, 0), (0, 0, 0)]","[(4019, 67.1, 10.109894444444445), (16092, 51.900000000000006, 6.1860833333333325), (32196, 58.2, 11.603405555555554), (4026, 67.1, 10.11), (16105, 51.900000000000006, 6.1899999999999995), (32212, 58.2, 11.639999999999999)]","[0, 0, 0, 0, 0, 0]","[0, 0, 0, 0, 0, 0]"
820,"[24.67113427649541, 16.502098247346332, 8.900751039662342, 0.0, 0.0, 0.0]","[6, 7, 5, 0, 0, 0]","[398.3455804978778, 601.9784260683645, 889.2151151589803, 0, 0, 0]","[3630.6544195021224, 7500.021573931635, 15221.78488484102, 4029, 8102, 16111]","[4029, 8102, 16111, 4029, 8102, 16111]","[994, 1337, 1434, 0, 0, 0]","[1.9815304617772607, 1.1283639891346529, 0.42088067520372535, 0.0, 0.0, 0.0]","[85.10673333333334, 193.85293333333334, 144.61460000000002, 0, 0, 0]","[0.025866666666666666, 0.0088, 0.0116, 0, 0, 0]","[0.016933333333333335, 0.0, 0.0008000000000000001, 0, 0, 0]","[4209.893266666667, 16986.14706666667, 34215.3854, 4295, 17180, 34360]","[371.9741333333333, 359.9912, 376.52840000000003, 372.0, 360.0, 376.54]","[199.98306666666667, 305.0, 266.7492, 200.0, 305.0, 266.75]","[(12, 0.0, 0.0010166666666666666), (12, 0.0, 0.0034666666666666665), (10, 0.0, 0.0027277777777777778), (0, 0, 0), (0, 0, 0), (0, 0, 0)]","[(4014, 67.1, 10.108983333333333), (16093, 51.900000000000006, 6.186533333333333), (32202, 58.2, 11.63727222222222), (4026, 67.1, 10.11), (16105, 51.900000000000006, 6.1899999999999995), (32212, 58.2, 11.639999999999999)]","[0, 0, 0, 0, 0, 0]","[0, 0, 0, 0, 0, 0]"
821,"[16.480516257135765, 17.748704023697854, 12.215256656942461, 0.0, 0.0, 0.0]","[4, 7, 7, 0, 0, 0]","[209.42739868735072, 550.3993154490756, 1196.299090862671, 0, 0, 0]","[3819.572601312649, 7551.600684550925, 14914.70090913733, 4029, 8102, 16111]","[4029, 8102, 16111, 4029, 8102, 16111]","[664, 1438, 1968, 0, 0, 0]","[4.5267101280558775, 8.885113310050444, 3.2682708575863404, 0.0, 0.0, 0.0]","[194.42219999999995, 1526.4624666666664, 1122.9778666666666, 0, 0, 0]","[0.026266666666666667, 0.20213333333333333, 0.21386666666666668, 0, 0, 0]","[0.038266666666666664, 0.004, 1.4884, 0, 0, 0]","[4100.5778, 15653.537533333334, 33237.02213333333, 4295, 17180, 34360]","[371.9737333333333, 359.79786666666666, 376.32613333333336, 372.0, 360.0, 376.54]","[199.96173333333334, 304.996, 265.2616, 200.0, 305.0, 266.75]","[(10, 0.00013333333333333334, 0.002127777777777778), (12, 0.00015, 0.0054666666666666665), (14, 0.0, 0.0267), (0, 0, 0), (0, 0, 0), (0, 0, 0)]","[(4016, 67.09986666666666, 10.107872222222221), (16093, 51.89985000000001, 6.1845333333333325), (32198, 58.2, 11.613299999999999), (4026, 67.1, 10.11), (16105, 51.900000000000006, 6.1899999999999995), (32212, 58.2, 11.639999999999999)]","[0, 0, 0, 0, 0, 0]","[0, 0, 0, 0, 0, 0]"
822,"[11.466865227103499, 12.71291039249568, 16.78356402457948, 0.0, 0.0, 0.0]","[4, 5, 10, 0, 0, 0]","[328.16542815287113, 492.82117245074966, 1388.1738589235533, 0, 0, 0]","[3700.8345718471287, 7609.17882754925, 14722.826141076446, 4029, 8102, 16111]","[4029, 8102, 16111, 4029, 8102, 16111]","[462, 1030, 2704, 0, 0, 0]","[4.6386076833527365, 8.013844780752812, 3.110847885137758, 0.0, 0.0, 0.0]","[199.22820000000002, 1376.7785333333334, 1068.8873333333336, 0, 0, 0]","[0.012533333333333334, 0.018933333333333333, 0.18533333333333335, 0, 0, 0]","[0.017599999999999998, 0.0018666666666666669, 0.8027999999999998, 0, 0, 0]","[4095.7718, 15803.221466666666, 33291.11266666667, 4295, 17180, 34360]","[371.98746666666665, 359.98106666666666, 376.3546666666667, 372.0, 360.0, 376.54]","[199.9824, 304.9981333333333, 265.9472, 200.0, 305.0, 266.75]","[(10, 1.666666666666667e-05, 0.002622222222222222), (12, 0.09475, 0.019977777777777775), (17, 0.00015, 0.026072222222222222), (0, 0, 0), (0, 0, 0), (0, 0, 0)]","[(4016, 67.09998333333333, 10.107377777777778), (16093, 51.80525000000001, 6.170022222222221), (32195, 58.199850000000005, 11.613927777777777), (4026, 67.1, 10.11), (16105, 51.900000000000006, 6.1899999999999995), (32212, 58.2, 11.639999999999999)]","[0, 0, 0, 0, 0, 0]","[0, 0, 0, 0, 0, 0]"
823,"[20.203524447753786, 9.442113058504074, 14.170442554776239, 0.0, 0.0, 0.0]","[7, 4, 9, 0, 0, 0]","[421.0109569170386, 371.0024467077791, 1034.1109491026245, 0, 0, 0]","[3607.9890430829614, 7730.997553292221, 15076.889050897375, 4029, 8102, 16111]","[4029, 8102, 16111, 4029, 8102, 16111]","[814, 765, 2283, 0, 0, 0]","[13.149853317811408, 7.677138145129998, 2.238563445867287, 0.0, 0.0, 0.0]","[564.7862, 1318.9323333333336, 769.1703999999999, 0, 0, 0]","[0.5874666666666666, 0.018666666666666665, 0.1952, 0, 0, 0]","[0.1148, 0.0015999999999999999, 0.6357333333333334, 0, 0, 0]","[3730.2138, 15861.067666666666, 33590.8296, 4295, 17180, 34360]","[371.41253333333333, 359.98133333333334, 376.3448, 372.0, 360.0, 376.54]","[199.8852, 304.9984, 266.11426666666665, 200.0, 305.0, 266.75]","[(15, 1.666666666666667e-05, 0.004505555555555555), (10, 0.0, 0.0026666666666666666), (16, 0.09475, 0.03165), (0, 0, 0), (0, 0, 0), (0, 0, 0)]","[(4011, 67.09998333333333, 10.105494444444444), (16095, 51.900000000000006, 6.187333333333333), (32196, 58.105250000000005, 11.608349999999998), (4026, 67.1, 10.11), (16105, 51.900000000000006, 6.1899999999999995), (32212, 58.2, 11.639999999999999)]","[0, 0, 0, 0, 0, 0]","[0, 0, 0, 0, 0, 0]"
824,"[15.934475055845123, 13.49049617378425, 11.563528024331202, 0.0, 0.0, 0.0]","[5, 6, 7, 0, 0, 0]","[329.52911835230987, 554.4525999991673, 841.4849270182178, 0, 0, 0]","[3699.47088164769, 7547.547400000833, 15269.515072981781, 4029, 8102, 16111]","[4029, 8102, 16111, 4029, 8102, 16111]","[642, 1093, 1863, 0, 0, 0]","[13.491666278618549, 15.111157935584012, 0.982904928211098, 0.0, 0.0, 0.0]","[579.4670666666667, 2596.0969333333333, 337.7261333333333, 0, 0, 0]","[0.5938666666666667, 0.20346666666666666, 0.0212, 0, 0, 0]","[0.11373333333333334, 0.010533333333333332, 0.021333333333333333, 0, 0, 0]","[3715.5329333333334, 14583.903066666666, 34022.27386666667, 4295, 17180, 34360]","[371.40613333333334, 359.79653333333334, 376.5188, 372.0, 360.0, 376.54]","[199.88626666666667, 304.98946666666666, 266.72866666666664, 200.0, 305.0, 266.75]","[(9, 3.3333333333333335e-05, 0.0023111111111111114), (12, 0.011033333333333332, 0.023344444444444442), (10, 0.0006166666666666666, 0.007427777777777778), (0, 0, 0), (0, 0, 0), (0, 0, 0)]","[(4017, 67.09996666666666, 10.10768888888889), (16093, 51.888966666666676, 6.166655555555555), (32202, 58.19938333333334, 11.63257222222222), (4026, 67.1, 10.11), (16105, 51.900000000000006, 6.1899999999999995), (32212, 58.2, 11.639999999999999)]","[0, 0, 0, 0, 0, 0]","[0, 0, 0, 0, 0, 0]"
825,"[16.083395383469842, 12.268575660330782, 11.110421451182422, 0.0, 0.0, 0.0]","[5, 5, 7, 0, 0, 0]","[357.7815377710632, 654.8456852813173, 849.1562993757058, 0, 0, 0]","[3671.218462228937, 7447.154314718683, 15261.843700624295, 4029, 8102, 16111]","[4029, 8102, 16111, 4029, 8102, 16111]","[648, 994, 1790, 0, 0, 0]","[10.552853705859526, 10.493882809468374, 1.5980840124175395, 0.0, 0.0, 0.0]","[453.2450666666666, 1802.8490666666667, 549.1016666666666, 0, 0, 0]","[0.5458666666666666, 1.1985333333333332, 1.0761333333333334, 0, 0, 0]","[0.11613333333333334, 0.38573333333333326, 0.338, 0, 0, 0]","[3841.7549333333336, 15377.150933333334, 33810.89833333333, 4295, 17180, 34360]","[371.45413333333335, 358.80146666666667, 375.46386666666666, 372.0, 360.0, 376.54]","[199.88386666666668, 304.61426666666665, 266.412, 200.0, 305.0, 266.75]","[(8, 0.037899999999999996, 0.014688888888888888), (11, 0.011566666666666668, 0.5124222222222222), (10, 0.00065, 0.052255555555555555), (0, 0, 0), (0, 0, 0), (0, 0, 0)]","[(4018, 67.0621, 10.09531111111111), (16094, 51.88843333333334, 5.677577777777778), (32202, 58.19935, 11.587744444444443), (4026, 67.1, 10.11), (16105, 51.900000000000006, 6.1899999999999995), (32212, 58.2, 11.639999999999999)]","[0, 0, 0, 0, 0, 0]","[0, 0, 0, 0, 0, 0]"
826,"[13.799950359890792, 12.243890397432732, 7.802122773260506, 0.0, 0.0, 0.0]","[5, 5, 5, 0, 0, 0]","[424.0692488906267, 864.8814458657718, 786.0336594092033, 0, 0, 0]","[3604.9307511093734, 7237.118554134228, 15324.966340590796, 4029, 8102, 16111]","[4029, 8102, 16111, 4029, 8102, 16111]","[556, 992, 1257, 0, 0, 0]","[4.462598370197904, 10.41657431121459, 1.8338317811408613, 0.0, 0.0, 0.0]","[191.6686, 1789.5674666666666, 630.1046, 0, 0, 0]","[0.0052, 0.8638666666666667, 0.022, 0, 0, 0]","[0.018933333333333333, 0.31053333333333333, 0.0652, 0, 0, 0]","[4103.3314, 15390.432533333333, 33729.8954, 4295, 17180, 34360]","[371.9948, 359.1361333333333, 376.51800000000003, 372.0, 360.0, 376.54]","[199.98106666666666, 304.68946666666665, 266.6848, 200.0, 305.0, 266.75]","[(9, 0.0002833333333333333, 0.0009055555555555556), (9, 0.0013166666666666663, 0.2514722222222222), (8, 0.0, 0.023894444444444444), (0, 0, 0), (0, 0, 0), (0, 0, 0)]","[(4017, 67.09971666666667, 10.109094444444445), (16096, 51.89868333333334, 5.938527777777777), (32204, 58.2, 11.616105555555555), (4026, 67.1, 10.11), (16105, 51.900000000000006, 6.1899999999999995), (32212, 58.2, 11.639999999999999)]","[0, 0, 0, 0, 0, 0]","[0, 0, 0, 0, 0, 0]"
827,"[14.172251178952594, 14.058257220439396, 6.492458568679783, 0.0, 0.0, 0.0]","[5, 6, 4, 0, 0, 0]","[265.62265626031103, 547.4587700361312, 557.0429314530967, 0, 0, 0]","[3763.377343739689, 7554.541229963868, 15553.957068546903, 4029, 8102, 16111]","[4029, 8102, 16111, 4029, 8102, 16111]","[571, 1139, 1046, 0, 0, 0]","[3.4534916569654635, 10.018828482731857, 1.6153800931315485, 0.0, 0.0, 0.0]","[148.32746666666665, 1721.2347333333332, 555.0446000000001, 0, 0, 0]","[0.0025333333333333336, 1.0262666666666664, 0.018133333333333335, 0, 0, 0]","[0.004533333333333334, 0.3642666666666666, 0.05159999999999999, 0, 0, 0]","[4146.672533333333, 15458.765266666667, 33804.9554, 4295, 17180, 34360]","[371.99746666666664, 358.9737333333333, 376.5218666666667, 372.0, 360.0, 376.54]","[199.99546666666666, 304.63573333333335, 266.6984, 200.0, 305.0, 266.75]","[(10, 6.666666666666667e-05, 0.00115), (10, 0.0017833333333333332, 0.36470555555555556), (6, 0.00065, 0.010805555555555558), (0, 0, 0), (0, 0, 0), (0, 0, 0)]","[(4016, 67.09993333333333, 10.108849999999999), (16095, 51.89821666666667, 5.825294444444444), (32206, 58.19935, 11.629194444444444), (4026, 67.1, 10.11), (16105, 51.900000000000006, 6.1899999999999995), (32212, 58.2, 11.639999999999999)]","[0, 0, 0, 0, 0, 0]","[0, 0, 0, 0, 0, 0]"
828,"[11.839166046165301, 14.971611947667244, 7.529017441499597, 0.0, 0.0, 0.0]","[4, 6, 5, 0, 0, 0]","[379.787988213988, 749.474714647404, 371.0777447626242, 0, 0, 0]","[3649.212011786012, 7352.525285352596, 15739.922255237376, 4029, 8102, 16111]","[4029, 8102, 16111, 4029, 8102, 16111]","[477, 1213, 1213, 0, 0, 0]","[4.8449080325960425, 3.58984167636787, 1.2571814124951495, 0.0, 0.0, 0.0]","[208.08880000000002, 616.7348000000001, 431.96753333333334, 0, 0, 0]","[0.5774666666666667, 1.26, 0.18986666666666663, 0, 0, 0]","[0.4521333333333333, 0.4577333333333334, 0.07493333333333335, 0, 0, 0]","[4086.9112, 16563.2652, 33928.032466666664, 4295, 17180, 34360]","[371.4225333333333, 358.74, 376.35013333333336, 372.0, 360.0, 376.54]","[199.54786666666666, 304.54226666666665, 266.6750666666667, 200.0, 305.0, 266.75]","[(8, 0.003083333333333333, 0.05947222222222222), (10, 0.0008833333333333333, 0.45115555555555553), (10, 0.0, 0.08594999999999998), (0, 0, 0), (0, 0, 0), (0, 0, 0)]","[(4018, 67.09691666666666, 10.050527777777777), (16095, 51.89911666666667, 5.738844444444444), (32202, 58.2, 11.554049999999998), (4026, 67.1, 10.11), (16105, 51.900000000000006, 6.1899999999999995), (32212, 58.2, 11.639999999999999)]","[0, 0, 0, 0, 0, 0]","[0, 0, 0, 0, 0, 0]"
829,"[33.03549267808389, 10.157985682547519, 8.373161194215132, 0.0, 0.0, 0.0]","[11, 4, 5, 0, 0, 0]","[825.725041812243, 758.4538286677473, 789.6287011005156, 0, 0, 0]","[3203.274958187757, 7343.546171332253, 15321.371298899485, 4029, 8102, 16111]","[4029, 8102, 16111, 4029, 8102, 16111]","[1331, 823, 1349, 0, 0, 0]","[7.75338921226232, 1.52179200620877, 0.825487776484284, 0.0, 0.0, 0.0]","[333.00806666666665, 261.4438666666667, 283.63759999999996, 0, 0, 0]","[0.43560000000000004, 0.04186666666666666, 0.17426666666666668, 0, 0, 0]","[0.35866666666666663, 0.029866666666666666, 0.0164, 0, 0, 0]","[3961.9919333333332, 16918.55613333333, 34076.3624, 4295, 17180, 34360]","[371.5644, 359.9581333333333, 376.36573333333337, 372.0, 360.0, 376.54]","[199.64133333333334, 304.9701333333333, 266.7336, 200.0, 305.0, 266.75]","[(23, 0.05719999999999999, 0.066), (5, 3.3333333333333335e-05, 0.05837222222222222), (11, 0.0, 0.08267222222222222), (0, 0, 0), (0, 0, 0), (0, 0, 0)]","[(4003, 67.0428, 10.043999999999999), (16100, 51.89996666666667, 6.131627777777777), (32201, 58.2, 11.557327777777777), (4026, 67.1, 10.11), (16105, 51.900000000000006, 6.1899999999999995), (32212, 58.2, 11.639999999999999)]","[0, 0, 0, 0, 0, 0]","[0, 0, 0, 0, 0, 0]"
830,"[29.287664432861753, 13.379412490743025, 7.119359443858234, 0.0, 0.0, 0.0]","[10, 6, 4, 0, 0, 0]","[927.9416581348522, 808.6416203378062, 472.02388599796734, 0, 0, 0]","[3101.0583418651477, 7293.358379662193, 15638.976114002033, 4029, 8102, 16111]","[4029, 8102, 16111, 4029, 8102, 16111]","[1180, 1084, 1147, 0, 0, 0]","[5.763871168024835, 1.946994955374466, 0.7278339154055103, 0.0, 0.0, 0.0]","[247.55826666666667, 334.4937333333333, 250.08373333333336, 0, 0, 0]","[0.42919999999999997, 0.06453333333333333, 0.1688, 0, 0, 0]","[0.3576, 0.06706666666666666, 0.008133333333333333, 0, 0, 0]","[4047.441733333333, 16845.506266666667, 34109.91626666667, 4295, 17180, 34360]","[371.5708, 359.9354666666667, 376.37120000000004, 372.0, 360.0, 376.54]","[199.6424, 304.9329333333333, 266.7418666666667, 200.0, 305.0, 266.75]","[(21, 0.033633333333333335, 0.05576111111111111), (9, 0.00065, 0.06655555555555555), (9, 0.0, 0.11767777777777778), (0, 0, 0), (0, 0, 0), (0, 0, 0)]","[(4005, 67.06636666666667, 10.054238888888888), (16096, 51.899350000000005, 6.123444444444444), (32203, 58.2, 11.52232222222222), (4026, 67.1, 10.11), (16105, 51.900000000000006, 6.1899999999999995), (32212, 58.2, 11.639999999999999)]","[0, 0, 0, 0, 0, 0]","[0, 0, 0, 0, 0, 0]"
831,"[30.404566890047157, 17.53887928906443, 5.443485817143567, 0.0, 0.0, 0.0]","[9, 7, 3, 0, 0, 0]","[677.717744735164, 781.3241848780335, 69.58197134902349, 0, 0, 0]","[3351.282255264836, 7320.6758151219665, 16041.418028650976, 4029, 8102, 16111]","[4029, 8102, 16111, 4029, 8102, 16111]","[1225, 1421, 877, 0, 0, 0]","[6.760878540939077, 1.6713213038416763, 0.9745162980209545, 0.0, 0.0, 0.0]","[290.3797333333333, 287.133, 334.8438, 0, 0, 0]","[0.42346666666666666, 0.0824, 0.16973333333333332, 0, 0, 0]","[0.3528, 0.029866666666666666, 0.008, 0, 0, 0]","[4004.620266666667, 16892.867, 34025.1562, 4295, 17180, 34360]","[371.5765333333333, 359.9176, 376.3702666666667, 372.0, 360.0, 376.54]","[199.6472, 304.9701333333333, 266.742, 200.0, 305.0, 266.75]","[(19, 0.04946666666666666, 0.054799999999999995), (14, 0.00011666666666666667, 0.059283333333333334), (5, 5e-05, 0.09479444444444445), (0, 0, 0), (0, 0, 0), (0, 0, 0)]","[(4007, 67.05053333333333, 10.0552), (16091, 51.89988333333334, 6.130716666666666), (32207, 58.19995, 11.545205555555555), (4026, 67.1, 10.11), (16105, 51.900000000000006, 6.1899999999999995), (32212, 58.2, 11.639999999999999)]","[0, 0, 0, 0, 0, 0]","[0, 0, 0, 0, 0, 0]"
832,"[23.504591710101764, 20.328313996544065, 5.536589907516603, 0.0, 0.0, 0.0]","[7, 8, 3, 0, 0, 0]","[292.7729814308318, 974.8804970269823, 603.6975151958009, 0, 0, 0]","[3736.227018569168, 7127.119502973018, 15507.302484804199, 4029, 8102, 16111]","[4029, 8102, 16111, 4029, 8102, 16111]","[947, 1647, 892, 0, 0, 0]","[4.735622817229336, 0.8763407062475745, 0.39265386107877376, 0.0, 0.0, 0.0]","[203.39499999999998, 150.55533333333332, 134.91586666666666, 0, 0, 0]","[0.4324, 0.017599999999999998, 0.009866666666666666, 0, 0, 0]","[0.3558666666666666, 0.0061333333333333335, 0.0004000000000000001, 0, 0, 0]","[4091.605, 17029.444666666666, 34225.08413333333, 4295, 17180, 34360]","[371.5676, 359.9824, 376.53013333333337, 372.0, 360.0, 376.54]","[199.64413333333334, 304.9938666666667, 266.7496, 200.0, 305.0, 266.75]","[(14, 0.0, 0.05225555555555555), (17, 0.0006833333333333334, 0.004783333333333333), (6, 0.0, 0.0024555555555555554), (0, 0, 0), (0, 0, 0), (0, 0, 0)]","[(4012, 67.1, 10.057744444444443), (16088, 51.89931666666667, 6.185216666666666), (32206, 58.2, 11.637544444444444), (4026, 67.1, 10.11), (16105, 51.900000000000006, 6.1899999999999995), (32212, 58.2, 11.639999999999999)]","[0, 0, 0, 0, 0, 0]","[0, 0, 0, 0, 0, 0]"
833,"[15.711094564408043, 27.598123920019745, 6.213146297560672, 0.0, 0.0, 0.0]","[6, 11, 3, 0, 0, 0]","[286.85140288895707, 1347.3073938837156, 765.0246979634072, 0, 0, 0]","[3742.148597111043, 6754.692606116285, 15345.975302036593, 4029, 8102, 16111]","[4029, 8102, 16111, 4029, 8102, 16111]","[633, 2236, 1001, 0, 0, 0]","[4.421825378346915, 3.2477830811020554, 0.36213620488940634, 0.0, 0.0, 0.0]","[189.9174, 557.9691333333332, 124.43, 0, 0, 0]","[0.5707999999999999, 1.0921333333333334, 0.0104, 0, 0, 0]","[0.49906666666666655, 0.3568, 0.0008, 0, 0, 0]","[4105.0826, 16622.030866666668, 34235.57, 4295, 17180, 34360]","[371.4292, 358.9078666666667, 376.5296, 372.0, 360.0, 376.54]","[199.50093333333334, 304.6432, 266.7492, 200.0, 305.0, 266.75]","[(9, 0.0, 0.09606111111111111), (21, 0.0015166666666666664, 0.015888888888888886), (7, 0.0, 0.0025277777777777777), (0, 0, 0), (0, 0, 0), (0, 0, 0)]","[(4017, 67.1, 10.01393888888889), (16084, 51.89848333333334, 6.17411111111111), (32205, 58.2, 11.637472222222222), (4026, 67.1, 10.11), (16105, 51.900000000000006, 6.1899999999999995), (32212, 58.2, 11.639999999999999)]","[0, 0, 0, 0, 0, 0]","[0, 0, 0, 0, 0, 0]"
834,"[13.874410523703151, 24.69760552949889, 16.24976723977407, 0.0, 0.0, 0.0]","[5, 9, 7, 0, 0, 0]","[396.30924843911464, 1064.7739378719875, 1104.896074689378, 0, 0, 0]","[3632.6907515608855, 7037.226062128013, 15006.103925310621, 4029, 8102, 16111]","[4029, 8102, 16111, 4029, 8102, 16111]","[559, 2001, 2618, 0, 0, 0]","[2.5542382615444317, 9.056254559565387, 0.77983779588669, 0.0, 0.0, 0.0]","[109.70453333333333, 1555.8645333333334, 267.9522666666667, 0, 0, 0]","[0.06866666666666667, 0.2406666666666667, 0.018533333333333332, 0, 0, 0]","[0.0668, 1.548, 0.010133333333333331, 0, 0, 0]","[4185.2954666666665, 15624.135466666667, 34092.04773333333, 4295, 17180, 34360]","[371.9313333333333, 359.75933333333336, 376.5214666666667, 372.0, 360.0, 376.54]","[199.9332, 303.452, 266.73986666666667, 200.0, 305.0, 266.75]","[(7, 0.0, 0.0005388888888888889), (19, 0.0, 0.03869444444444445), (18, 5e-05, 0.0043), (0, 0, 0), (0, 0, 0), (0, 0, 0)]","[(4019, 67.1, 10.109461111111111), (16086, 51.900000000000006, 6.151305555555555), (32194, 58.19995, 11.635699999999998), (4026, 67.1, 10.11), (16105, 51.900000000000006, 6.1899999999999995), (32212, 58.2, 11.639999999999999)]","[0, 0, 2, 0, 0, 0]","[0, 0, 0, 0, 0, 0]"
835,"[18.217920079424175, 17.575907183411505, 16.324250512072496, 0.0, 0.0, 0.0]","[6, 7, 8, 0, 0, 0]","[481.2421730145535, 1163.9648618505928, 1223.1167646448291, 0, 0, 0]","[3547.7578269854466, 6938.035138149407, 14887.883235355172, 4029, 8102, 16111]","[4029, 8102, 16111, 4029, 8102, 16111]","[734, 1424, 2630, 0, 0, 0]","[2.895658850268862, 7.598799767171129, 0.5528632130384168, 0.0, 0.0, 0.0]","[124.36854761904763, 1305.4738, 189.9638, 0, 0, 0]","[0.06586666666666666, 0.19440000000000002, 0.016133333333333333, 0, 0, 0]","[0.0644, 0.8659999999999998, 0.008266666666666665, 0, 0, 0]","[4170.631452380952, 15874.5262, 34170.0362, 4295, 17180, 34360]","[371.9341333333333, 359.8056, 376.52386666666666, 372.0, 360.0, 376.54]","[199.9356, 304.134, 266.74173333333334, 200.0, 305.0, 266.75]","[(8, 0.0, 0.0006785714285714286), (13, 0.0, 0.034355555555555556), (21, 0.0, 0.003416666666666667), (0, 0, 0), (0, 0, 0), (0, 0, 0)]","[(4018, 67.1, 10.109321428571429), (16092, 51.900000000000006, 6.155644444444444), (32191, 58.2, 11.636583333333332), (4026, 67.1, 10.11), (16105, 51.900000000000006, 6.1899999999999995), (32212, 58.2, 11.639999999999999)]","[0, 0, 2, 0, 0, 0]","[0, 0, 0, 0, 0, 0]"
836,"[23.405311491685282, 22.661071340409773, 18.3415058034883, 0.0, 0.0, 0.0]","[8, 8, 7, 0, 0, 0]","[488.4367143876048, 827.6273504718505, 725.6951823356965, 0, 0, 0]","[3540.5632856123952, 7274.37264952815, 15385.304817664304, 4029, 8102, 16111]","[4029, 8102, 16111, 4029, 8102, 16111]","[943, 1836, 2955, 0, 0, 0]","[10.211824269638008, 6.368694218083042, 0.6183482731858753, 0.0, 0.0, 0.0]","[438.5978523809524, 1094.1416666666667, 212.4644666666667, 0, 0, 0]","[0.08306666666666666, 0.19146666666666667, 0.05639999999999999, 0, 0, 0]","[0.08973333333333333, 0.676, 0.048799999999999996, 0, 0, 0]","[3856.4021476190474, 16085.858333333334, 34147.535533333335, 4295, 17180, 34360]","[371.91693333333336, 359.80853333333334, 376.4836, 372.0, 360.0, 376.54]","[199.91026666666667, 304.324, 266.7012, 200.0, 305.0, 266.75]","[(14, 0.06151666666666666, 0.038028968253968246), (14, 0.03961666666666667, 0.03481666666666666), (18, 0.0, 0.003094444444444444), (0, 0, 0), (0, 0, 0), (0, 0, 0)]","[(4012, 67.03848333333333, 10.071971031746031), (16091, 51.86038333333334, 6.155183333333333), (32194, 58.2, 11.636905555555554), (4026, 67.1, 10.11), (16105, 51.900000000000006, 6.1899999999999995), (32212, 58.2, 11.639999999999999)]","[0, 2, 4, 0, 0, 0]","[0, 2, 0, 0, 0, 0]"
837,"[29.03946388682055, 20.451740311034314, 17.379430202966915, 0.0, 0.0, 0.0]","[9, 8, 7, 0, 0, 0]","[795.2157110766242, 532.1064074882677, 457.5868321790946, 0, 0, 0]","[3233.7842889233757, 7569.893592511732, 15653.413167820905, 4029, 8102, 16111]","[4029, 8102, 16111, 4029, 8102, 16111]","[1170, 1657, 2800, 0, 0, 0]","[19.341820721769498, 2.9276135040745057, 0.8861418315871169, 0.0, 0.0, 0.0]","[830.7312, 502.96400000000006, 304.47833333333335, 0, 0, 0]","[0.03186666666666667, 0.04493333333333334, 0.0196, 0, 0, 0]","[0.025599999999999998, 0.06293333333333333, 0.015200000000000002, 0, 0, 0]","[3464.2688, 16677.036, 34055.52166666667, 4295, 17180, 34360]","[371.96813333333336, 359.95506666666665, 376.5204, 372.0, 360.0, 376.54]","[199.9744, 304.9370666666667, 266.7348, 200.0, 305.0, 266.75]","[(20, 0.09094999999999999, 0.11093888888888889), (12, 0.0, 0.0077555555555555555), (14, 0.0, 0.007550000000000001), (0, 0, 0), (0, 0, 0), (0, 0, 0)]","[(4006, 67.00904999999999, 9.99906111111111), (16093, 51.900000000000006, 6.182244444444444), (32198, 58.2, 11.632449999999999), (4026, 67.1, 10.11), (16105, 51.900000000000006, 6.1899999999999995), (32212, 58.2, 11.639999999999999)]","[0, 2, 4, 0, 0, 0]","[0, 2, 0, 0, 0, 0]"
838,"[40.60560933234053, 15.551715625771415, 16.845633418161505, 0.0, 0.0, 0.0]","[10, 6, 6, 0, 0, 0]","[838.1215652277725, 550.3372451426468, 1113.2468642992103, 0, 0, 0]","[3190.8784347722276, 7551.662754857353, 14997.75313570079, 4029, 8102, 16111]","[4029, 8102, 16111, 4029, 8102, 16111]","[1636, 1260, 2714, 0, 0, 0]","[12.75413736903376, 0.9516212650368646, 4.072024447031431, 0.0, 0.0, 0.0]","[547.7902, 163.48853333333332, 1399.1475999999998, 0, 0, 0]","[0.048799999999999996, 0.03373333333333333, 0.008666666666666666, 0, 0, 0]","[0.008533333333333334, 0.02, 0.010266666666666667, 0, 0, 0]","[3747.2098, 17016.511466666667, 32960.8524, 4295, 17180, 34360]","[371.9512, 359.9662666666667, 376.53133333333335, 372.0, 360.0, 376.54]","[199.99146666666667, 304.98, 266.73973333333333, 200.0, 305.0, 266.75]","[(21, 0.02943333333333333, 0.03239999999999999), (9, 1.666666666666667e-05, 0.0030277777777777777), (8, 0.0, 0.00858888888888889), (0, 0, 0), (0, 0, 0), (0, 0, 0)]","[(4005, 67.07056666666666, 10.077599999999999), (16096, 51.89998333333334, 6.186972222222222), (32204, 58.2, 11.63141111111111), (4026, 67.1, 10.11), (16105, 51.900000000000006, 6.1899999999999995), (32212, 58.2, 11.639999999999999)]","[2, 2, 4, 0, 0, 0]","[0, 2, 0, 0, 0, 0]"
839,"[43.931496649292626, 18.069612441372502, 18.782198497920675, 0.0, 0.0, 0.0]","[11, 6, 7, 0, 0, 0]","[842.4804850918491, 624.7864591372685, 1127.3294996797526, 0, 0, 0]","[3186.519514908151, 7477.213540862732, 14983.670500320248, 4029, 8102, 16111]","[4029, 8102, 16111, 4029, 8102, 16111]","[1770, 1464, 3026, 0, 0, 0]","[17.636929763290645, 6.933018626309662, 4.750270469538222, 0.0, 0.0, 0.0]","[757.5061333333332, 1191.0926, 1632.1929333333333, 0, 0, 0]","[0.0552, 0.034133333333333335, 8.270133333333332, 0, 0, 0]","[0.0052, 0.01813333333333333, 8.3072, 0, 0, 0]","[3537.4938666666667, 15988.9074, 32727.807066666668, 4295, 17180, 34360]","[371.9448, 359.96586666666667, 368.2698666666667, 372.0, 360.0, 376.54]","[199.9948, 304.9818666666667, 258.4428, 200.0, 305.0, 266.75]","[(26, 0.030433333333333337, 0.04699444444444444), (11, 0.0, 0.003677777777777777), (11, 0.0, 0.00855), (0, 0, 0), (0, 0, 0), (0, 0, 0)]","[(4000, 67.06956666666666, 10.063005555555556), (16094, 51.900000000000006, 6.186322222222222), (32201, 58.2, 11.63145), (4026, 67.1, 10.11), (16105, 51.900000000000006, 6.1899999999999995), (32212, 58.2, 11.639999999999999)]","[2, 2, 4, 0, 0, 0]","[0, 2, 0, 0, 0, 0]"
840,"[35.716058575328866, 13.502838805233274, 14.896654459685928, 0.0, 0.0, 0.0]","[11, 5, 9, 0, 0, 0]","[723.205442670559, 579.4473465901233, 1550.016641171265, 0, 0, 0]","[3305.794557329441, 7522.552653409877, 14560.983358828735, 4029, 8102, 16111]","[4029, 8102, 16111, 4029, 8102, 16111]","[1439, 1094, 2400, 0, 0, 0]","[14.554651144741948, 6.583596429957314, 4.299123399301514, 0.0, 0.0, 0.0]","[625.1222666666666, 1131.0618666666667, 1477.1788000000001, 0, 0, 0]","[0.04546666666666667, 0.014266666666666667, 32.494800000000005, 0, 0, 0]","[0.0068000000000000005, 0.0052, 32.58666666666666, 0, 0, 0]","[3669.8777333333333, 16048.938133333333, 32882.8212, 4295, 17180, 34360]","[371.95453333333336, 359.9857333333333, 344.0452, 372.0, 360.0, 376.54]","[199.9932, 304.9948, 234.16333333333336, 200.0, 305.0, 266.75]","[(27, 0.04693333333333333, 0.03532222222222223), (12, 1.666666666666667e-05, 0.016083333333333335), (16, 0.0, 0.007122222222222222), (0, 0, 0), (0, 0, 0), (0, 0, 0)]","[(3999, 67.05306666666667, 10.074677777777778), (16093, 51.89998333333334, 6.173916666666666), (32196, 58.2, 11.632877777777777), (4026, 67.1, 10.11), (16105, 51.900000000000006, 6.1899999999999995), (32212, 58.2, 11.639999999999999)]","[0, 0, 0, 0, 0, 0]","[0, 0, 0, 0, 0, 0]"
841,"[29.486224869694716, 19.526042952357443, 14.958723853267951, 0.0, 0.0, 0.0]","[11, 8, 9, 0, 0, 0]","[709.7156127879009, 985.5045142549891, 1039.586999036803, 0, 0, 0]","[3319.2843872120993, 7116.495485745011, 15071.413000963197, 4029, 8102, 16111]","[4029, 8102, 16111, 4029, 8102, 16111]","[1188, 1582, 2410, 0, 0, 0]","[6.678115638339152, 7.898891346526968, 4.282846138921226, 0.0, 0.0, 0.0]","[286.8250666666666, 1357.0295333333331, 1471.5859333333333, 0, 0, 0]","[0.045733333333333334, 0.03306666666666667, 44.78093333333334, 0, 0, 0]","[0.016, 0.0061333333333333335, 44.90266666666666, 0, 0, 0]","[4008.1749333333332, 15822.970466666668, 32888.414066666664, 4295, 17180, 34360]","[371.9542666666667, 359.9669333333333, 331.7590666666667, 372.0, 360.0, 376.54]","[199.984, 304.9938666666667, 221.84733333333332, 200.0, 305.0, 266.75]","[(24, 0.0, 0.003777777777777778), (17, 0.04671666666666667, 0.008644444444444444), (17, 5e-05, 0.0034666666666666665), (0, 0, 0), (0, 0, 0), (0, 0, 0)]","[(4002, 67.1, 10.106222222222222), (16088, 51.85328333333334, 6.181355555555555), (32195, 58.19995, 11.636533333333333), (4026, 67.1, 10.11), (16105, 51.900000000000006, 6.1899999999999995), (32212, 58.2, 11.639999999999999)]","[0, 0, 0, 0, 0, 0]","[0, 0, 0, 0, 0, 0]"
842,"[30.67758749069248, 22.117995556652676, 9.055924523617405, 0.0, 0.0, 0.0]","[11, 9, 6, 0, 0, 0]","[775.6265632609291, 1061.4758352875974, 641.1964796058492, 0, 0, 0]","[3253.3734367390707, 7040.524164712402, 15469.80352039415, 4029, 8102, 16111]","[4029, 8102, 16111, 4029, 8102, 16111]","[1236, 1792, 1459, 0, 0, 0]","[4.613102056655025, 1.295953046177726, 1.701464299573147, 0.0, 0.0, 0.0]","[198.13273333333333, 222.64473333333333, 584.6231333333333, 0, 0, 0]","[0.09706666666666665, 0.040266666666666666, 42.474266666666665, 0, 0, 0]","[0.08306666666666664, 0.011999999999999999, 42.57533333333333, 0, 0, 0]","[4096.867266666667, 16957.355266666666, 33775.376866666666, 4295, 17180, 34360]","[371.90293333333335, 359.95973333333336, 334.06573333333336, 372.0, 360.0, 376.54]","[199.91693333333333, 304.988, 224.17466666666667, 200.0, 305.0, 266.75]","[(20, 0.0, 0.001288888888888889), (18, 0.00065, 0.004644444444444445), (13, 0.0, 0.002372222222222222), (0, 0, 0), (0, 0, 0), (0, 0, 0)]","[(4006, 67.1, 10.108711111111111), (16087, 51.899350000000005, 6.185355555555555), (32199, 58.2, 11.637627777777777), (4026, 67.1, 10.11), (16105, 51.900000000000006, 6.1899999999999995), (32212, 58.2, 11.639999999999999)]","[0, 0, 0, 0, 0, 0]","[0, 0, 0, 0, 0, 0]"
843,"[24.894514767932492, 21.439150826956308, 8.478679163304575, 0.0, 0.0, 0.0]","[10, 9, 5, 0, 0, 0]","[467.977324354952, 1123.0431064178542, 905.7578646249198, 0, 0, 0]","[3561.022675645048, 6978.956893582146, 15205.24213537508, 4029, 8102, 16111]","[4029, 8102, 16111, 4029, 8102, 16111]","[1003, 1737, 1366, 0, 0, 0]","[3.3496841288319756, 1.8607279782693054, 5.650152890958479, 0.0, 0.0, 0.0]","[143.86893333333336, 319.67306666666667, 1941.3925333333334, 0, 0, 0]","[0.07853333333333333, 0.5989333333333333, 22.144533333333335, 0, 0, 0]","[0.07279999999999999, 0.45306666666666656, 22.021600000000003, 0, 0, 0]","[4151.131066666667, 16860.326933333334, 32418.60746666667, 4295, 17180, 34360]","[371.9214666666667, 359.4010666666667, 354.39546666666666, 372.0, 360.0, 376.54]","[199.9272, 304.54693333333336, 244.7284, 200.0, 305.0, 266.75]","[(20, 0.0, 0.0015611111111111112), (16, 0.0031166666666666665, 0.06797777777777778), (12, 0.0, 0.0015000000000000002), (0, 0, 0), (0, 0, 0), (0, 0, 0)]","[(4006, 67.1, 10.10843888888889), (16089, 51.89688333333334, 6.122022222222221), (32200, 58.2, 11.638499999999999), (4026, 67.1, 10.11), (16105, 51.900000000000006, 6.1899999999999995), (32212, 58.2, 11.639999999999999)]","[0, 0, 0, 0, 0, 0]","[0, 0, 0, 0, 0, 0]"
844,"[18.91288160833954, 26.17872130338188, 10.868350816212526, 0.0, 0.0, 0.0]","[8, 11, 6, 0, 0, 0]","[299.7799123181737, 1126.58531936223, 1255.4872935687163, 0, 0, 0]","[3729.2200876818265, 6975.41468063777, 14855.512706431284, 4029, 8102, 16111]","[4029, 8102, 16111, 4029, 8102, 16111]","[762, 2121, 1751, 0, 0, 0]","[5.45337989910749, 2.9891660845944896, 6.616152114862242, 0.0, 0.0, 0.0]","[234.22266666666667, 513.5387333333333, 2273.3098666666665, 0, 0, 0]","[0.08599999999999998, 0.48613333333333336, 31.648000000000007, 0, 0, 0]","[0.06786666666666666, 0.4329333333333332, 22.128000000000004, 0, 0, 0]","[4060.7773333333334, 16666.461266666665, 32086.690133333334, 4295, 17180, 34360]","[371.914, 359.5138666666667, 344.892, 372.0, 360.0, 376.54]","[199.93213333333333, 304.5670666666667, 244.62199999999999, 200.0, 305.0, 266.75]","[(12, 3.3333333333333335e-05, 0.0022777777777777774), (19, 0.0033666666666666662, 0.11603333333333335), (12, 0.0, 0.007427777777777777), (0, 0, 0), (0, 0, 0), (0, 0, 0)]","[(4014, 67.09996666666666, 10.107722222222222), (16086, 51.89663333333334, 6.073966666666666), (32200, 58.2, 11.63257222222222), (4026, 67.1, 10.11), (16105, 51.900000000000006, 6.1899999999999995), (32212, 58.2, 11.639999999999999)]","[0, 0, 0, 0, 0, 0]","[0, 0, 0, 0, 0, 0]"
845,"[23.653512037726482, 24.352011848926193, 15.666314940103035, 0.0, 0.0, 0.0]","[9, 10, 9, 0, 0, 0]","[297.4097782959619, 1138.4129676054815, 1804.0154339633782, 0, 0, 0]","[3731.590221704038, 6963.587032394518, 14306.984566036623, 4029, 8102, 16111]","[4029, 8102, 16111, 4029, 8102, 16111]","[953, 1973, 2524, 0, 0, 0]","[12.338117190531623, 2.908599146294141, 6.69040900271634, 0.0, 0.0, 0.0]","[529.9221333333332, 499.6973333333334, 2298.8245333333343, 0, 0, 0]","[0.03733333333333333, 0.4717333333333333, 3.8766666666666665, 0, 0, 0]","[0.015733333333333335, 0.38973333333333327, 0.07906666666666667, 0, 0, 0]","[3765.0778666666665, 16680.302666666666, 32061.175466666667, 4295, 17180, 34360]","[371.9626666666667, 359.52826666666664, 372.66333333333336, 372.0, 360.0, 376.54]","[199.98426666666666, 304.6102666666667, 266.6709333333333, 200.0, 305.0, 266.75]","[(16, 0.0, 0.003461111111111111), (17, 0.00011666666666666667, 0.1155), (13, 0.0, 0.01651111111111111), (0, 0, 0), (0, 0, 0), (0, 0, 0)]","[(4010, 67.1, 10.106538888888888), (16088, 51.89988333333334, 6.0745), (32199, 58.2, 11.623488888888888), (4026, 67.1, 10.11), (16105, 51.900000000000006, 6.1899999999999995), (32212, 58.2, 11.639999999999999)]","[0, 0, 0, 0, 0, 0]","[0, 0, 0, 0, 0, 0]"
846,"[21.17150657731447, 25.47519131078746, 18.14288374402582, 0.0, 0.0, 0.0]","[7, 12, 10, 0, 0, 0]","[460.49146644357774, 1095.3383204581996, 1556.7438405672985, 0, 0, 0]","[3568.508533556422, 7006.6616795418, 14554.256159432702, 4029, 8102, 16111]","[4029, 8102, 16111, 4029, 8102, 16111]","[853, 2064, 2923, 0, 0, 0]","[11.519228560341482, 3.0609429569266595, 8.102342646488164, 0.0, 0.0, 0.0]","[494.7508666666667, 525.8700000000001, 2783.964933333333, 0, 0, 0]","[0.028399999999999998, 0.488, 7.679866666666666, 0, 0, 0]","[0.0152, 0.4371999999999999, 0.09493333333333333, 0, 0, 0]","[3800.2491333333332, 16654.13, 31576.035066666667, 4295, 17180, 34360]","[371.9716, 359.512, 368.86013333333335, 372.0, 360.0, 376.54]","[199.9848, 304.5628, 266.65506666666664, 200.0, 305.0, 266.75]","[(14, 0.05076666666666667, 0.03744444444444445), (22, 8.333333333333334e-05, 0.11272222222222222), (16, 0.00031666666666666665, 0.05498333333333333), (0, 0, 0), (0, 0, 0), (0, 0, 0)]","[(4012, 67.04923333333333, 10.072555555555555), (16083, 51.89991666666667, 6.077277777777777), (32196, 58.19968333333333, 11.585016666666666), (4026, 67.1, 10.11), (16105, 51.900000000000006, 6.1899999999999995), (32212, 58.2, 11.639999999999999)]","[0, 0, 0, 0, 0, 0]","[0, 0, 0, 0, 0, 0]"
847,"[17.27475800446761, 21.09355714638361, 18.769784619204273, 0.0, 0.0, 0.0]","[7, 10, 11, 0, 0, 0]","[309.5339169708101, 1379.8759932693788, 1542.835685173333, 0, 0, 0]","[3719.46608302919, 6722.124006730621, 14568.164314826667, 4029, 8102, 16111]","[4029, 8102, 16111, 4029, 8102, 16111]","[696, 1709, 3024, 0, 0, 0]","[8.02701901435778, 1.6817372914241366, 4.890392122623205, 0.0, 0.0, 0.0]","[344.7604666666666, 288.9224666666667, 1680.3387333333333, 0, 0, 0]","[0.009466666666666667, 0.06813333333333334, 18.22506666666667, 0, 0, 0]","[0.0021333333333333334, 0.040933333333333335, 12.170400000000004, 0, 0, 0]","[3950.2395333333334, 16891.077533333333, 32679.661266666666, 4295, 17180, 34360]","[371.99053333333336, 359.9318666666667, 358.31493333333333, 372.0, 360.0, 376.54]","[199.99786666666665, 304.9590666666667, 254.5796, 200.0, 305.0, 266.75]","[(14, 1.666666666666667e-05, 0.08194444444444444), (19, 0.026199999999999998, 0.014849999999999999), (20, 0.0, 0.009722222222222222), (0, 0, 0), (0, 0, 0), (0, 0, 0)]","[(4012, 67.09998333333333, 10.028055555555556), (16086, 51.8738, 6.1751499999999995), (32192, 58.2, 11.630277777777776), (4026, 67.1, 10.11), (16105, 51.900000000000006, 6.1899999999999995), (32212, 58.2, 11.639999999999999)]","[0, 0, 0, 0, 0, 0]","[0, 0, 0, 0, 0, 0]"
848,"[14.743112434847358, 26.49962972105653, 11.240767177704674, 0.0, 0.0, 0.0]","[5, 12, 7, 0, 0, 0]","[195.2969517492627, 974.3077828081404, 1223.5367561044009, 0, 0, 0]","[3833.703048250737, 7127.6922171918595, 14887.4632438956, 4029, 8102, 16111]","[4029, 8102, 16111, 4029, 8102, 16111]","[594, 2147, 1811, 0, 0, 0]","[12.849792782305002, 6.273571982925883, 1.496104384943733, 0.0, 0.0, 0.0]","[551.8985999999999, 1077.7996666666668, 514.0614666666667, 0, 0, 0]","[0.011999999999999999, 1.2544, 6.4308000000000005, 0, 0, 0]","[0.0037333333333333337, 0.4539999999999999, 0.3803999999999999, 0, 0, 0]","[3743.1014, 16102.200333333334, 33845.938533333334, 4295, 17180, 34360]","[371.988, 358.7456, 370.10920000000004, 372.0, 360.0, 376.54]","[199.99626666666666, 304.546, 266.3696, 200.0, 305.0, 266.75]","[(11, 0.0037333333333333333, 0.020483333333333333), (23, 0.011833333333333335, 0.46975), (13, 1.666666666666667e-05, 0.009599999999999997), (0, 0, 0), (0, 0, 0), (0, 0, 0)]","[(4015, 67.09626666666666, 10.089516666666666), (16082, 51.88816666666667, 5.720249999999999), (32199, 58.199983333333336, 11.630399999999998), (4026, 67.1, 10.11), (16105, 51.900000000000006, 6.1899999999999995), (32212, 58.2, 11.639999999999999)]","[0, 0, 0, 0, 0, 0]","[0, 0, 0, 0, 0, 0]"
849,"[10.697443534375775, 20.94544556899531, 15.157345912730433, 0.0, 0.0, 0.0]","[4, 10, 9, 0, 0, 0]","[274.96797505561256, 1092.6684076924707, 1719.054157394798, 0, 0, 0]","[3754.0320249443876, 7009.33159230753, 14391.945842605202, 4029, 8102, 16111]","[4029, 8102, 16111, 4029, 8102, 16111]","[431, 1697, 2442, 0, 0, 0]","[11.131669383003489, 4.479923942568878, 1.759059953434226, 0.0, 0.0, 0.0]","[478.10519999999985, 769.6509333333332, 604.413, 0, 0, 0]","[0.007733333333333333, 1.1341333333333332, 4.670399999999999, 0, 0, 0]","[0.029333333333333333, 0.5285333333333334, 1.6216, 0, 0, 0]","[3816.8948, 16410.349066666666, 33755.587, 4295, 17180, 34360]","[371.9922666666667, 358.86586666666665, 371.86960000000005, 372.0, 360.0, 376.54]","[199.97066666666666, 304.4714666666667, 265.1284, 200.0, 305.0, 266.75]","[(8, 0.0005333333333333334, 0.0037222222222222223), (20, 1.666666666666667e-05, 0.2360888888888889), (18, 5e-05, 0.006427777777777778), (0, 0, 0), (0, 0, 0), (0, 0, 0)]","[(4018, 67.09946666666666, 10.106277777777777), (16085, 51.89998333333334, 5.95391111111111), (32194, 58.19995, 11.63357222222222), (4026, 67.1, 10.11), (16105, 51.900000000000006, 6.1899999999999995), (32212, 58.2, 11.639999999999999)]","[0, 0, 0, 0, 0, 0]","[0, 0, 0, 0, 0, 0]"
850,"[12.012906428394142, 18.859540854110097, 18.26702253118987, 0.0, 0.0, 0.0]","[4, 8, 11, 0, 0, 0]","[257.59134899561076, 425.1651382451215, 1397.706583859038, 0, 0, 0]","[3771.4086510043894, 7676.834861754878, 14713.293416140961, 4029, 8102, 16111]","[4029, 8102, 16111, 4029, 8102, 16111]","[484, 1528, 2943, 0, 0, 0]","[11.877310050446255, 4.222057819169576, 1.6797110981761736, 0.0, 0.0, 0.0]","[510.1304666666666, 725.3495333333333, 577.1487333333332, 0, 0, 0]","[0.009333333333333334, 2.2514666666666665, 9.621733333333333, 0, 0, 0]","[0.013733333333333334, 0.8377333333333334, 0.04880000000000001, 0, 0, 0]","[3784.8695333333335, 16454.650466666666, 33782.851266666665, 4295, 17180, 34360]","[371.99066666666664, 357.74853333333334, 366.9182666666667, 372.0, 360.0, 376.54]","[199.98626666666667, 304.16226666666665, 266.7012, 200.0, 305.0, 266.75]","[(9, 0.0002833333333333334, 0.004488888888888889), (16, 8.333333333333333e-05, 0.29368888888888883), (20, 0.0, 0.007166666666666666), (0, 0, 0), (0, 0, 0), (0, 0, 0)]","[(4017, 67.09971666666667, 10.105511111111111), (16089, 51.89991666666667, 5.89631111111111), (32192, 58.2, 11.632833333333332), (4026, 67.1, 10.11), (16105, 51.900000000000006, 6.1899999999999995), (32212, 58.2, 11.639999999999999)]","[0, 0, 0, 0, 0, 0]","[0, 0, 0, 0, 0, 0]"
851,"[17.820799205758252, 8.195507282152555, 20.563590093724784, 0.0, 0.0, 0.0]","[5, 4, 12, 0, 0, 0]","[293.869357680035, 495.9534891392899, 1541.876998252459, 0, 0, 0]","[3735.130642319965, 7606.04651086071, 14569.123001747541, 4029, 8102, 16111]","[4029, 8102, 16111, 4029, 8102, 16111]","[718, 664, 3313, 0, 0, 0]","[14.599442762902598, 2.1804509119130775, 1.9858983313930922, 0.0, 0.0, 0.0]","[627.0460666666665, 374.6014666666667, 682.3546666666665, 0, 0, 0]","[0.008933333333333333, 0.20546666666666663, 3.8941333333333334, 0, 0, 0]","[0.014933333333333335, 0.24653333333333335, 0.10373333333333333, 0, 0, 0]","[3667.953933333333, 16805.398533333333, 33677.645333333334, 4295, 17180, 34360]","[371.99106666666665, 359.79453333333333, 372.6458666666667, 372.0, 360.0, 376.54]","[199.98506666666665, 304.75346666666667, 266.6462666666667, 200.0, 305.0, 266.75]","[(12, 0.00016666666666666666, 0.004577777777777779), (9, 0.0, 0.0039944444444444446), (23, 0.003533333333333333, 0.007450000000000002), (0, 0, 0), (0, 0, 0), (0, 0, 0)]","[(4014, 67.09983333333332, 10.105422222222222), (16096, 51.900000000000006, 6.186005555555555), (32189, 58.19646666666667, 11.632549999999998), (4026, 67.1, 10.11), (16105, 51.900000000000006, 6.1899999999999995), (32212, 58.2, 11.639999999999999)]","[0, 0, 0, 0, 0, 0]","[0, 0, 0, 0, 0, 0]"
852,"[18.590220898485978, 14.983954579116268, 14.67320464279064, 0.0, 0.0, 0.0]","[6, 6, 8, 0, 0, 0]","[540.8476306475409, 649.3926954874248, 784.5667365695828, 0, 0, 0]","[3488.152369352459, 7452.607304512575, 15326.433263430417, 4029, 8102, 16111]","[4029, 8102, 16111, 4029, 8102, 16111]","[749, 1214, 2364, 0, 0, 0]","[11.88136437718277, 2.1400162980209547, 1.9045263872720215, 0.0, 0.0, 0.0]","[510.30459999999994, 367.6548, 654.3952666666665, 0, 0, 0]","[0.003333333333333333, 0.21173333333333333, 7.6768, 0, 0, 0]","[0.009466666666666667, 0.23333333333333334, 0.10506666666666666, 0, 0, 0]","[3784.6954, 16812.3452, 33705.60473333333, 4295, 17180, 34360]","[371.99666666666667, 359.7882666666667, 368.8632, 372.0, 360.0, 376.54]","[199.99053333333333, 304.76666666666665, 266.6449333333333, 200.0, 305.0, 266.75]","[(13, 0.5085333333333334, 0.03223333333333333), (14, 5e-05, 0.004905555555555555), (14, 0.00031666666666666665, 0.0058222222222222226), (0, 0, 0), (0, 0, 0), (0, 0, 0)]","[(4013, 66.59146666666666, 10.077766666666665), (16091, 51.899950000000004, 6.185094444444444), (32198, 58.19968333333333, 11.634177777777776), (4026, 67.1, 10.11), (16105, 51.900000000000006, 6.1899999999999995), (32212, 58.2, 11.639999999999999)]","[0, 0, 0, 0, 0, 0]","[0, 0, 0, 0, 0, 0]"
853,"[25.14271531397369, 10.071587262404345, 11.600769660480417, 0.0, 0.0, 0.0]","[8, 4, 6, 0, 0, 0]","[399.4702456310274, 226.79145342356358, 1151.9868222474952, 0, 0, 0]","[3629.5297543689726, 7875.208546576437, 14959.013177752506, 4029, 8102, 16111]","[4029, 8102, 16111, 4029, 8102, 16111]","[1013, 816, 1869, 0, 0, 0]","[13.01455335661622, 0.4941191307722158, 0.6908284827318588, 0.0, 0.0, 0.0]","[558.9750666666666, 84.88966666666667, 237.36866666666668, 0, 0, 0]","[0.0030666666666666663, 0.1908, 12.1164, 0, 0, 0]","[0.015066666666666666, 0.1821333333333333, 12.070533333333335, 0, 0, 0]","[3736.024933333333, 17095.110333333334, 34122.63133333333, 4295, 17180, 34360]","[371.99693333333335, 359.8092, 364.4236, 372.0, 360.0, 376.54]","[199.98493333333334, 304.81786666666665, 254.67946666666666, 200.0, 305.0, 266.75]","[(16, 5e-05, 0.008383333333333333), (10, 0.0, 0.0012111111111111112), (8, 1.666666666666667e-05, 0.0017055555555555559), (0, 0, 0), (0, 0, 0), (0, 0, 0)]","[(4010, 67.09994999999999, 10.101616666666667), (16095, 51.900000000000006, 6.1887888888888885), (32204, 58.199983333333336, 11.638294444444444), (4026, 67.1, 10.11), (16105, 51.900000000000006, 6.1899999999999995), (32212, 58.2, 11.639999999999999)]","[0, 0, 0, 0, 0, 0]","[0, 0, 0, 0, 0, 0]"
854,"[15.56217423678332, 11.651444087879534, 12.339395444106511, 0.0, 0.0, 0.0]","[5, 5, 7, 0, 0, 0]","[243.26701563907488, 834.8223710238552, 1219.226608316173, 0, 0, 0]","[3785.732984360925, 7267.177628976145, 14891.773391683826, 4029, 8102, 16111]","[4029, 8102, 16111, 4029, 8102, 16111]","[627, 944, 1988, 0, 0, 0]","[7.168467209934032, 7.361025611175787, 2.1496812184710903, 0.0, 0.0, 0.0]","[307.8856666666667, 1264.6242000000002, 738.6304666666666, 0, 0, 0]","[0.0002666666666666667, 0.05039999999999999, 9.619733333333334, 0, 0, 0]","[0.0017333333333333333, 0.04386666666666667, 0.06706666666666668, 0, 0, 0]","[3987.1143333333334, 15915.3758, 33621.36953333333, 4295, 17180, 34360]","[371.9997333333333, 359.9496, 366.9202666666667, 372.0, 360.0, 376.54]","[199.99826666666667, 304.95613333333336, 266.6829333333333, 200.0, 305.0, 266.75]","[(10, 0.06446666666666667, 0.025333333333333336), (11, 5e-05, 0.005433333333333334), (9, 0.003533333333333333, 0.009644444444444443), (0, 0, 0), (0, 0, 0), (0, 0, 0)]","[(4016, 67.03553333333333, 10.084666666666665), (16094, 51.899950000000004, 6.184566666666666), (32203, 58.19646666666667, 11.630355555555555), (4026, 67.1, 10.11), (16105, 51.900000000000006, 6.1899999999999995), (32212, 58.2, 11.639999999999999)]","[0, 0, 0, 0, 0, 0]","[0, 0, 0, 0, 0, 0]"
855,"[16.257135765698685, 16.020735620834362, 8.708335919558067, 0.0, 0.0, 0.0]","[5, 7, 5, 0, 0, 0]","[400.65157906781405, 938.5110275456043, 786.1845211085821, 0, 0, 0]","[3628.348420932186, 7163.4889724543955, 15324.815478891418, 4029, 8102, 16111]","[4029, 8102, 16111, 4029, 8102, 16111]","[655, 1298, 1403, 0, 0, 0]","[5.027158711680246, 13.58147613504074, 1.213058013193636, 0.0, 0.0, 0.0]","[215.9164666666666, 2333.2975999999994, 416.80673333333334, 0, 0, 0]","[0.00026666666666666673, 0.017333333333333333, 3.8470666666666666, 0, 0, 0]","[0.0017333333333333333, 0.03266666666666666, 0.05093333333333333, 0, 0, 0]","[4079.0835333333334, 14846.7024, 33943.19326666667, 4295, 17180, 34360]","[371.9997333333333, 359.98266666666666, 372.6929333333334, 372.0, 360.0, 376.54]","[199.99826666666667, 304.96733333333333, 266.6990666666667, 200.0, 305.0, 266.75]","[(8, 0.0, 0.0036166666666666665), (16, 0.00015000000000000001, 0.020816666666666667), (7, 0.0, 0.006555555555555556), (0, 0, 0), (0, 0, 0), (0, 0, 0)]","[(4018, 67.1, 10.106383333333333), (16089, 51.89985000000001, 6.169183333333333), (32205, 58.2, 11.633444444444443), (4026, 67.1, 10.11), (16105, 51.900000000000006, 6.1899999999999995), (32212, 58.2, 11.639999999999999)]","[0, 0, 0, 0, 0, 0]","[0, 0, 0, 0, 0, 0]"
856,"[17.22511789525937, 16.107134040977535, 7.181428837440258, 0.0, 0.0, 0.0]","[6, 7, 4, 0, 0, 0]","[146.4356608433394, 1064.4723921136508, 697.8454995475294, 0, 0, 0]","[3882.5643391566605, 7037.527607886349, 15413.15450045247, 4029, 8102, 16111]","[4029, 8102, 16111, 4029, 8102, 16111]","[694, 1305, 1157, 0, 0, 0]","[6.277348855258051, 14.514034148234382, 1.521793170353124, 0.0, 0.0, 0.0]","[269.6121333333333, 2493.5110666666665, 522.8881333333334, 0, 0, 0]","[0.037066666666666664, 0.014666666666666668, 7.838666666666667, 0, 0, 0]","[0.0304, 0.016666666666666666, 0.10293333333333332, 0, 0, 0]","[4025.387866666667, 14686.488933333334, 33837.111866666666, 4295, 17180, 34360]","[371.96293333333335, 359.98533333333336, 368.70133333333337, 372.0, 360.0, 376.54]","[199.9696, 304.98333333333335, 266.64706666666666, 200.0, 305.0, 266.75]","[(11, 0.0, 0.009216666666666666), (15, 0.04716666666666667, 0.021133333333333334), (5, 0.00031666666666666665, 0.08736666666666666), (0, 0, 0), (0, 0, 0), (0, 0, 0)]","[(4015, 67.1, 10.100783333333332), (16090, 51.852833333333336, 6.168866666666666), (32207, 58.19968333333333, 11.552633333333333), (4026, 67.1, 10.11), (16105, 51.900000000000006, 6.1899999999999995), (32212, 58.2, 11.639999999999999)]","[0, 0, 0, 0, 0, 0]","[0, 0, 0, 0, 0, 0]"
857,"[5.237031521469347, 22.5253023944705, 6.964185959903172, 0.0, 0.0, 0.0]","[3, 10, 4, 0, 0, 0]","[162.66339809955076, 1114.8252900858763, 452.9166000293878, 0, 0, 0]","[3866.3366019004493, 6987.174709914124, 15658.083399970612, 4029, 8102, 16111]","[4029, 8102, 16111, 4029, 8102, 16111]","[211, 1825, 1122, 0, 0, 0]","[2.9703282887077997, 16.199848661233997, 1.5360353123787351, 0.0, 0.0, 0.0]","[127.5756, 2783.1340000000005, 527.7817333333334, 0, 0, 0]","[0.05333333333333333, 0.014799999999999999, 6.2572, 0, 0, 0]","[0.05879999999999999, 0.014666666666666666, 0.11933333333333336, 0, 0, 0]","[4167.4244, 14396.866, 33832.21826666666, 4295, 17180, 34360]","[371.94666666666666, 359.9852, 370.2828, 372.0, 360.0, 376.54]","[199.9412, 304.98533333333336, 266.6306666666667, 200.0, 305.0, 266.75]","[(6, 0.003116666666666667, 0.014288888888888891), (21, 0.04676666666666667, 0.01286111111111111), (6, 0.0, 0.08107222222222223), (0, 0, 0), (0, 0, 0), (0, 0, 0)]","[(4020, 67.09688333333332, 10.095711111111111), (16084, 51.853233333333336, 6.177138888888888), (32206, 58.2, 11.558927777777777), (4026, 67.1, 10.11), (16105, 51.900000000000006, 6.1899999999999995), (32212, 58.2, 11.639999999999999)]","[0, 0, 0, 0, 0, 0]","[0, 0, 0, 0, 0, 0]"
858,"[20.625465376023826, 19.612441372500616, 8.64005958661784, 0.0, 0.0, 0.0]","[6, 7, 5, 0, 0, 0]","[390.2741858818036, 634.6300064843148, 936.1768022150552, 0, 0, 0]","[3638.7258141181965, 7467.369993515686, 15174.823197784945, 4029, 8102, 16111]","[4029, 8102, 16111, 4029, 8102, 16111]","[831, 1589, 1392, 0, 0, 0]","[5.191956538610787, 8.859422196352346, 5.3181509507178895, 0.0, 0.0, 0.0]","[222.99453333333332, 1522.0487333333333, 1827.3166666666666, 0, 0, 0]","[0.056666666666666664, 0.0068, 9.963999999999999, 0, 0, 0]","[0.045733333333333334, 0.0184, 0.05973333333333334, 0, 0, 0]","[4072.0054666666665, 15657.951266666667, 32532.683333333334, 4295, 17180, 34360]","[371.9433333333333, 359.9932, 366.576, 372.0, 360.0, 376.54]","[199.95426666666665, 304.9816, 266.6902666666667, 200.0, 305.0, 266.75]","[(10, 0.0017166666666666663, 0.007944444444444445), (13, 0.00045000000000000004, 0.009694444444444443), (8, 0.0, 0.07591111111111112), (0, 0, 0), (0, 0, 0), (0, 0, 0)]","[(4016, 67.09828333333333, 10.102055555555555), (16092, 51.899550000000005, 6.180305555555555), (32204, 58.2, 11.564088888888888), (4026, 67.1, 10.11), (16105, 51.900000000000006, 6.1899999999999995), (32212, 58.2, 11.639999999999999)]","[2, 2, 0, 0, 0, 0]","[2, 0, 0, 0, 0, 0]"
859,"[20.153884338545545, 15.527030362873365, 9.87524051890013, 0.0, 0.0, 0.0]","[6, 6, 6, 0, 0, 0]","[269.4528954693211, 197.81670997515374, 930.2745614399087, 0, 0, 0]","[3759.547104530679, 7904.183290024846, 15180.725438560092, 4029, 8102, 16111]","[4029, 8102, 16111, 4029, 8102, 16111]","[812, 1258, 1591, 0, 0, 0]","[4.85830345362825, 2.190873496313543, 4.850219441210711, 0.0, 0.0, 0.0]","[208.66413333333333, 376.3920666666667, 1666.5354, 0, 0, 0]","[0.05946666666666667, 0.004933333333333333, 3.856533333333333, 0, 0, 0]","[0.0528, 0.011866666666666668, 0.052, 0, 0, 0]","[4086.335866666667, 16803.607933333333, 32693.4646, 4295, 17180, 34360]","[371.94053333333335, 359.9950666666667, 372.6834666666667, 372.0, 360.0, 376.54]","[199.9472, 304.98813333333334, 266.698, 200.0, 305.0, 266.75]","[(11, 0.002516666666666667, 0.015016666666666666), (11, 5e-05, 0.004711111111111111), (12, 0.0, 0.006194444444444443), (0, 0, 0), (0, 0, 0), (0, 0, 0)]","[(4015, 67.09748333333333, 10.094983333333333), (16094, 51.899950000000004, 6.185288888888889), (32200, 58.2, 11.633805555555554), (4026, 67.1, 10.11), (16105, 51.900000000000006, 6.1899999999999995), (32212, 58.2, 11.639999999999999)]","[2, 2, 0, 0, 0, 0]","[2, 0, 0, 0, 0, 0]"
860,"[31.0747083643584, 10.614663046161441, 14.077338464403203, 0.0, 0.0, 0.0]","[7, 4, 8, 0, 0, 0]","[283.7615750536386, 214.59682949165745, 1599.525864262907, 0, 0, 0]","[3745.238424946361, 7887.403170508343, 14511.474135737093, 4029, 8102, 16111]","[4029, 8102, 16111, 4029, 8102, 16111]","[1252, 860, 2268, 0, 0, 0]","[3.729150174621653, 0.4282460225067908, 4.782185487000389, 0.0, 0.0, 0.0]","[160.167, 73.57266666666666, 1643.1589333333336, 0, 0, 0]","[0.016933333333333335, 0.0112, 7.671733333333333, 0, 0, 0]","[0.008933333333333333, 0.0022666666666666673, 0.09626666666666667, 0, 0, 0]","[4134.833, 17106.427333333333, 32716.841066666668, 4295, 17180, 34360]","[371.9830666666667, 359.9888, 368.86826666666667, 372.0, 360.0, 376.54]","[199.99106666666665, 304.9977333333333, 266.6537333333333, 200.0, 305.0, 266.75]","[(11, 3.3333333333333335e-05, 0.0014055555555555557), (8, 8.333333333333333e-05, 0.0011555555555555555), (19, 0.00031666666666666665, 0.005322222222222223), (0, 0, 0), (0, 0, 0), (0, 0, 0)]","[(4015, 67.09996666666666, 10.108594444444444), (16097, 51.89991666666667, 6.188844444444444), (32193, 58.19968333333333, 11.634677777777776), (4026, 67.1, 10.11), (16105, 51.900000000000006, 6.1899999999999995), (32212, 58.2, 11.639999999999999)]","[4, 2, 0, 0, 0, 0]","[2, 0, 2, 0, 0, 0]"
861,"[27.599900719781584, 13.910145643051097, 15.989075786729565, 0.0, 0.0, 0.0]","[6, 5, 9, 0, 0, 0]","[424.68620977639495, 450.23221613218095, 1661.2374192965017, 0, 0, 0]","[3604.313790223605, 7651.767783867819, 14449.762580703498, 4029, 8102, 16111]","[4029, 8102, 16111, 4029, 8102, 16111]","[1112, 1127, 2576, 0, 0, 0]","[3.2856437718277065, 1.1108214978657354, 4.376937524253008, 0.0, 0.0, 0.0]","[141.1184, 190.83913333333334, 1503.9157333333335, 0, 0, 0]","[0.0124, 0.018266666666666667, 6.0932, 0, 0, 0]","[0.0036000000000000003, 0.0005333333333333335, 0.11746666666666669, 0, 0, 0]","[4153.8816, 16989.160866666665, 32856.084266666665, 4295, 17180, 34360]","[371.9876, 359.98173333333335, 370.4468, 372.0, 360.0, 376.54]","[199.9964, 304.99946666666665, 266.63253333333336, 200.0, 305.0, 266.75]","[(10, 0.0, 0.002655555555555556), (11, 5e-05, 0.00325), (21, 0.0, 0.005249999999999999), (0, 0, 0), (0, 0, 0), (0, 0, 0)]","[(4016, 67.1, 10.107344444444443), (16094, 51.899950000000004, 6.186749999999999), (32191, 58.2, 11.634749999999999), (4026, 67.1, 10.11), (16105, 51.900000000000006, 6.1899999999999995), (32212, 58.2, 11.639999999999999)]","[4, 2, 0, 0, 0, 0]","[2, 0, 2, 0, 0, 0]"
862,"[36.75850086870191, 18.279437176005924, 14.716653218298056, 0.0, 0.0, 0.0]","[8, 5, 8, 0, 0, 0]","[447.25121191270176, 129.37865477978391, 982.9439474258613, 0, 0, 0]","[3581.748788087298, 7972.621345220216, 15128.056052574138, 4029, 8102, 16111]","[4029, 8102, 16111, 4029, 8102, 16111]","[1481, 1481, 2371, 0, 0, 0]","[6.097268141249514, 0.8361653084982539, 4.525203725261933, 0.0, 0.0, 0.0]","[261.87766666666664, 143.6532, 1554.8600000000001, 0, 0, 0]","[0.04066666666666667, 0.018000000000000002, 6.419200000000001, 0, 0, 0]","[0.0504, 0.0006666666666666666, 0.38106666666666655, 0, 0, 0]","[4033.1223333333332, 17036.3468, 32805.14, 4295, 17180, 34360]","[371.95933333333335, 359.982, 370.12080000000003, 372.0, 360.0, 376.54]","[199.9496, 304.9993333333333, 266.36893333333336, 200.0, 305.0, 266.75]","[(14, 0.0012833333333333332, 0.009805555555555555), (11, 3.3333333333333335e-05, 0.0025944444444444444), (18, 1.666666666666667e-05, 0.005488888888888888), (0, 0, 0), (0, 0, 0), (0, 0, 0)]","[(4012, 67.09871666666666, 10.100194444444444), (16094, 51.89996666666667, 6.187405555555555), (32194, 58.199983333333336, 11.63451111111111), (4026, 67.1, 10.11), (16105, 51.900000000000006, 6.1899999999999995), (32212, 58.2, 11.639999999999999)]","[4, 4, 0, 0, 0, 0]","[2, 0, 2, 0, 0, 0]"
863,"[40.80416976917349, 16.255245618365834, 14.29458134194029, 0.0, 0.0, 0.0]","[8, 4, 8, 0, 0, 0]","[884.3609224150653, 369.9450433760963, 905.9534529596098, 0, 0, 0]","[3144.639077584935, 7732.054956623903, 15205.04654704039, 4029, 8102, 16111]","[4029, 8102, 16111, 4029, 8102, 16111]","[1644, 1317, 2303, 0, 0, 0]","[5.8175227008149015, 0.3862871556072954, 4.841440240589833, 0.0, 0.0, 0.0]","[249.86260000000001, 66.36413333333334, 1663.5188666666666, 0, 0, 0]","[1.1590666666666665, 0.0, 4.673733333333333, 0, 0, 0]","[1.1506666666666667, 0.00013333333333333337, 1.6244, 0, 0, 0]","[4045.1374, 17113.635866666667, 32696.481133333335, 4295, 17180, 34360]","[370.84093333333334, 360.0, 371.86626666666666, 372.0, 360.0, 376.54]","[198.84933333333333, 304.99986666666666, 265.1256, 200.0, 305.0, 266.75]","[(14, 0.0, 0.01055), (9, 0.0, 0.0007611111111111111), (14, 0.0, 0.005911111111111111), (0, 0, 0), (0, 0, 0), (0, 0, 0)]","[(4012, 67.1, 10.09945), (16096, 51.900000000000006, 6.189238888888888), (32198, 58.2, 11.634088888888888), (4026, 67.1, 10.11), (16105, 51.900000000000006, 6.1899999999999995), (32212, 58.2, 11.639999999999999)]","[4, 4, 0, 0, 0, 0]","[2, 0, 2, 0, 0, 0]"
864,"[40.431868950111685, 9.429770427055049, 8.950406554527962, 0.0, 0.0, 0.0]","[12, 5, 5, 0, 0, 0]","[658.1959870970217, 245.4376009341066, 504.086641496193, 0, 0, 0]","[3370.8040129029782, 7856.562399065893, 15606.913358503807, 4029, 8102, 16111]","[4029, 8102, 16111, 4029, 8102, 16111]","[1629, 764, 1442, 0, 0, 0]","[6.756040689616941, 0.4765688785409391, 3.356520760574311, 0.0, 0.0, 0.0]","[290.1719476190476, 81.87453333333333, 1153.3005333333333, 0, 0, 0]","[0.049333333333333326, 0.00013333333333333337, 0.014266666666666667, 0, 0, 0]","[0.05946666666666667, 0.0006666666666666668, 0.0048, 0, 0, 0]","[4004.8280523809526, 17098.12546666667, 33206.699466666665, 4295, 17180, 34360]","[371.9506666666667, 359.99986666666666, 376.52573333333333, 372.0, 360.0, 376.54]","[199.94053333333332, 304.9993333333333, 266.7452, 200.0, 305.0, 266.75]","[(23, 0.0, 0.009389682539682538), (12, 0.0, 0.0010388888888888889), (8, 0.0, 0.0013055555555555557), (0, 0, 0), (0, 0, 0), (0, 0, 0)]","[(4003, 67.1, 10.100610317460317), (16093, 51.900000000000006, 6.1889611111111105), (32204, 58.2, 11.638694444444443), (4026, 67.1, 10.11), (16105, 51.900000000000006, 6.1899999999999995), (32212, 58.2, 11.639999999999999)]","[0, 0, 0, 0, 0, 0]","[0, 0, 0, 0, 0, 0]"
865,"[29.908165797964752, 14.502591952604297, 8.224194649618273, 0.0, 0.0, 0.0]","[10, 7, 5, 0, 0, 0]","[781.8533195419017, 842.0076406143718, 873.6670112278789, 0, 0, 0]","[3247.146680458098, 7259.992359385628, 15237.332988772121, 4029, 8102, 16111]","[4029, 8102, 16111, 4029, 8102, 16111]","[1205, 1175, 1325, 0, 0, 0]","[4.1327338544265215, 4.355313154831199, 4.630620682964688, 0.0, 0.0, 0.0]","[177.5009190476191, 748.2428, 1591.0812666666666, 0, 0, 0]","[0.010933333333333331, 8.262266666666667, 0.7614666666666667, 0, 0, 0]","[0.0104, 8.290533333333336, 0.10773333333333333, 0, 0, 0]","[4117.499080952381, 16431.7572, 32768.91873333333, 4295, 17180, 34360]","[371.98906666666664, 351.7377333333333, 375.77853333333337, 372.0, 360.0, 376.54]","[199.9896, 296.7094666666667, 266.64226666666667, 200.0, 305.0, 266.75]","[(20, 0.0, 0.0007511904761904764), (17, 5e-05, 0.0034777777777777776), (7, 0.0, 0.0013555555555555556), (0, 0, 0), (0, 0, 0), (0, 0, 0)]","[(4006, 67.1, 10.109248809523809), (16088, 51.899950000000004, 6.186522222222222), (32205, 58.2, 11.638644444444443), (4026, 67.1, 10.11), (16105, 51.900000000000006, 6.1899999999999995), (32212, 58.2, 11.639999999999999)]","[0, 0, 0, 0, 0, 0]","[0, 0, 0, 0, 0, 0]"
866,"[35.36857781087118, 16.082448778079485, 9.701446216870462, 0.0, 0.0, 0.0]","[11, 7, 6, 0, 0, 0]","[655.5424450033291, 942.1182389534396, 937.4528940922528, 0, 0, 0]","[3373.4575549966708, 7159.88176104656, 15173.547105907746, 4029, 8102, 16111]","[4029, 8102, 16111, 4029, 8102, 16111]","[1425, 1303, 1563, 0, 0, 0]","[4.521513387660069, 4.47001319363601, 5.951255529685681, 0.0, 0.0, 0.0]","[194.19899999999998, 767.9482666666667, 2044.8514, 0, 0, 0]","[0.036533333333333334, 24.22760000000001, 10.202666666666667, 0, 0, 0]","[0.05506666666666667, 24.285999999999998, 0.15386666666666668, 0, 0, 0]","[4100.801, 16412.051733333334, 32315.1486, 4295, 17180, 34360]","[371.96346666666665, 335.7724, 366.33733333333333, 372.0, 360.0, 376.54]","[199.94493333333332, 280.714, 266.59613333333334, 200.0, 305.0, 266.75]","[(21, 0.0012833333333333332, 0.030411111111111114), (14, 0.0, 0.005222222222222222), (10, 0.0, 0.006822222222222222), (0, 0, 0), (0, 0, 0), (0, 0, 0)]","[(4005, 67.09871666666666, 10.079588888888889), (16091, 51.900000000000006, 6.184777777777778), (32202, 58.2, 11.633177777777776), (4026, 67.1, 10.11), (16105, 51.900000000000006, 6.1899999999999995), (32212, 58.2, 11.639999999999999)]","[0, 0, 0, 0, 0, 0]","[0, 0, 0, 0, 0, 0]"
867,"[27.07867957309506, 18.736114539619848, 7.926261560424555, 0.0, 0.0, 0.0]","[9, 9, 5, 0, 0, 0]","[507.59757384684843, 1178.1353488996426, 679.6046734946149, 0, 0, 0]","[3521.4024261531517, 6923.864651100357, 15431.395326505386, 4029, 8102, 16111]","[4029, 8102, 16111, 4029, 8102, 16111]","[1091, 1518, 1277, 0, 0, 0]","[6.119644547923942, 4.892923166472643, 4.776085176561894, 0.0, 0.0, 0.0]","[262.8387333333333, 840.6042000000001, 1641.0628666666669, 0, 0, 0]","[0.010666666666666666, 20.5728, 3.8464, 0, 0, 0]","[0.006133333333333334, 20.62333333333333, 0.052, 0, 0, 0]","[4032.1612666666665, 16339.3958, 32718.937133333333, 4295, 17180, 34360]","[371.9893333333333, 339.42719999999997, 372.6936, 372.0, 360.0, 376.54]","[199.99386666666666, 284.37666666666667, 266.698, 200.0, 305.0, 266.75]","[(16, 0.0, 0.010061111111111111), (15, 0.0, 0.0281), (10, 0.0, 0.005794444444444445), (0, 0, 0), (0, 0, 0), (0, 0, 0)]","[(4010, 67.1, 10.099938888888888), (16090, 51.900000000000006, 6.161899999999999), (32202, 58.2, 11.634205555555555), (4026, 67.1, 10.11), (16105, 51.900000000000006, 6.1899999999999995), (32212, 58.2, 11.639999999999999)]","[0, 0, 0, 0, 0, 0]","[0, 0, 0, 0, 0, 0]"
868,"[22.685529908165798, 22.192051345346826, 8.236608528334678, 0.0, 0.0, 0.0]","[8, 11, 5, 0, 0, 0]","[670.583949603134, 1061.8995536633856, 485.34716458733465, 0, 0, 0]","[3358.416050396866, 7040.100446336614, 15625.652835412666, 4029, 8102, 16111]","[4029, 8102, 16111, 4029, 8102, 16111]","[914, 1798, 1327, 0, 0, 0]","[4.042421420256112, 5.8275157159487785, 4.343501358168413, 0.0, 0.0, 0.0]","[173.62199999999999, 1001.1672000000001, 1492.4270666666669, 0, 0, 0]","[0.03213333333333333, 21.948933333333333, 7.669466666666667, 0, 0, 0]","[0.04173333333333333, 22.021733333333337, 0.0944, 0, 0, 0]","[4121.378, 16178.8328, 32867.57293333334, 4295, 17180, 34360]","[371.9678666666667, 338.05106666666666, 368.87053333333336, 372.0, 360.0, 376.54]","[199.95826666666667, 282.9782666666667, 266.6556, 200.0, 305.0, 266.75]","[(14, 0.0, 0.007583333333333333), (20, 0.06939999999999999, 0.03941666666666666), (12, 0.00031666666666666665, 0.005738888888888889), (0, 0, 0), (0, 0, 0), (0, 0, 0)]","[(4012, 67.1, 10.102416666666667), (16085, 51.830600000000004, 6.150583333333333), (32200, 58.19968333333333, 11.63426111111111), (4026, 67.1, 10.11), (16105, 51.900000000000006, 6.1899999999999995), (32212, 58.2, 11.639999999999999)]","[0, 0, 0, 0, 0, 0]","[0, 0, 0, 0, 0, 0]"
869,"[33.780094316207496, 16.07010614663046, 7.5166035627831915, 0.0, 0.0, 0.0]","[11, 9, 5, 0, 0, 0]","[899.3106634035291, 723.0624849192042, 737.8745252260653, 0, 0, 0]","[3129.6893365964706, 7378.9375150807955, 15373.125474773935, 4029, 8102, 16111]","[4029, 8102, 16111, 4029, 8102, 16111]","[1361, 1302, 1211, 0, 0, 0]","[8.75694838960031, 2.9057419480015527, 0.3822219635234768, 0.0, 0.0, 0.0]","[376.1109333333334, 499.20646666666676, 131.33146666666664, 0, 0, 0]","[1.1644, 0.012000000000000002, 0.0, 0, 0, 0]","[0.9086666666666665, 0.008, 0.0016, 0, 0, 0]","[3918.8890666666666, 16680.793533333333, 34228.66853333333, 4295, 17180, 34360]","[370.8356, 359.988, 376.54, 372.0, 360.0, 376.54]","[199.09133333333332, 304.992, 266.7484, 200.0, 305.0, 266.75]","[(17, 0.0067333333333333325, 0.12152222222222221), (15, 0.02943333333333333, 0.028411111111111102), (13, 0.0, 0.002052136752136752), (0, 0, 0), (0, 0, 0), (0, 0, 0)]","[(4009, 67.09326666666666, 9.988477777777778), (16090, 51.870566666666676, 6.161588888888889), (32199, 58.2, 11.637947863247861), (4026, 67.1, 10.11), (16105, 51.900000000000006, 6.1899999999999995), (32212, 58.2, 11.639999999999999)]","[0, 0, 0, 0, 0, 0]","[0, 0, 0, 0, 0, 0]"
870,"[28.51824274013403, 18.118982967168602, 13.226987772329466, 0.0, 0.0, 0.0]","[8, 10, 8, 0, 0, 0]","[528.2846550029533, 731.4773373976196, 943.2170747884122, 0, 0, 0]","[3500.7153449970465, 7370.5226626023805, 15167.782925211588, 4029, 8102, 16111]","[4029, 8102, 16111, 4029, 8102, 16111]","[1149, 1468, 2131, 0, 0, 0]","[10.646522312766782, 2.736617772603803, 0.694513581684129, 0.0, 0.0, 0.0]","[457.26813333333325, 470.15093333333334, 238.6348666666667, 0, 0, 0]","[0.8652000000000001, 0.013733333333333332, 0.004666666666666666, 0, 0, 0]","[0.7450666666666667, 0.02426666666666667, 0.004666666666666667, 0, 0, 0]","[3837.731866666667, 16709.849066666666, 34121.36513333333, 4295, 17180, 34360]","[371.1348, 359.98626666666667, 376.53533333333337, 372.0, 360.0, 376.54]","[199.25493333333333, 304.9757333333333, 266.74533333333335, 200.0, 305.0, 266.75]","[(12, 0.0006999999999999999, 0.11110555555555557), (18, 0.06151666666666666, 0.037149999999999996), (19, 5e-05, 0.0021555555555555555), (0, 0, 0), (0, 0, 0), (0, 0, 0)]","[(4014, 67.0993, 9.998894444444444), (16087, 51.838483333333336, 6.15285), (32193, 58.19995, 11.637844444444443), (4026, 67.1, 10.11), (16105, 51.900000000000006, 6.1899999999999995), (32212, 58.2, 11.639999999999999)]","[0, 0, 0, 0, 0, 0]","[0, 0, 0, 0, 0, 0]"
871,"[20.129064283941425, 17.896815601086153, 13.822853950716901, 0.0, 0.0, 0.0]","[6, 10, 8, 0, 0, 0]","[479.0285107273064, 809.8462451129025, 893.4468296688092, 0, 0, 0]","[3549.9714892726934, 7292.153754887097, 15217.55317033119, 4029, 8102, 16111]","[4029, 8102, 16111, 4029, 8102, 16111]","[811, 1450, 2227, 0, 0, 0]","[7.164892510671324, 3.0018668994955373, 0.6844697322467985, 0.0, 0.0, 0.0]","[307.73213333333337, 515.7207333333333, 235.1838, 0, 0, 0]","[0.8581333333333332, 0.020666666666666667, 0.17479999999999998, 0, 0, 0]","[0.712, 0.017333333333333333, 0.014933333333333333, 0, 0, 0]","[3987.2678666666666, 16664.27926666667, 34124.8162, 4295, 17180, 34360]","[371.14186666666666, 359.97933333333333, 376.3652, 372.0, 360.0, 376.54]","[199.288, 304.98266666666666, 266.7350666666667, 200.0, 305.0, 266.75]","[(9, 0.0005499999999999999, 0.10579444444444445), (22, 0.5000333333333333, 0.04001666666666666), (17, 0.0, 0.08269444444444445), (0, 0, 0), (0, 0, 0), (0, 0, 0)]","[(4017, 67.09944999999999, 10.004205555555554), (16083, 51.39996666666667, 6.149983333333333), (32195, 58.2, 11.557305555555555), (4026, 67.1, 10.11), (16105, 51.900000000000006, 6.1899999999999995), (32212, 58.2, 11.639999999999999)]","[0, 0, 0, 0, 0, 0]","[0, 0, 0, 0, 0, 0]"
872,"[23.852072474559442, 16.19353246112071, 12.842157532120913, 0.0, 0.0, 0.0]","[7, 9, 8, 0, 0, 0]","[501.0263485956057, 949.4340885074562, 734.7374646893855, 0, 0, 0]","[3527.9736514043943, 7152.565911492544, 15376.262535310614, 4029, 8102, 16111]","[4029, 8102, 16111, 4029, 8102, 16111]","[961, 1312, 2069, 0, 0, 0]","[5.31132634846721, 1.492533178114086, 0.6872675591773381, 0.0, 0.0, 0.0]","[228.1214666666667, 256.4172, 236.14513333333335, 0, 0, 0]","[0.44719999999999993, 0.0208, 0.23546666666666663, 0, 0, 0]","[0.3627999999999999, 0.004933333333333334, 0.10653333333333333, 0, 0, 0]","[4066.8785333333335, 16923.5828, 34123.85486666667, 4295, 17180, 34360]","[371.5528, 359.9792, 376.3045333333334, 372.0, 360.0, 376.54]","[199.6372, 304.9950666666667, 266.64346666666665, 200.0, 305.0, 266.75]","[(15, 0.00026666666666666673, 0.05344999999999999), (19, 0.0, 0.003333333333333333), (16, 0.0, 0.07786666666666667), (0, 0, 0), (0, 0, 0), (0, 0, 0)]","[(4011, 67.09973333333333, 10.05655), (16086, 51.900000000000006, 6.1866666666666665), (32196, 58.2, 11.562133333333332), (4026, 67.1, 10.11), (16105, 51.900000000000006, 6.1899999999999995), (32212, 58.2, 11.639999999999999)]","[0, 0, 0, 0, 0, 0]","[0, 0, 0, 0, 0, 0]"
873,"[23.03301067262348, 21.710688718834856, 8.497299981379182, 0.0, 0.0, 0.0]","[6, 11, 5, 0, 0, 0]","[619.0093099266288, 644.1633208777375, 614.2482109522481, 0, 0, 0]","[3409.9906900733713, 7457.8366791222625, 15496.751789047752, 4029, 8102, 16111]","[4029, 8102, 16111, 4029, 8102, 16111]","[928, 1759, 1369, 0, 0, 0]","[4.553142413659294, 2.5326608459448976, 0.5610054326736515, 0.0, 0.0, 0.0]","[195.55746666666667, 435.1111333333334, 192.76146666666668, 0, 0, 0]","[0.030533333333333336, 0.03426666666666667, 0.031599999999999996, 0, 0, 0]","[0.011199999999999998, 0.008533333333333334, 0.03106666666666667, 0, 0, 0]","[4099.442533333333, 16744.888866666668, 34167.23853333334, 4295, 17180, 34360]","[371.9694666666667, 359.96573333333333, 376.5084, 372.0, 360.0, 376.54]","[199.9888, 304.99146666666667, 266.7189333333333, 200.0, 305.0, 266.75]","[(16, 0.0, 0.004616666666666667), (25, 0.06511666666666667, 0.02853888888888889), (9, 0.03996666666666667, 0.01672777777777778), (0, 0, 0), (0, 0, 0), (0, 0, 0)]","[(4010, 67.1, 10.105383333333332), (16080, 51.83488333333334, 6.161461111111111), (32203, 58.16003333333334, 11.623272222222221), (4026, 67.1, 10.11), (16105, 51.900000000000006, 6.1899999999999995), (32212, 58.2, 11.639999999999999)]","[0, 0, 0, 0, 0, 0]","[0, 0, 0, 0, 0, 0]"
874,"[31.397369074211962, 10.466551468773142, 14.462168704611756, 0.0, 0.0, 0.0]","[8, 5, 9, 0, 0, 0]","[427.8041035829484, 486.2620437689628, 1481.898103405302, 0, 0, 0]","[3601.1958964170517, 7615.737956231037, 14629.101896594699, 4029, 8102, 16111]","[4029, 8102, 16111, 4029, 8102, 16111]","[1265, 848, 2330, 0, 0, 0]","[6.061705859526581, 1.8717256499805976, 1.0603436166084594, 0.0, 0.0, 0.0]","[260.3502666666667, 321.56246666666664, 364.3340666666667, 0, 0, 0]","[0.046666666666666676, 0.013733333333333334, 0.03973333333333333, 0, 0, 0]","[0.009866666666666668, 0.0054666666666666665, 0.0030666666666666663, 0, 0, 0]","[4034.649733333333, 16858.437533333334, 33995.66593333333, 4295, 17180, 34360]","[371.9533333333333, 359.98626666666667, 376.5002666666667, 372.0, 360.0, 376.54]","[199.99013333333335, 304.9945333333333, 266.74693333333335, 200.0, 305.0, 266.75]","[(22, 0.0, 0.0059388888888888885), (12, 0.0012833333333333334, 0.002672222222222222), (15, 0.0007333333333333333, 0.014883333333333333), (0, 0, 0), (0, 0, 0), (0, 0, 0)]","[(4004, 67.1, 10.104061111111111), (16093, 51.89871666666667, 6.187327777777777), (32197, 58.19926666666667, 11.625116666666665), (4026, 67.1, 10.11), (16105, 51.900000000000006, 6.1899999999999995), (32212, 58.2, 11.639999999999999)]","[0, 0, 0, 0, 0, 0]","[0, 0, 0, 0, 0, 0]"
875,"[28.021841648051627, 13.947173537398172, 15.250450003103468, 0.0, 0.0, 0.0]","[7, 7, 9, 0, 0, 0]","[815.4837227469425, 624.9888663115057, 1641.408526874781, 0, 0, 0]","[3213.5162772530575, 7477.011133688495, 14469.59147312522, 4029, 8102, 16111]","[4029, 8102, 16111, 4029, 8102, 16111]","[1129, 1130, 2457, 0, 0, 0]","[6.083073341094295, 1.7005638339154054, 1.0421602638727203, 0.0, 0.0, 0.0]","[261.268, 292.1568666666667, 358.0862666666667, 0, 0, 0]","[0.07640000000000001, 1.1714666666666664, 0.034, 0, 0, 0]","[0.0672, 1.1526666666666667, 0.005733333333333334, 0, 0, 0]","[4033.732, 16887.843133333332, 34001.913733333335, 4295, 17180, 34360]","[371.9236, 358.8285333333333, 376.50600000000003, 372.0, 360.0, 376.54]","[199.9328, 303.8473333333333, 266.74426666666665, 200.0, 305.0, 266.75]","[(19, 0.0012833333333333332, 0.010227777777777777), (14, 0.00065, 0.0040888888888888884), (14, 0.0, 0.008433333333333333), (0, 0, 0), (0, 0, 0), (0, 0, 0)]","[(4007, 67.09871666666666, 10.09977222222222), (16091, 51.899350000000005, 6.1859111111111105), (32198, 58.2, 11.631566666666666), (4026, 67.1, 10.11), (16105, 51.900000000000006, 6.1899999999999995), (32212, 58.2, 11.639999999999999)]","[0, 0, 0, 0, 0, 0]","[0, 0, 0, 0, 0, 0]"
876,"[28.98982377761231, 11.774870402369785, 16.70908075228105, 0.0, 0.0, 0.0]","[7, 6, 10, 0, 0, 0]","[811.9367858289338, 536.302979475072, 1458.453678309877, 0, 0, 0]","[3217.063214171066, 7565.697020524928, 14652.546321690123, 4029, 8102, 16111]","[4029, 8102, 16111, 4029, 8102, 16111]","[1168, 954, 2692, 0, 0, 0]","[5.919293752425301, 1.088440434613892, 1.3650064027939466, 0.0, 0.0, 0.0]","[254.2336666666667, 186.99406666666664, 469.0162, 0, 0, 0]","[0.03813333333333334, 0.04, 0.02706666666666667, 0, 0, 0]","[0.022666666666666665, 0.020533333333333334, 0.0006666666666666668, 0, 0, 0]","[4040.7663333333335, 16993.005933333334, 33890.9838, 4295, 17180, 34360]","[371.96186666666665, 359.96, 376.51293333333336, 372.0, 360.0, 376.54]","[199.97733333333332, 304.97946666666667, 266.7493333333333, 200.0, 305.0, 266.75]","[(18, 0.0, 0.011233333333333333), (12, 0.0, 0.002794444444444444), (18, 0.00065, 0.006355555555555555), (0, 0, 0), (0, 0, 0), (0, 0, 0)]","[(4008, 67.1, 10.098766666666666), (16093, 51.900000000000006, 6.187205555555555), (32194, 58.19935, 11.633644444444442), (4026, 67.1, 10.11), (16105, 51.900000000000006, 6.1899999999999995), (32212, 58.2, 11.639999999999999)]","[0, 0, 0, 0, 0, 0]","[0, 0, 0, 0, 0, 0]"
877,"[28.493422685529907, 9.824734633423846, 14.97734467134256, 0.0, 0.0, 0.0]","[7, 5, 9, 0, 0, 0]","[438.2508777728609, 654.0076212725673, 1006.6525629177302, 0, 0, 0]","[3590.749122227139, 7447.992378727433, 15104.34743708227, 4029, 8102, 16111]","[4029, 8102, 16111, 4029, 8102, 16111]","[1148, 796, 2413, 0, 0, 0]","[7.144051222351573, 0.4051071012805588, 2.1536255335661623, 0.0, 0.0, 0.0]","[306.83700000000005, 69.59740000000001, 739.9857333333334, 0, 0, 0]","[0.09173333333333333, 0.019200000000000002, 9.631333333333334, 0, 0, 0]","[0.09626666666666667, 0.01, 0.048400000000000006, 0, 0, 0]","[3988.163, 17110.4026, 33620.014266666665, 4295, 17180, 34360]","[371.9082666666667, 359.9808, 366.9086666666667, 372.0, 360.0, 376.54]","[199.90373333333332, 304.99, 266.7016, 200.0, 305.0, 266.75]","[(16, 0.0012, 0.06420000000000001), (8, 0.0, 0.0011722222222222225), (14, 0.0, 0.01031111111111111), (0, 0, 0), (0, 0, 0), (0, 0, 0)]","[(4010, 67.0988, 10.0458), (16097, 51.900000000000006, 6.188827777777777), (32198, 58.2, 11.629688888888888), (4026, 67.1, 10.11), (16105, 51.900000000000006, 6.1899999999999995), (32212, 58.2, 11.639999999999999)]","[0, 0, 0, 0, 0, 0]","[0, 0, 0, 0, 0, 0]"
878,"[13.030528667163068, 17.46482350037028, 10.160759729377444, 0.0, 0.0, 0.0]","[4, 8, 6, 0, 0, 0]","[181.45797740677983, 1065.1342415251397, 660.7635440985077, 0, 0, 0]","[3847.5420225932203, 7036.86575847486, 15450.236455901493, 4029, 8102, 16111]","[4029, 8102, 16111, 4029, 8102, 16111]","[525, 1415, 1637, 0, 0, 0]","[5.742312766783081, 0.7873298409002716, 1.5044982537834692, 0.0, 0.0, 0.0]","[246.63233333333332, 135.26326666666665, 516.9456, 0, 0, 0]","[0.06026666666666666, 0.05333333333333334, 3.854, 0, 0, 0]","[0.039466666666666664, 0.015066666666666667, 0.05826666666666666, 0, 0, 0]","[4048.3676666666665, 17044.736733333335, 33843.0544, 4295, 17180, 34360]","[371.9397333333333, 359.94666666666666, 372.68600000000004, 372.0, 360.0, 376.54]","[199.96053333333333, 304.98493333333334, 266.69173333333333, 200.0, 305.0, 266.75]","[(8, 0.0, 0.05841666666666667), (15, 0.05691666666666666, 0.015377777777777778), (9, 0.00065, 0.006), (0, 0, 0), (0, 0, 0), (0, 0, 0)]","[(4018, 67.1, 10.051583333333333), (16090, 51.84308333333334, 6.174622222222221), (32203, 58.19935, 11.633999999999999), (4026, 67.1, 10.11), (16105, 51.900000000000006, 6.1899999999999995), (32212, 58.2, 11.639999999999999)]","[0, 0, 0, 0, 0, 0]","[0, 0, 0, 0, 0, 0]"
879,"[6.353933978654753, 20.30362873364601, 7.224877412947675, 0.0, 0.0, 0.0]","[3, 9, 4, 0, 0, 0]","[75.62496663503482, 1184.1059591832623, 765.784765285502, 0, 0, 0]","[3953.375033364965, 6917.894040816738, 15345.215234714498, 4029, 8102, 16111]","[4029, 8102, 16111, 4029, 8102, 16111]","[256, 1645, 1164, 0, 0, 0]","[2.9336980985642223, 1.240509119130772, 1.252349825378347, 0.0, 0.0, 0.0]","[126.00233333333334, 213.11946666666663, 430.3074, 0, 0, 0]","[0.053733333333333334, 0.03453333333333333, 7.729733333333333, 0, 0, 0]","[0.0284, 0.020399999999999998, 0.15266666666666667, 0, 0, 0]","[4168.997666666667, 16966.880533333333, 33929.6926, 4295, 17180, 34360]","[371.94626666666665, 359.96546666666666, 368.8102666666667, 372.0, 360.0, 376.54]","[199.9716, 304.9796, 266.5973333333333, 200.0, 305.0, 266.75]","[(5, 3.3333333333333335e-05, 0.05624999999999999), (18, 0.03358333333333333, 0.006796581196581196), (6, 0.00031666666666666665, 0.005105555555555556), (0, 0, 0), (0, 0, 0), (0, 0, 0)]","[(4021, 67.09996666666666, 10.053749999999999), (16087, 51.86641666666667, 6.183203418803418), (32206, 58.19968333333333, 11.634894444444443), (4026, 67.1, 10.11), (16105, 51.900000000000006, 6.1899999999999995), (32212, 58.2, 11.639999999999999)]","[0, 0, 0, 0, 0, 0]","[0, 0, 0, 0, 0, 0]"
880,"[11.26830479027054, 18.402863490496173, 8.410402830364347, 0.0, 0.0, 0.0]","[4, 8, 5, 0, 0, 0]","[280.6139337524214, 852.5420792546132, 630.673381715533, 0, 0, 0]","[3748.3860662475786, 7249.457920745387, 15480.326618284467, 4029, 8102, 16111]","[4029, 8102, 16111, 4029, 8102, 16111]","[454, 1491, 1355, 0, 0, 0]","[0.8585207605743109, 1.4398917345750872, 1.3514025999223906, 0.0, 0.0, 0.0]","[36.87346666666666, 247.3734, 464.34193333333343, 0, 0, 0]","[0.020133333333333333, 0.02266666666666667, 6.1353333333333335, 0, 0, 0]","[0.007599999999999999, 0.006933333333333333, 0.1574666666666667, 0, 0, 0]","[4258.126533333333, 16932.6266, 33895.65806666666, 4295, 17180, 34360]","[371.9798666666667, 359.9773333333333, 370.4046666666667, 372.0, 360.0, 376.54]","[199.9924, 304.99306666666666, 266.59253333333334, 200.0, 305.0, 266.75]","[(9, 0.0, 0.0022944444444444444), (15, 0.049483333333333324, 0.0052499999999999995), (10, 0.003533333333333333, 0.006022222222222222), (0, 0, 0), (0, 0, 0), (0, 0, 0)]","[(4017, 67.1, 10.107705555555555), (16090, 51.85051666666667, 6.184749999999999), (32202, 58.19646666666667, 11.633977777777776), (4026, 67.1, 10.11), (16105, 51.900000000000006, 6.1899999999999995), (32212, 58.2, 11.639999999999999)]","[0, 0, 0, 0, 0, 0]","[0, 0, 0, 0, 0, 0]"
881,"[16.182675601886324, 13.947173537398172, 8.609024889826825, 0.0, 0.0, 0.0]","[5, 7, 5, 0, 0, 0]","[349.61606123316426, 447.418679595228, 987.6131566983746, 0, 0, 0]","[3679.383938766836, 7654.581320404772, 15123.386843301625, 4029, 8102, 16111]","[4029, 8102, 16111, 4029, 8102, 16111]","[652, 1130, 1387, 0, 0, 0]","[5.263180442374855, 1.3053632130384165, 0.1716559953434226, 0.0, 0.0, 0.0]","[226.05360000000002, 224.26139999999998, 58.981, 0, 0, 0]","[0.027466666666666667, 0.023733333333333332, 0.06266666666666668, 0, 0, 0]","[0.009466666666666667, 0.0064, 0.053066666666666665, 0, 0, 0]","[4068.9464, 16955.7386, 34301.019, 4295, 17180, 34360]","[371.97253333333333, 359.9762666666667, 376.4773333333334, 372.0, 360.0, 376.54]","[199.99053333333333, 304.9936, 266.69693333333333, 200.0, 305.0, 266.75]","[(11, 0.0, 0.005388888888888889), (14, 0.05543333333333332, 0.006172222222222221), (10, 0.0, 0.0012388888888888885), (0, 0, 0), (0, 0, 0), (0, 0, 0)]","[(4015, 67.1, 10.10461111111111), (16091, 51.84456666666667, 6.183827777777777), (32202, 58.2, 11.63876111111111), (4026, 67.1, 10.11), (16105, 51.900000000000006, 6.1899999999999995), (32212, 58.2, 11.639999999999999)]","[0, 0, 0, 0, 0, 0]","[0, 0, 0, 0, 0, 0]"
882,"[14.445271779597915, 9.91113305356702, 14.567686673701196, 0.0, 0.0, 0.0]","[4, 5, 9, 0, 0, 0]","[373.7391410215868, 410.60194302001076, 1734.980349296432, 0, 0, 0]","[3655.260858978413, 7691.39805697999, 14376.019650703569, 4029, 8102, 16111]","[4029, 8102, 16111, 4029, 8102, 16111]","[582, 803, 2347, 0, 0, 0]","[4.4788901823826155, 1.0243500194024058, 4.079904928211098, 0.0, 0.0, 0.0]","[192.3683333333333, 175.98333333333332, 1401.8553333333332, 0, 0, 0]","[0.02133333333333333, 0.24573333333333333, 1.331866666666667, 0, 0, 0]","[0.011599999999999997, 0.23173333333333335, 1.8590666666666666, 0, 0, 0]","[4102.631666666667, 17004.016666666666, 32958.14466666667, 4295, 17180, 34360]","[371.97866666666664, 359.7542666666667, 375.20813333333336, 372.0, 360.0, 376.54]","[199.9884, 304.76826666666665, 264.89093333333335, 200.0, 305.0, 266.75]","[(9, 0.0, 0.004733333333333334), (10, 0.0, 0.002338888888888889), (19, 1.666666666666667e-05, 0.030988888888888892), (0, 0, 0), (0, 0, 0), (0, 0, 0)]","[(4017, 67.1, 10.105266666666665), (16095, 51.900000000000006, 6.187661111111111), (32193, 58.199983333333336, 11.60901111111111), (4026, 67.1, 10.11), (16105, 51.900000000000006, 6.1899999999999995), (32212, 58.2, 11.639999999999999)]","[0, 0, 0, 0, 0, 0]","[2, 0, 0, 0, 0, 0]"
883,"[19.4837428642343, 9.318686744013824, 13.456644528582956, 0.0, 0.0, 0.0]","[6, 5, 8, 0, 0, 0]","[723.3234756040464, 446.2233644903261, 1079.4992917191828, 0, 0, 0]","[3305.6765243959535, 7655.776635509674, 15031.500708280817, 4029, 8102, 16111]","[4029, 8102, 16111, 4029, 8102, 16111]","[785, 755, 2168, 0, 0, 0]","[3.3802359332557237, 0.891604190919674, 3.6118443927046955, 0.0, 0.0, 0.0]","[145.18113333333332, 153.17759999999998, 1241.0297333333333, 0, 0, 0]","[0.02146666666666667, 0.21213333333333334, 0.24466666666666667, 0, 0, 0]","[0.01173333333333333, 0.20213333333333333, 0.8895999999999998, 0, 0, 0]","[4149.8188666666665, 17026.8224, 33118.97026666666, 4295, 17180, 34360]","[371.97853333333336, 359.7878666666667, 376.29533333333336, 372.0, 360.0, 376.54]","[199.98826666666668, 304.79786666666666, 265.8604, 200.0, 305.0, 266.75]","[(13, 8.333333333333333e-05, 0.005233333333333332), (10, 0.0, 0.002327777777777778), (18, 0.0, 0.02916666666666667), (0, 0, 0), (0, 0, 0), (0, 0, 0)]","[(4013, 67.09991666666666, 10.104766666666666), (16095, 51.900000000000006, 6.187672222222222), (32194, 58.2, 11.610833333333332), (4026, 67.1, 10.11), (16105, 51.900000000000006, 6.1899999999999995), (32212, 58.2, 11.639999999999999)]","[0, 0, 0, 0, 0, 0]","[2, 0, 0, 0, 0, 0]"
884,"[36.83296103251427, 12.922735127129103, 13.33871268077711, 0.0, 0.0, 0.0]","[8, 4, 7, 0, 0, 0]","[516.1375037994623, 392.6385879060254, 1135.7662388052843, 0, 0, 0]","[3512.862496200538, 7709.361412093975, 14975.233761194715, 4029, 8102, 16111]","[4029, 8102, 16111, 4029, 8102, 16111]","[1484, 1047, 2149, 0, 0, 0]","[6.209165696546372, 0.8560023282887078, 3.0621525029103607, 0.0, 0.0, 0.0]","[266.6836666666667, 147.0612, 1052.1555999999998, 0, 0, 0]","[0.022, 0.19039999999999996, 0.20600000000000002, 0, 0, 0]","[0.012933333333333331, 0.18133333333333337, 0.6634666666666668, 0, 0, 0]","[4028.316333333333, 17032.9388, 33307.8444, 4295, 17180, 34360]","[371.978, 359.8096, 376.334, 372.0, 360.0, 376.54]","[199.98706666666666, 304.8186666666667, 266.0865333333333, 200.0, 305.0, 266.75]","[(16, 0.0, 0.0048), (9, 0.0, 0.002161111111111111), (16, 0.0, 0.018694444444444444), (0, 0, 0), (0, 0, 0), (0, 0, 0)]","[(4010, 67.1, 10.1052), (16096, 51.900000000000006, 6.187838888888888), (32196, 58.2, 11.621305555555555), (4026, 67.1, 10.11), (16105, 51.900000000000006, 6.1899999999999995), (32212, 58.2, 11.639999999999999)]","[2, 2, 2, 0, 0, 0]","[2, 2, 2, 0, 0, 0]"
885,"[30.081906180193595, 20.032090841767463, 13.388368195642727, 0.0, 0.0, 0.0]","[6, 6, 7, 0, 0, 0]","[629.3265152828765, 689.5678802439238, 570.270750372713, 0, 0, 0]","[3399.6734847171238, 7412.432119756077, 15540.729249627288, 4029, 8102, 16111]","[4029, 8102, 16111, 4029, 8102, 16111]","[1212, 1623, 2157, 0, 0, 0]","[3.629451299961196, 0.9129615832363214, 1.0294433449747766, 0.0, 0.0, 0.0]","[155.88493333333335, 156.8468, 353.7167333333333, 0, 0, 0]","[0.002133333333333333, 0.19146666666666667, 0.04213333333333333, 0, 0, 0]","[0.001466666666666667, 0.18973333333333334, 0.07026666666666667, 0, 0, 0]","[4139.115066666666, 17023.1532, 34006.283266666665, 4295, 17180, 34360]","[371.99786666666665, 359.80853333333334, 376.4978666666667, 372.0, 360.0, 376.54]","[199.99853333333334, 304.8102666666667, 266.67973333333333, 200.0, 305.0, 266.75]","[(9, 0.007883333333333332, 0.0017055555555555556), (15, 0.0, 0.0020388888888888887), (14, 0.0, 0.005827777777777776), (0, 0, 0), (0, 0, 0), (0, 0, 0)]","[(4017, 67.09211666666666, 10.108294444444445), (16090, 51.900000000000006, 6.187961111111111), (32198, 58.2, 11.63417222222222), (4026, 67.1, 10.11), (16105, 51.900000000000006, 6.1899999999999995), (32212, 58.2, 11.639999999999999)]","[2, 2, 2, 0, 0, 0]","[2, 2, 2, 0, 0, 0]"
886,"[29.03946388682055, 23.389286595902245, 11.302836571286697, 0.0, 0.0, 0.0]","[6, 6, 4, 0, 0, 0]","[459.1200580113461, 573.8136132157035, 183.16372102630714, 0, 0, 0]","[3569.879941988654, 7528.186386784297, 15927.836278973693, 4029, 8102, 16111]","[4029, 8102, 16111, 4029, 8102, 16111]","[1170, 1895, 1821, 0, 0, 0]","[3.1452433061699647, 0.9635739231664728, 0.8529557625145519, 0.0, 0.0, 0.0]","[135.08819999999997, 165.54200000000003, 293.0756, 0, 0, 0]","[0.006, 0.18359999999999999, 0.019733333333333332, 0, 0, 0]","[0.0005333333333333334, 0.18479999999999996, 0.046799999999999994, 0, 0, 0]","[4159.9118, 17014.458, 34066.9244, 4295, 17180, 34360]","[371.994, 359.8164, 376.5202666666667, 372.0, 360.0, 376.54]","[199.99946666666668, 304.8152, 266.7032, 200.0, 305.0, 266.75]","[(9, 0.0, 0.00155), (14, 0.0, 0.0010555555555555555), (9, 0.0, 0.004566666666666667), (0, 0, 0), (0, 0, 0), (0, 0, 0)]","[(4017, 67.1, 10.10845), (16091, 51.900000000000006, 6.188944444444444), (32203, 58.2, 11.635433333333332), (4026, 67.1, 10.11), (16105, 51.900000000000006, 6.1899999999999995), (32212, 58.2, 11.639999999999999)]","[2, 4, 4, 0, 0, 0]","[4, 2, 4, 0, 0, 0]"
887,"[26.73119880863738, 25.771414465564057, 9.34765067345292, 0.0, 0.0, 0.0]","[6, 6, 3, 0, 0, 0]","[234.21200511629965, 947.011939364352, 550.2937841599962, 0, 0, 0]","[3794.7879948837003, 7154.988060635648, 15560.706215840004, 4029, 8102, 16111]","[4029, 8102, 16111, 4029, 8102, 16111]","[1077, 2088, 1506, 0, 0, 0]","[2.619323244082266, 0.7962386495925495, 1.2552768723321692, 0.0, 0.0, 0.0]","[112.49993333333333, 136.7938, 431.3131333333333, 0, 0, 0]","[0.006666666666666667, 0.1872, 0.5745333333333333, 0, 0, 0]","[0.0014666666666666667, 0.19039999999999996, 0.10093333333333333, 0, 0, 0]","[4182.5000666666665, 17043.2062, 33928.68686666666, 4295, 17180, 34360]","[371.99333333333334, 359.8128, 375.9654666666667, 372.0, 360.0, 376.54]","[199.99853333333334, 304.8096, 266.64906666666667, 200.0, 305.0, 266.75]","[(11, 0.0, 0.0019388888888888889), (16, 0.0, 0.0025499999999999997), (5, 0.0, 0.005711111111111112), (0, 0, 0), (0, 0, 0), (0, 0, 0)]","[(4015, 67.1, 10.10806111111111), (16089, 51.900000000000006, 6.187449999999999), (32207, 58.2, 11.634288888888888), (4026, 67.1, 10.11), (16105, 51.900000000000006, 6.1899999999999995), (32212, 58.2, 11.639999999999999)]","[2, 4, 4, 0, 0, 0]","[4, 2, 4, 0, 0, 0]"
888,"[18.590220898485978, 20.784991360157985, 5.704177270188071, 0.0, 0.0, 0.0]","[8, 7, 4, 0, 0, 0]","[485.40422907618836, 776.1524379391591, 300.0780271345062, 0, 0, 0]","[3543.595770923812, 7325.847562060841, 15810.921972865493, 4029, 8102, 16111]","[4029, 8102, 16111, 4029, 8102, 16111]","[749, 1684, 919, 0, 0, 0]","[5.54592937524253, 3.767350407450524, 1.3915853705859524, 0.0, 0.0, 0.0]","[238.19766666666663, 647.2308, 478.14873333333327, 0, 0, 0]","[0.008933333333333335, 8.269733333333333, 0.5903999999999999, 0, 0, 0]","[0.016533333333333334, 8.295466666666668, 0.10746666666666667, 0, 0, 0]","[4056.8023333333335, 16532.7692, 33881.851266666665, 4295, 17180, 34360]","[371.99106666666665, 351.7302666666667, 375.94960000000003, 372.0, 360.0, 376.54]","[199.98346666666666, 296.70453333333336, 266.64253333333335, 200.0, 305.0, 266.75]","[(14, 0.0003666666666666666, 0.0013277777777777778), (19, 0.0, 0.002955555555555555), (7, 0.0, 0.005338888888888889), (0, 0, 0), (0, 0, 0), (0, 0, 0)]","[(4012, 67.09963333333333, 10.108672222222221), (16086, 51.900000000000006, 6.187044444444444), (32205, 58.2, 11.63466111111111), (4026, 67.1, 10.11), (16105, 51.900000000000006, 6.1899999999999995), (32212, 58.2, 11.639999999999999)]","[0, 0, 0, 0, 0, 0]","[0, 0, 0, 0, 0, 0]"
889,"[16.530156366344006, 16.020735620834362, 8.646266525976042, 0.0, 0.0, 0.0]","[7, 6, 5, 0, 0, 0]","[469.99463119067656, 853.7514561065937, 1206.7867799517426, 0, 0, 0]","[3559.0053688093235, 7248.248543893406, 14904.213220048257, 4029, 8102, 16111]","[4029, 8102, 16111, 4029, 8102, 16111]","[666, 1298, 1393, 0, 0, 0]","[5.188890958478851, 7.227506790842064, 2.0712312766783083, 0.0, 0.0, 0.0]","[222.86286666666663, 1241.6856666666667, 711.6750666666667, 0, 0, 0]","[0.0034666666666666665, 24.22493333333334, 9.613466666666667, 0, 0, 0]","[0.0092, 24.295999999999996, 0.05186666666666667, 0, 0, 0]","[4072.137133333333, 15938.314333333334, 33648.32493333334, 4295, 17180, 34360]","[371.99653333333333, 335.77506666666665, 366.92653333333334, 372.0, 360.0, 376.54]","[199.9908, 280.704, 266.6981333333333, 200.0, 305.0, 266.75]","[(15, 0.00011666666666666667, 0.04551666666666667), (15, 8.333333333333333e-05, 0.002844444444444444), (6, 0.0, 0.03725555555555556), (0, 0, 0), (0, 0, 0), (0, 0, 0)]","[(4011, 67.09988333333332, 10.064483333333333), (16090, 51.89991666666667, 6.187155555555555), (32206, 58.2, 11.602744444444443), (4026, 67.1, 10.11), (16105, 51.900000000000006, 6.1899999999999995), (32212, 58.2, 11.639999999999999)]","[0, 0, 0, 0, 0, 0]","[0, 0, 0, 0, 0, 0]"
890,"[25.117895259369572, 15.58874352011849, 10.533176090869592, 0.0, 0.0, 0.0]","[9, 6, 6, 0, 0, 0]","[799.8567162729865, 504.30003084781765, 1038.3053386958352, 0, 0, 0]","[3229.1432837270136, 7597.699969152182, 15072.694661304165, 4029, 8102, 16111]","[4029, 8102, 16111, 4029, 8102, 16111]","[1012, 1263, 1697, 0, 0, 0]","[9.991278230500582, 6.210515715948778, 1.679338183934808, 0.0, 0.0, 0.0]","[429.1254, 1066.9666, 577.0206000000001, 0, 0, 0]","[0.0029333333333333334, 20.568399999999997, 3.8474666666666666, 0, 0, 0]","[0.0056, 20.632266666666663, 0.05333333333333332, 0, 0, 0]","[3865.8746, 16113.0334, 33782.9794, 4295, 17180, 34360]","[371.9970666666667, 339.4316, 372.69253333333336, 372.0, 360.0, 376.54]","[199.9944, 284.3677333333333, 266.69666666666666, 200.0, 305.0, 266.75]","[(15, 0.00013333333333333334, 0.006811111111111111), (14, 0.0001, 0.008138888888888888), (9, 0.0, 0.010038888888888889), (0, 0, 0), (0, 0, 0), (0, 0, 0)]","[(4011, 67.09986666666666, 10.103188888888889), (16091, 51.8999, 6.181861111111111), (32203, 58.2, 11.62996111111111), (4026, 67.1, 10.11), (16105, 51.900000000000006, 6.1899999999999995), (32212, 58.2, 11.639999999999999)]","[0, 0, 0, 0, 0, 0]","[0, 0, 0, 0, 0, 0]"
891,"[24.96897493174485, 13.29301407059985, 10.620073241884427, 0.0, 0.0, 0.0]","[9, 5, 6, 0, 0, 0]","[516.164433871807, 530.2745822490923, 927.9682251249278, 0, 0, 0]","[3512.835566128193, 7571.725417750908, 15183.031774875071, 4029, 8102, 16111]","[4029, 8102, 16111, 4029, 8102, 16111]","[1006, 1077, 1711, 0, 0, 0]","[8.373868839736128, 3.8398300349243306, 1.9490351183546757, 0.0, 0.0, 0.0]","[359.65766666666667, 659.6827999999999, 669.6884666666666, 0, 0, 0]","[0.0244, 21.916800000000002, 7.682533333333334, 0, 0, 0]","[0.018266666666666664, 21.977733333333333, 0.1489333333333333, 0, 0, 0]","[3935.3423333333335, 16520.3172, 33690.31153333333, 4295, 17180, 34360]","[371.9756, 338.0832, 368.8574666666667, 372.0, 360.0, 376.54]","[199.98173333333332, 283.02226666666667, 266.60106666666667, 200.0, 305.0, 266.75]","[(15, 0.0001, 0.0103), (10, 3.3333333333333335e-05, 0.001011111111111111), (13, 0.00031666666666666665, 0.0070999999999999995), (0, 0, 0), (0, 0, 0), (0, 0, 0)]","[(4011, 67.09989999999999, 10.099699999999999), (16095, 51.89996666666667, 6.188988888888888), (32199, 58.19968333333333, 11.6329), (4026, 67.1, 10.11), (16105, 51.900000000000006, 6.1899999999999995), (32212, 58.2, 11.639999999999999)]","[0, 0, 0, 0, 0, 0]","[0, 0, 0, 0, 0, 0]"
892,"[17.49813849590469, 17.21797087138978, 10.669728756750047, 0.0, 0.0, 0.0]","[6, 7, 6, 0, 0, 0]","[435.0700616525642, 718.4651752967055, 893.0501514860371, 0, 0, 0]","[3593.929938347436, 7383.534824703294, 15217.949848513963, 4029, 8102, 16111]","[4029, 8102, 16111, 4029, 8102, 16111]","[705, 1395, 1719, 0, 0, 0]","[6.684263872720216, 4.710843616608459, 5.262325184322856, 0.0, 0.0, 0.0]","[287.0891333333333, 809.3229333333334, 1808.1349333333333, 0, 0, 0]","[0.024799999999999996, 23.074533333333342, 6.093733333333334, 0, 0, 0]","[0.018666666666666665, 22.385733333333338, 0.13400000000000006, 0, 0, 0]","[4007.9108666666666, 16370.677066666667, 32551.865066666665, 4295, 17180, 34360]","[371.9752, 336.92546666666664, 370.4462666666667, 372.0, 360.0, 376.54]","[199.98133333333334, 282.61426666666665, 266.616, 200.0, 305.0, 266.75]","[(11, 0.0, 0.004161111111111112), (14, 0.0, 0.005933333333333332), (11, 0.03996666666666667, 0.021633333333333334), (0, 0, 0), (0, 0, 0), (0, 0, 0)]","[(4015, 67.1, 10.105838888888888), (16091, 51.900000000000006, 6.184066666666666), (32201, 58.16003333333334, 11.618366666666665), (4026, 67.1, 10.11), (16105, 51.900000000000006, 6.1899999999999995), (32212, 58.2, 11.639999999999999)]","[0, 0, 0, 0, 0, 0]","[0, 0, 0, 0, 0, 0]"
893,"[17.42367833209233, 13.774376697111823, 9.713860095586867, 0.0, 0.0, 0.0]","[5, 7, 6, 0, 0, 0]","[513.7299353410089, 827.8626945309852, 946.3479050756862, 0, 0, 0]","[3515.270064658991, 7274.137305469015, 15164.652094924313, 4029, 8102, 16111]","[4029, 8102, 16111, 4029, 8102, 16111]","[702, 1116, 1565, 0, 0, 0]","[7.11151882033372, 5.42953240201785, 3.6166773379899104, 0.0, 0.0, 0.0]","[305.43973333333327, 932.7936666666667, 1242.6903333333332, 0, 0, 0]","[0.0034666666666666665, 0.03626666666666666, 0.001466666666666667, 0, 0, 0]","[0.01653333333333333, 0.06546666666666666, 0.0009333333333333334, 0, 0, 0]","[3989.560266666667, 16247.206333333334, 33117.30966666667, 4295, 17180, 34360]","[371.99653333333333, 359.9637333333333, 376.53853333333336, 372.0, 360.0, 376.54]","[199.98346666666666, 304.9345333333333, 266.7490666666667, 200.0, 305.0, 266.75]","[(9, 6.666666666666667e-05, 0.0044333333333333325), (14, 0.0, 0.006777777777777777), (12, 0.0, 0.0023833333333333337), (0, 0, 0), (0, 0, 0), (0, 0, 0)]","[(4017, 67.09993333333333, 10.105566666666666), (16091, 51.900000000000006, 6.183222222222222), (32200, 58.2, 11.637616666666666), (4026, 67.1, 10.11), (16105, 51.900000000000006, 6.1899999999999995), (32212, 58.2, 11.639999999999999)]","[0, 0, 0, 0, 0, 0]","[0, 0, 0, 0, 0, 0]"
894,"[17.34921816827997, 16.353986669958033, 7.7897088945441, 0.0, 0.0, 0.0]","[5, 8, 5, 0, 0, 0]","[454.7112716659027, 606.9823876202266, 341.16761317798716, 0, 0, 0]","[3574.2887283340974, 7495.017612379774, 15769.832386822012, 4029, 8102, 16111]","[4029, 8102, 16111, 4029, 8102, 16111]","[699, 1325, 1255, 0, 0, 0]","[7.10032440822662, 11.979056266977105, 3.7147175009701208, 0.0, 0.0, 0.0]","[304.95893333333333, 2058.0018666666665, 1276.3769333333335, 0, 0, 0]","[0.0036000000000000008, 0.03306666666666667, 0.002133333333333333, 0, 0, 0]","[0.008, 0.05399999999999999, 0.0018666666666666666, 0, 0, 0]","[3990.0410666666667, 15121.998133333334, 33083.62306666667, 4295, 17180, 34360]","[371.9964, 359.9669333333333, 376.5378666666667, 372.0, 360.0, 376.54]","[199.992, 304.946, 266.7481333333333, 200.0, 305.0, 266.75]","[(10, 1.666666666666667e-05, 0.005144444444444445), (17, 0.0, 0.007299999999999999), (9, 0.0, 0.0029222222222222223), (0, 0, 0), (0, 0, 0), (0, 0, 0)]","[(4016, 67.09998333333333, 10.104855555555554), (16088, 51.900000000000006, 6.1827), (32203, 58.2, 11.637077777777776), (4026, 67.1, 10.11), (16105, 51.900000000000006, 6.1899999999999995), (32212, 58.2, 11.639999999999999)]","[0, 0, 0, 0, 0, 0]","[0, 0, 0, 0, 0, 0]"
895,"[20.89848597666915, 14.798815107380895, 8.118676680528832, 0.0, 0.0, 0.0]","[5, 7, 5, 0, 0, 0]","[514.5400291604785, 844.9928392519007, 601.6595621765298, 0, 0, 0]","[3514.4599708395217, 7257.0071607480995, 15509.34043782347, 4029, 8102, 16111]","[4029, 8102, 16111, 4029, 8102, 16111]","[842, 1199, 1308, 0, 0, 0]","[9.529510283275126, 6.803318199456731, 0.3316133100504462, 0.0, 0.0, 0.0]","[409.29246666666666, 1168.8100666666664, 113.94233333333332, 0, 0, 0]","[0.021200000000000004, 0.021733333333333334, 0.02586666666666667, 0, 0, 0]","[0.017733333333333334, 0.020133333333333333, 0.025333333333333326, 0, 0, 0]","[3885.7075333333332, 16011.189933333333, 34246.05766666667, 4295, 17180, 34360]","[371.9788, 359.9782666666667, 376.51413333333335, 372.0, 360.0, 376.54]","[199.98226666666667, 304.9798666666667, 266.7246666666667, 200.0, 305.0, 266.75]","[(13, 1.666666666666667e-05, 0.004505555555555555), (16, 0.0397, 0.030783333333333333), (10, 0.0, 0.0017166666666666667), (0, 0, 0), (0, 0, 0), (0, 0, 0)]","[(4013, 67.09998333333333, 10.105494444444444), (16089, 51.8603, 6.159216666666667), (32202, 58.2, 11.638283333333332), (4026, 67.1, 10.11), (16105, 51.900000000000006, 6.1899999999999995), (32212, 58.2, 11.639999999999999)]","[0, 0, 0, 0, 0, 0]","[0, 0, 0, 0, 0, 0]"
896,"[19.13626209977662, 15.601086151567515, 7.231084352305878, 0.0, 0.0, 0.0]","[5, 7, 4, 0, 0, 0]","[398.6741038554936, 612.1585056687567, 585.4043808770202, 0, 0, 0]","[3630.3258961445063, 7489.841494331244, 15525.59561912298, 4029, 8102, 16111]","[4029, 8102, 16111, 4029, 8102, 16111]","[771, 1264, 1165, 0, 0, 0]","[8.382058207217694, 8.299687233216918, 0.28329685681024447, 0.0, 0.0, 0.0]","[360.00939999999997, 1425.8862666666664, 97.3408, 0, 0, 0]","[0.03760000000000001, 0.015066666666666666, 0.02493333333333333, 0, 0, 0]","[0.0172, 0.015066666666666667, 0.02266666666666666, 0, 0, 0]","[3934.9906, 15754.113733333334, 34262.6592, 4295, 17180, 34360]","[371.9624, 359.98493333333334, 376.5150666666667, 372.0, 360.0, 376.54]","[199.9828, 304.98493333333334, 266.7273333333333, 200.0, 305.0, 266.75]","[(14, 0.05693333333333332, 0.015533333333333333), (16, 0.046733333333333335, 0.006566666666666666), (6, 0.0, 0.0012444444444444447), (0, 0, 0), (0, 0, 0), (0, 0, 0)]","[(4012, 67.04306666666666, 10.094466666666666), (16089, 51.85326666666667, 6.1834333333333324), (32206, 58.2, 11.638755555555555), (4026, 67.1, 10.11), (16105, 51.900000000000006, 6.1899999999999995), (32212, 58.2, 11.639999999999999)]","[0, 0, 0, 0, 0, 0]","[0, 0, 0, 0, 0, 0]"
897,"[18.739141226110696, 10.71340409775364, 12.277326050524486, 0.0, 0.0, 0.0]","[5, 4, 7, 0, 0, 0]","[227.47893059600636, 170.83019929554214, 1146.2298188879306, 0, 0, 0]","[3801.521069403994, 7931.169800704458, 14964.77018111207, 4029, 8102, 16111]","[4029, 8102, 16111, 4029, 8102, 16111]","[755, 868, 1978, 0, 0, 0]","[5.7972417539774925, 6.917254559565385, 3.4677788125727584, 0.0, 0.0, 0.0]","[248.9915333333333, 1188.3843333333332, 1191.5287999999998, 0, 0, 0]","[0.035333333333333335, 0.044800000000000006, 0.034, 0, 0, 0]","[0.025733333333333334, 0.0304, 0.03013333333333333, 0, 0, 0]","[4046.0084666666667, 15991.615666666667, 33168.4712, 4295, 17180, 34360]","[371.9646666666667, 359.9552, 376.50600000000003, 372.0, 360.0, 376.54]","[199.97426666666667, 304.9696, 266.7198666666667, 200.0, 305.0, 266.75]","[(14, 0.03351666666666667, 0.004655555555555555), (10, 0.026199999999999998, 0.010288888888888887), (10, 1.666666666666667e-05, 0.004877777777777777), (0, 0, 0), (0, 0, 0), (0, 0, 0)]","[(4012, 67.06648333333332, 10.105344444444444), (16095, 51.8738, 6.179711111111111), (32202, 58.199983333333336, 11.63512222222222), (4026, 67.1, 10.11), (16105, 51.900000000000006, 6.1899999999999995), (32212, 58.2, 11.639999999999999)]","[0, 0, 0, 0, 0, 0]","[0, 0, 0, 0, 0, 0]"
898,"[25.912137006701414, 8.072080967662306, 15.244243063745266, 0.0, 0.0, 0.0]","[8, 4, 9, 0, 0, 0]","[826.3653781520059, 529.7707885489098, 1160.99175473483, 0, 0, 0]","[3202.634621847994, 7572.22921145109, 14950.00824526517, 4029, 8102, 16111]","[4029, 8102, 16111, 4029, 8102, 16111]","[1044, 654, 2456, 0, 0, 0]","[12.740920450135821, 3.4560768335273573, 3.6750411331005046, 0.0, 0.0, 0.0]","[547.2225333333334, 593.7539999999999, 1262.7441333333334, 0, 0, 0]","[0.027466666666666667, 0.004666666666666666, 12.143333333333334, 0, 0, 0]","[0.0488, 0.014933333333333333, 12.082400000000003, 0, 0, 0]","[3747.7774666666664, 16586.246, 33097.25586666667, 4295, 17180, 34360]","[371.97253333333333, 359.99533333333335, 364.3966666666667, 372.0, 360.0, 376.54]","[199.9512, 304.9850666666667, 254.6676, 200.0, 305.0, 266.75]","[(19, 0.11105, 0.04142222222222222), (8, 0.0, 0.0016166666666666669), (12, 0.00015, 0.0032833333333333334), (0, 0, 0), (0, 0, 0), (0, 0, 0)]","[(4007, 66.98894999999999, 10.068577777777778), (16097, 51.900000000000006, 6.1883833333333325), (32200, 58.199850000000005, 11.636716666666665), (4026, 67.1, 10.11), (16105, 51.900000000000006, 6.1899999999999995), (32212, 58.2, 11.639999999999999)]","[0, 0, 0, 0, 0, 0]","[0, 0, 0, 0, 0, 0]"
899,"[33.63117398858277, 8.072080967662306, 9.453168642542362, 0.0, 0.0, 0.0]","[10, 4, 6, 0, 0, 0]","[794.3982827184304, 511.2223846121238, 525.4552199188373, 0, 0, 0]","[3234.6017172815696, 7590.777615387876, 15585.544780081163, 4029, 8102, 16111]","[4029, 8102, 16111, 4029, 8102, 16111]","[1355, 654, 1523, 0, 0, 0]","[14.150812572759019, 2.8922724097788124, 0.331360302677532, 0.0, 0.0, 0.0]","[607.7774, 496.8924, 113.8554, 0, 0, 0]","[0.044000000000000004, 0.004666666666666666, 0.009866666666666668, 0, 0, 0]","[0.016266666666666665, 0.015066666666666666, 0.0009333333333333333, 0, 0, 0]","[3687.2226, 16683.1076, 34246.1446, 4295, 17180, 34360]","[371.956, 359.99533333333335, 376.53013333333337, 372.0, 360.0, 376.54]","[199.98373333333333, 304.98493333333334, 266.7490666666667, 200.0, 305.0, 266.75]","[(25, 0.12278333333333331, 0.046494444444444435), (8, 0.0, 0.0015777777777777778), (8, 0.09475, 0.019438888888888887), (0, 0, 0), (0, 0, 0), (0, 0, 0)]","[(4001, 66.97721666666666, 10.063505555555555), (16097, 51.900000000000006, 6.188422222222222), (32204, 58.105250000000005, 11.62056111111111), (4026, 67.1, 10.11), (16105, 51.900000000000006, 6.1899999999999995), (32212, 58.2, 11.639999999999999)]","[0, 0, 0, 0, 0, 0]","[0, 0, 0, 0, 0, 0]"
900,"[34.102755026061054, 14.86052826462602, 3.4882999193097883, 0.0, 0.0, 0.0]","[9, 7, 2, 0, 0, 0]","[833.7659689872684, 611.587238445968, 314.81208771141354, 0, 0, 0]","[3195.2340310127315, 7490.412761554032, 15796.187912288586, 4029, 8102, 16111]","[4029, 8102, 16111, 4029, 8102, 16111]","[1374, 1204, 562, 0, 0, 0]","[14.14065968180054, 4.609623981373689, 0.033568102444703145, 0.0, 0.0, 0.0]","[607.3413333333332, 791.9333999999999, 11.534, 0, 0, 0]","[0.042, 0.012533333333333332, 0.009733333333333333, 0, 0, 0]","[0.029599999999999994, 0.0172, 0.0008, 0, 0, 0]","[3687.6586666666667, 16388.0666, 34348.466, 4295, 17180, 34360]","[371.958, 359.98746666666665, 376.5302666666667, 372.0, 360.0, 376.54]","[199.9704, 304.9828, 266.7492, 200.0, 305.0, 266.75]","[(23, 0.030416666666666668, 0.04428888888888889), (13, 8.333333333333333e-05, 0.002333333333333333), (3, 0.0, 0.0010166666666666666), (0, 0, 0), (0, 0, 0), (0, 0, 0)]","[(4003, 67.06958333333333, 10.06571111111111), (16092, 51.89991666666667, 6.187666666666666), (32209, 58.2, 11.638983333333332), (4026, 67.1, 10.11), (16105, 51.900000000000006, 6.1899999999999995), (32212, 58.2, 11.639999999999999)]","[0, 0, 0, 0, 0, 0]","[0, 0, 0, 0, 0, 0]"
901,"[28.12112186646811, 17.822759812392004, 6.746943082366085, 0.0, 0.0, 0.0]","[7, 7, 4, 0, 0, 0]","[901.6095313153177, 1144.8535115361967, 585.5940912149587, 0, 0, 0]","[3127.390468684682, 6957.1464884638035, 15525.405908785042, 4029, 8102, 16111]","[4029, 8102, 16111, 4029, 8102, 16111]","[1133, 1444, 1087, 0, 0, 0]","[11.881373690337602, 2.8187629025999223, 0.20331664726426077, 0.0, 0.0, 0.0]","[510.305, 484.26346666666666, 69.8596, 0, 0, 0]","[0.02, 0.008, 0.0002666666666666667, 0, 0, 0]","[0.0056, 0.011466666666666667, 0.0005333333333333334, 0, 0, 0]","[3784.695, 16695.736533333333, 34290.1404, 4295, 17180, 34360]","[371.98, 359.992, 376.53973333333334, 372.0, 360.0, 376.54]","[199.9944, 304.98853333333335, 266.74946666666665, 200.0, 305.0, 266.75]","[(17, 0.04696666666666666, 0.03381111111111111), (15, 0.011466666666666665, 0.0021000000000000003), (8, 0.0, 0.0017500000000000003), (0, 0, 0), (0, 0, 0), (0, 0, 0)]","[(4009, 67.05303333333333, 10.076188888888888), (16090, 51.88853333333334, 6.187899999999999), (32204, 58.2, 11.63825), (4026, 67.1, 10.11), (16105, 51.900000000000006, 6.1899999999999995), (32212, 58.2, 11.639999999999999)]","[0, 0, 0, 0, 0, 0]","[0, 0, 0, 0, 0, 0]"
902,"[35.39339786547531, 22.90792396939027, 4.735894730308485, 0.0, 0.0, 0.0]","[9, 9, 3, 0, 0, 0]","[856.4738702541104, 1077.6027978276534, 538.2776464022648, 0, 0, 0]","[3172.5261297458896, 7024.397202172347, 15572.722353597735, 4029, 8102, 16111]","[4029, 8102, 16111, 4029, 8102, 16111]","[1426, 1856, 763, 0, 0, 0]","[16.51795576251455, 2.9064982537834694, 0.16351726814124953, 0.0, 0.0, 0.0]","[709.4461999999999, 499.3364, 56.184533333333334, 0, 0, 0]","[0.6017333333333333, 0.021733333333333334, 0.0, 0, 0, 0]","[0.1336, 0.015333333333333334, 0.0006666666666666666, 0, 0, 0]","[3585.5538, 16680.6636, 34303.81546666667, 4295, 17180, 34360]","[371.39826666666664, 359.9782666666667, 376.54, 372.0, 360.0, 376.54]","[199.8664, 304.98466666666667, 266.7493333333333, 200.0, 305.0, 266.75]","[(17, 0.00015000000000000001, 0.008788888888888888), (17, 3.3333333333333335e-05, 0.002138888888888889), (7, 0.0, 0.0013055555555555555), (0, 0, 0), (0, 0, 0), (0, 0, 0)]","[(4009, 67.09984999999999, 10.10121111111111), (16088, 51.89996666666667, 6.18786111111111), (32205, 58.2, 11.638694444444443), (4026, 67.1, 10.11), (16105, 51.900000000000006, 6.1899999999999995), (32212, 58.2, 11.639999999999999)]","[0, 0, 0, 0, 0, 0]","[0, 0, 0, 0, 0, 0]"
903,"[30.15636634400596, 22.59935818316465, 9.080752281050215, 0.0, 0.0, 0.0]","[9, 9, 6, 0, 0, 0]","[742.8701270007166, 966.345192384492, 461.6248087698255, 0, 0, 0]","[3286.129872999283, 7135.654807615508, 15649.375191230174, 4029, 8102, 16111]","[4029, 8102, 16111, 4029, 8102, 16111]","[1215, 1831, 1463, 0, 0, 0]","[18.018373302289483, 1.3198548700038804, 0.24527376794722544, 0.0, 0.0, 0.0]","[773.8891333333333, 226.75106666666665, 84.27606666666667, 0, 0, 0]","[0.6039999999999999, 0.04226666666666667, 0.0013333333333333333, 0, 0, 0]","[0.11973333333333334, 0.019066666666666666, 0.00013333333333333337, 0, 0, 0]","[3521.110866666667, 16953.248933333332, 34275.723933333335, 4295, 17180, 34360]","[371.396, 359.95773333333335, 376.5386666666667, 372.0, 360.0, 376.54]","[199.88026666666667, 304.9809333333333, 266.74986666666666, 200.0, 305.0, 266.75]","[(17, 3.333333333333334e-05, 0.04993888888888889), (18, 0.008983333333333333, 0.05106111111111111), (11, 0.0, 0.003294444444444444), (0, 0, 0), (0, 0, 0), (0, 0, 0)]","[(4009, 67.09996666666666, 10.06006111111111), (16087, 51.89101666666667, 6.138938888888888), (32201, 58.2, 11.636705555555555), (4026, 67.1, 10.11), (16105, 51.900000000000006, 6.1899999999999995), (32212, 58.2, 11.639999999999999)]","[0, 0, 0, 0, 0, 0]","[0, 0, 0, 0, 0, 0]"
904,"[34.102755026061054, 20.84670451740311, 7.982124014648377, 0.0, 0.0, 0.0]","[11, 9, 5, 0, 0, 0]","[1113.8503780580818, 704.2805641427842, 679.4070942247279, 0, 0, 0]","[2915.149621941918, 7397.719435857216, 15431.592905775273, 4029, 8102, 16111]","[4029, 8102, 16111, 4029, 8102, 16111]","[1374, 1689, 1286, 0, 0, 0]","[14.201648428405122, 1.4737147846332943, 0.24540415211486222, 0.0, 0.0, 0.0]","[609.9608000000001, 253.18419999999998, 84.32086666666666, 0, 0, 0]","[0.0804, 0.030266666666666664, 0.008666666666666666, 0, 0, 0]","[0.07026666666666666, 0.0029333333333333334, 0.009733333333333332, 0, 0, 0]","[3685.0392, 16926.8158, 34275.67913333333, 4295, 17180, 34360]","[371.9196, 359.96973333333335, 376.53133333333335, 372.0, 360.0, 376.54]","[199.92973333333333, 304.9970666666667, 266.7402666666667, 200.0, 305.0, 266.75]","[(23, 3.333333333333334e-05, 0.013394444444444447), (17, 0.0, 0.003844444444444444), (8, 0.0, 0.002861111111111111), (0, 0, 0), (0, 0, 0), (0, 0, 0)]","[(4003, 67.09996666666666, 10.096605555555556), (16088, 51.900000000000006, 6.186155555555555), (32204, 58.2, 11.637138888888888), (4026, 67.1, 10.11), (16105, 51.900000000000006, 6.1899999999999995), (32212, 58.2, 11.639999999999999)]","[0, 0, 0, 0, 0, 0]","[0, 0, 0, 0, 0, 0]"
905,"[40.48150905931993, 10.898543569489014, 15.095276519148406, 0.0, 0.0, 0.0]","[13, 5, 9, 0, 0, 0]","[453.443456997882, 455.7666966846576, 1003.7344881966034, 0, 0, 0]","[3575.556543002118, 7646.233303315343, 15107.265511803396, 4029, 8102, 16111]","[4029, 8102, 16111, 4029, 8102, 16111]","[1631, 883, 2432, 0, 0, 0]","[12.615745440434614, 0.9472999611951881, 0.4463059759410167, 0.0, 0.0, 0.0]","[541.8462666666667, 162.74613333333332, 153.35073333333332, 0, 0, 0]","[0.08893333333333332, 0.018533333333333332, 12.1308, 0, 0, 0]","[0.07986666666666667, 0.0004000000000000001, 12.07066666666667, 0, 0, 0]","[3753.1537333333335, 17017.253866666666, 34206.64926666667, 4295, 17180, 34360]","[371.91106666666667, 359.9814666666667, 364.4092, 372.0, 360.0, 376.54]","[199.92013333333333, 304.9996, 254.67933333333332, 200.0, 305.0, 266.75]","[(27, 3.3333333333333335e-05, 0.012061111111111113), (10, 0.0, 0.0028444444444444446), (14, 0.0, 0.004327777777777778), (0, 0, 0), (0, 0, 0), (0, 0, 0)]","[(3999, 67.09996666666666, 10.097938888888889), (16095, 51.900000000000006, 6.187155555555555), (32198, 58.2, 11.63567222222222), (4026, 67.1, 10.11), (16105, 51.900000000000006, 6.1899999999999995), (32212, 58.2, 11.639999999999999)]","[0, 0, 0, 0, 0, 0]","[0, 0, 0, 0, 0, 0]"
906,"[17.969719533382975, 23.512712910392498, 14.226305009000061, 0.0, 0.0, 0.0]","[6, 11, 7, 0, 0, 0]","[444.57755747025374, 1142.6508519790125, 1252.7858164923666, 0, 0, 0]","[3584.422442529746, 6959.349148020988, 14858.214183507633, 4029, 8102, 16111]","[4029, 8102, 16111, 4029, 8102, 16111]","[724, 1905, 2292, 0, 0, 0]","[5.098381063251844, 1.7824408226620099, 0.2354825378346915, 0.0, 0.0, 0.0]","[218.97546666666668, 306.2233333333333, 80.9118, 0, 0, 0]","[0.04693333333333333, 0.25253333333333333, 8.274266666666666, 0, 0, 0]","[0.030799999999999998, 0.29413333333333336, 8.288933333333334, 0, 0, 0]","[4076.0245333333332, 16873.77666666667, 34279.0882, 4295, 17180, 34360]","[371.95306666666664, 359.74746666666664, 368.26573333333334, 372.0, 360.0, 376.54]","[199.9692, 304.7058666666667, 258.4610666666667, 200.0, 305.0, 266.75]","[(12, 0.0, 0.007705555555555557), (20, 0.0006333333333333333, 0.004983333333333333), (13, 0.0, 0.0025611111111111112), (0, 0, 0), (0, 0, 0), (0, 0, 0)]","[(4014, 67.1, 10.102294444444444), (16085, 51.89936666666667, 6.185016666666666), (32199, 58.2, 11.637438888888887), (4026, 67.1, 10.11), (16105, 51.900000000000006, 6.1899999999999995), (32212, 58.2, 11.639999999999999)]","[0, 0, 2, 0, 0, 0]","[0, 2, 2, 0, 0, 0]"
907,"[19.26036237279722, 24.586521846457664, 16.795977903295885, 0.0, 0.0, 0.0]","[6, 11, 8, 0, 0, 0]","[391.3716940864433, 1033.0814377883685, 758.2371707406464, 0, 0, 0]","[3637.6283059135567, 7068.918562211631, 15352.762829259354, 4029, 8102, 16111]","[4029, 8102, 16111, 4029, 8102, 16111]","[776, 1992, 2706, 0, 0, 0]","[9.81637407838572, 1.940869615832363, 0.3253812572759022, 0.0, 0.0, 0.0]","[421.6132666666667, 333.4414, 111.801, 0, 0, 0]","[0.0424, 0.2518666666666667, 24.227200000000007, 0, 0, 0]","[0.039466666666666664, 0.25173333333333336, 24.281733333333328, 0, 0, 0]","[3873.3867333333333, 16846.5586, 34248.199, 4295, 17180, 34360]","[371.9576, 359.7481333333333, 352.31280000000004, 372.0, 360.0, 376.54]","[199.96053333333333, 304.74826666666667, 242.46826666666666, 200.0, 305.0, 266.75]","[(12, 0.0037166666666666667, 0.0096), (22, 0.06616666666666667, 0.02504444444444445), (16, 0.0, 0.002083333333333333), (0, 0, 0), (0, 0, 0), (0, 0, 0)]","[(4014, 67.09628333333333, 10.100399999999999), (16083, 51.83383333333334, 6.164955555555555), (32196, 58.2, 11.637916666666666), (4026, 67.1, 10.11), (16105, 51.900000000000006, 6.1899999999999995), (32212, 58.2, 11.639999999999999)]","[0, 0, 2, 0, 0, 0]","[0, 2, 2, 0, 0, 0]"
908,"[15.313973690742118, 25.215996050357937, 13.419402892433741, 0.0, 0.0, 0.0]","[5, 10, 7, 0, 0, 0]","[481.46997236138867, 1244.699661084046, 1138.4092753860155, 0, 0, 0]","[3547.5300276386115, 6857.300338915954, 14972.590724613985, 4029, 8102, 16111]","[4029, 8102, 16111, 4029, 8102, 16111]","[617, 2043, 2162, 0, 0, 0]","[8.498010089251066, 3.2653298409002716, 0.4806414435389988, 0.0, 0.0, 0.0]","[364.98953333333327, 560.9836666666666, 165.14839999999998, 0, 0, 0]","[0.013466666666666667, 1.2401333333333335, 20.564133333333334, 0, 0, 0]","[0.0168, 0.5038666666666667, 20.60093333333333, 0, 0, 0]","[3930.0104666666666, 16619.016333333333, 34194.8516, 4295, 17180, 34360]","[371.98653333333334, 358.75986666666665, 355.97586666666666, 372.0, 360.0, 376.54]","[199.9832, 304.4961333333333, 246.14906666666667, 200.0, 305.0, 266.75]","[(12, 0.0004, 0.0029166666666666664), (19, 0.038183333333333326, 0.019033333333333336), (14, 0.0, 0.003238888888888889), (0, 0, 0), (0, 0, 0), (0, 0, 0)]","[(4014, 67.0996, 10.107083333333334), (16086, 51.86181666666667, 6.170966666666666), (32198, 58.2, 11.63676111111111), (4026, 67.1, 10.11), (16105, 51.900000000000006, 6.1899999999999995), (32212, 58.2, 11.639999999999999)]","[0, 2, 2, 0, 0, 0]","[0, 4, 4, 0, 0, 0]"
909,"[17.27475800446761, 21.14292767217971, 15.331140214760103, 0.0, 0.0, 0.0]","[6, 8, 8, 0, 0, 0]","[334.0992270257002, 429.347699040684, 1110.8842792678531, 0, 0, 0]","[3694.9007729743, 7672.652300959316, 15000.115720732147, 4029, 8102, 16111]","[4029, 8102, 16111, 4029, 8102, 16111]","[696, 1713, 2470, 0, 0, 0]","[8.693308498253781, 3.3680811020566552, 0.4174433449747769, 0.0, 0.0, 0.0]","[373.3775999999999, 578.6363333333334, 143.43353333333334, 0, 0, 0]","[0.0054666666666666665, 0.02213333333333333, 21.9308, 0, 0, 0]","[0.008533333333333332, 0.06573333333333334, 21.980666666666668, 0, 0, 0]","[3921.6224, 16601.363666666668, 34216.56646666666, 4295, 17180, 34360]","[371.9945333333333, 359.97786666666667, 354.60920000000004, 372.0, 360.0, 376.54]","[199.99146666666667, 304.93426666666664, 244.76933333333332, 200.0, 305.0, 266.75]","[(15, 0.00026666666666666673, 0.0034833333333333335), (14, 0.0, 0.005016666666666667), (14, 0.0, 0.0030055555555555556), (0, 0, 0), (0, 0, 0), (0, 0, 0)]","[(4011, 67.09973333333333, 10.106516666666666), (16091, 51.900000000000006, 6.184983333333333), (32198, 58.2, 11.636994444444444), (4026, 67.1, 10.11), (16105, 51.900000000000006, 6.1899999999999995), (32212, 58.2, 11.639999999999999)]","[0, 2, 2, 0, 0, 0]","[0, 4, 4, 0, 0, 0]"
910,"[21.965748324646313, 20.94544556899531, 18.39736825771212, 0.0, 0.0, 0.0]","[8, 6, 10, 0, 0, 0]","[326.5689582160689, 528.3029695979498, 1498.0565088063329, 0, 0, 0]","[3702.431041783931, 7573.697030402051, 14612.943491193668, 4029, 8102, 16111]","[4029, 8102, 16111, 4029, 8102, 16111]","[885, 1697, 2964, 0, 0, 0]","[9.367709740007758, 2.300741948001552, 0.7142213814512999, 0.0, 0.0, 0.0]","[402.34313333333324, 395.2674666666666, 245.40646666666666, 0, 0, 0]","[0.0048, 0.026533333333333332, 30.290800000000004, 0, 0, 0]","[0.008133333333333333, 0.04933333333333333, 30.361600000000003, 0, 0, 0]","[3892.6568666666667, 16784.732533333332, 34114.59353333333, 4295, 17180, 34360]","[371.9952, 359.97346666666664, 346.24920000000003, 372.0, 360.0, 376.54]","[199.99186666666665, 304.9506666666667, 236.3884, 200.0, 305.0, 266.75]","[(19, 0.0, 0.004277777777777778), (12, 0.0, 0.004838888888888888), (20, 0.0003333333333333333, 0.003894444444444444), (0, 0, 0), (0, 0, 0), (0, 0, 0)]","[(4007, 67.1, 10.105722222222221), (16093, 51.900000000000006, 6.18516111111111), (32192, 58.19966666666667, 11.636105555555554), (4026, 67.1, 10.11), (16105, 51.900000000000006, 6.1899999999999995), (32212, 58.2, 11.639999999999999)]","[0, 4, 2, 0, 0, 0]","[0, 6, 4, 0, 0, 0]"
911,"[30.032266070985358, 27.0797333991607, 16.88287505431072, 0.0, 0.0, 0.0]","[10, 8, 9, 0, 0, 0]","[696.0015965228588, 862.5067114789478, 1408.0166820122042, 0, 0, 0]","[3332.9984034771414, 7239.493288521052, 14702.983317987795, 4029, 8102, 16111]","[4029, 8102, 16111, 4029, 8102, 16111]","[1210, 2194, 2720, 0, 0, 0]","[4.632412883197516, 2.4268777648428403, 0.5944398525417152, 0.0, 0.0, 0.0]","[198.96213333333333, 416.9376, 204.24953333333335, 0, 0, 0]","[0.027999999999999997, 0.042666666666666665, 24.226666666666674, 0, 0, 0]","[0.024133333333333333, 0.06813333333333334, 24.29506666666666, 0, 0, 0]","[4096.037866666667, 16763.0624, 34155.750466666665, 4295, 17180, 34360]","[371.972, 359.95733333333334, 352.31333333333333, 372.0, 360.0, 376.54]","[199.97586666666666, 304.9318666666667, 242.45493333333334, 200.0, 305.0, 266.75]","[(23, 0.008966666666666666, 0.006366666666666667), (16, 0.00065, 0.00606111111111111), (15, 0.00065, 0.0023888888888888887), (0, 0, 0), (0, 0, 0), (0, 0, 0)]","[(4003, 67.09103333333333, 10.103633333333333), (16089, 51.899350000000005, 6.183938888888888), (32197, 58.19935, 11.63761111111111), (4026, 67.1, 10.11), (16105, 51.900000000000006, 6.1899999999999995), (32212, 58.2, 11.639999999999999)]","[0, 4, 2, 0, 0, 0]","[0, 6, 4, 0, 0, 0]"
912,"[26.209977661950855, 21.932856084917304, 14.139407857985228, 0.0, 0.0, 0.0]","[8, 9, 9, 0, 0, 0]","[708.747375377176, 779.3115880862623, 857.6823970704436, 0, 0, 0]","[3320.252624622824, 7322.688411913738, 15253.317602929557, 4029, 8102, 16111]","[4029, 8102, 16111, 4029, 8102, 16111]","[1056, 1777, 2278, 0, 0, 0]","[3.5409375242530063, 1.132682964687621, 0.8646455180442375, 0.0, 0.0, 0.0]","[152.08326666666665, 194.5949333333333, 297.0922, 0, 0, 0]","[0.004533333333333334, 0.038, 20.557466666666663, 0, 0, 0]","[0.007200000000000001, 0.01, 20.62253333333333, 0, 0, 0]","[4142.9167333333335, 16985.405066666666, 34062.9078, 4295, 17180, 34360]","[371.9954666666667, 359.962, 355.9825333333334, 372.0, 360.0, 376.54]","[199.9928, 304.99, 246.12746666666666, 200.0, 305.0, 266.75]","[(17, 0.0, 0.0027666666666666664), (17, 0.0, 0.0031333333333333335), (16, 0.0, 0.003033333333333333), (0, 0, 0), (0, 0, 0), (0, 0, 0)]","[(4009, 67.1, 10.107233333333333), (16088, 51.900000000000006, 6.186866666666666), (32196, 58.2, 11.636966666666666), (4026, 67.1, 10.11), (16105, 51.900000000000006, 6.1899999999999995), (32212, 58.2, 11.639999999999999)]","[0, 0, 0, 0, 0, 0]","[0, 0, 0, 0, 0, 0]"
913,"[30.05708612558948, 17.884472969637127, 12.997331016075972, 0.0, 0.0, 0.0]","[10, 7, 9, 0, 0, 0]","[781.562739347514, 1112.4863236139622, 1052.1834171789537, 0, 0, 0]","[3247.4372606524857, 6989.513676386037, 15058.816582821046, 4029, 8102, 16111]","[4029, 8102, 16111, 4029, 8102, 16111]","[1211, 1449, 2094, 0, 0, 0]","[3.7881226232052776, 0.9605172681412496, 0.5615069848661234, 0.0, 0.0, 0.0]","[162.69986666666668, 165.0168666666667, 192.9338, 0, 0, 0]","[0.010533333333333334, 0.018266666666666667, 0.0632, 0, 0, 0]","[0.024666666666666667, 0.009733333333333333, 0.07533333333333334, 0, 0, 0]","[4132.300133333333, 17014.983133333335, 34167.0662, 4295, 17180, 34360]","[371.98946666666666, 359.98173333333335, 376.4768, 372.0, 360.0, 376.54]","[199.97533333333334, 304.9902666666667, 266.67466666666667, 200.0, 305.0, 266.75]","[(20, 0.0, 0.003427777777777778), (10, 0.00065, 0.002191025641025641), (16, 0.0007, 0.008168803418803418), (0, 0, 0), (0, 0, 0), (0, 0, 0)]","[(4006, 67.1, 10.106572222222221), (16095, 51.899350000000005, 6.1878089743589735), (32196, 58.1993, 11.631831196581196), (4026, 67.1, 10.11), (16105, 51.900000000000006, 6.1899999999999995), (32212, 58.2, 11.639999999999999)]","[0, 0, 0, 0, 0, 0]","[0, 0, 0, 0, 0, 0]"
914,"[27.624720774385704, 21.007158726240434, 10.545589969585997, 0.0, 0.0, 0.0]","[10, 8, 7, 0, 0, 0]","[721.5011975643539, 872.4083245658198, 710.4175220425332, 0, 0, 0]","[3307.498802435646, 7229.59167543418, 15400.582477957467, 4029, 8102, 16111]","[4029, 8102, 16111, 4029, 8102, 16111]","[1113, 1702, 1699, 0, 0, 0]","[4.060721769499418, 6.452357780364763, 0.37713581684128833, 0.0, 0.0, 0.0]","[174.40800000000002, 1108.5150666666664, 129.58386666666667, 0, 0, 0]","[0.011733333333333333, 0.21920000000000003, 0.04746666666666668, 0, 0, 0]","[0.022133333333333335, 1.4944, 0.05533333333333332, 0, 0, 0]","[4120.592, 16071.484933333333, 34230.41613333333, 4295, 17180, 34360]","[371.9882666666667, 359.7808, 376.49253333333337, 372.0, 360.0, 376.54]","[199.97786666666667, 303.5056, 266.69466666666665, 200.0, 305.0, 266.75]","[(20, 3.3333333333333335e-05, 0.0021444444444444445), (11, 0.0, 0.025355555555555558), (15, 0.0, 0.0007722222222222221), (0, 0, 0), (0, 0, 0), (0, 0, 0)]","[(4006, 67.09996666666666, 10.107855555555554), (16094, 51.900000000000006, 6.164644444444444), (32197, 58.2, 11.639227777777776), (4026, 67.1, 10.11), (16105, 51.900000000000006, 6.1899999999999995), (32212, 58.2, 11.639999999999999)]","[0, 0, 0, 0, 0, 0]","[0, 0, 0, 0, 0, 0]"
915,"[31.744849838669648, 17.452480868921256, 9.881447458258332, 0.0, 0.0, 0.0]","[10, 7, 7, 0, 0, 0]","[752.8427494359225, 940.9569266726965, 954.5908942496917, 0, 0, 0]","[3276.1572505640775, 7161.043073327303, 15156.409105750308, 4029, 8102, 16111]","[4029, 8102, 16111, 4029, 8102, 16111]","[1279, 1414, 1592, 0, 0, 0]","[3.7220131936360104, 5.5866852929763295, 1.240267559177338, 0.0, 0.0, 0.0]","[159.86046666666664, 959.7925333333334, 426.15593333333334, 0, 0, 0]","[0.013866666666666666, 0.16293333333333335, 0.6365333333333334, 0, 0, 0]","[0.015199999999999998, 0.7814666666666665, 0.1696, 0, 0, 0]","[4135.139533333333, 16220.207466666667, 33933.844066666665, 4295, 17180, 34360]","[371.9861333333333, 359.83706666666666, 375.9034666666667, 372.0, 360.0, 376.54]","[199.9848, 304.2185333333333, 266.5804, 200.0, 305.0, 266.75]","[(19, 0.0, 0.002738888888888889), (10, 0.00065, 0.024983333333333337), (15, 0.0, 0.003666666666666666), (0, 0, 0), (0, 0, 0), (0, 0, 0)]","[(4007, 67.1, 10.10726111111111), (16095, 51.899350000000005, 6.165016666666666), (32197, 58.2, 11.636333333333333), (4026, 67.1, 10.11), (16105, 51.900000000000006, 6.1899999999999995), (32212, 58.2, 11.639999999999999)]","[0, 0, 0, 0, 0, 0]","[0, 0, 0, 0, 0, 0]"
916,"[34.22685529908166, 18.74845717106887, 8.875923282229532, 0.0, 0.0, 0.0]","[12, 9, 6, 0, 0, 0]","[535.8758527074293, 638.8357987372067, 374.3114007630692, 0, 0, 0]","[3493.124147292571, 7463.1642012627935, 15736.688599236932, 4029, 8102, 16111]","[4029, 8102, 16111, 4029, 8102, 16111]","[1379, 1519, 1430, 0, 0, 0]","[11.25365463717501, 4.639626309662397, 1.5350151338766005, 0.0, 0.0, 0.0]","[483.3444666666667, 797.0877999999999, 527.4312, 0, 0, 0]","[0.0352, 0.1748, 0.6447999999999999, 0, 0, 0]","[0.0404, 0.6206666666666668, 0.1630666666666667, 0, 0, 0]","[3811.6555333333336, 16382.9122, 33832.5688, 4295, 17180, 34360]","[371.9648, 359.8252, 375.89520000000005, 372.0, 360.0, 376.54]","[199.9596, 304.3793333333333, 266.5869333333333, 200.0, 305.0, 266.75]","[(25, 0.0509, 0.0398), (14, 0.0, 0.0165), (13, 0.0, 0.006566666666666667), (0, 0, 0), (0, 0, 0), (0, 0, 0)]","[(4001, 67.0491, 10.0702), (16091, 51.900000000000006, 6.1735), (32199, 58.2, 11.633433333333333), (4026, 67.1, 10.11), (16105, 51.900000000000006, 6.1899999999999995), (32212, 58.2, 11.639999999999999)]","[0, 0, 0, 0, 0, 0]","[0, 0, 0, 0, 0, 0]"
917,"[22.412509307520477, 21.969883979264377, 8.410402830364347, 0.0, 0.0, 0.0]","[7, 12, 6, 0, 0, 0]","[700.6197883391504, 1158.4476834374368, 827.5734451925168, 0, 0, 0]","[3328.3802116608495, 6943.552316562564, 15283.426554807484, 4029, 8102, 16111]","[4029, 8102, 16111, 4029, 8102, 16111]","[903, 1780, 1355, 0, 0, 0]","[10.631166472642608, 2.282672875436554, 1.4723277066356228, 0.0, 0.0, 0.0]","[456.60859999999997, 392.1632, 505.8918, 0, 0, 0]","[1.1735999999999998, 0.0204, 0.5446666666666666, 0, 0, 0]","[1.1565333333333334, 0.021333333333333333, 0.1164, 0, 0, 0]","[3838.3914, 16787.8368, 33854.1082, 4295, 17180, 34360]","[370.8264, 359.9796, 375.99533333333335, 372.0, 360.0, 376.54]","[198.84346666666667, 304.97866666666664, 266.6336, 200.0, 305.0, 266.75]","[(14, 3.333333333333334e-05, 0.08415555555555557), (20, 0.0, 0.009527777777777777), (12, 0.0, 0.0076166666666666666), (0, 0, 0), (0, 0, 0), (0, 0, 0)]","[(4012, 67.09996666666666, 10.025844444444443), (16085, 51.900000000000006, 6.180472222222222), (32200, 58.2, 11.632383333333332), (4026, 67.1, 10.11), (16105, 51.900000000000006, 6.1899999999999995), (32212, 58.2, 11.639999999999999)]","[0, 0, 0, 0, 0, 0]","[0, 0, 0, 0, 0, 0]"
918,"[34.4005956813105, 19.79758084423599, 10.365588728198126, 0.0, 0.0, 0.0]","[10, 11, 7, 0, 0, 0]","[898.5457059331354, 957.3624375518262, 925.5903670404792, 0, 0, 0]","[3130.4542940668643, 7144.637562448173, 15185.409632959521, 4029, 8102, 16111]","[4029, 8102, 16111, 4029, 8102, 16111]","[1386, 1604, 1670, 0, 0, 0]","[12.673771051610396, 2.0779530461777265, 0.5412927823050058, 0.0, 0.0, 0.0]","[544.3384666666666, 356.99233333333336, 185.98819999999998, 0, 0, 0]","[0.055733333333333336, 0.017333333333333333, 0.03013333333333334, 0, 0, 0]","[0.03266666666666667, 0.018533333333333332, 0.02813333333333333, 0, 0, 0]","[3750.6615333333334, 16823.00766666667, 34174.0118, 4295, 17180, 34360]","[371.9442666666667, 359.98266666666666, 376.5098666666667, 372.0, 360.0, 376.54]","[199.96733333333333, 304.9814666666667, 266.72186666666664, 200.0, 305.0, 266.75]","[(18, 0.009, 0.024672222222222227), (19, 0.0, 0.009255555555555555), (13, 0.0, 0.005494444444444444), (0, 0, 0), (0, 0, 0), (0, 0, 0)]","[(4008, 67.091, 10.085327777777778), (16086, 51.900000000000006, 6.180744444444444), (32199, 58.2, 11.634505555555554), (4026, 67.1, 10.11), (16105, 51.900000000000006, 6.1899999999999995), (32212, 58.2, 11.639999999999999)]","[0, 0, 0, 0, 0, 0]","[0, 0, 0, 0, 0, 0]"
919,"[30.97542814594192, 19.303875586274994, 11.12904226925703, 0.0, 0.0, 0.0]","[10, 11, 7, 0, 0, 0]","[684.9772527911398, 571.071349659209, 1175.5545341533614, 0, 0, 0]","[3344.02274720886, 7530.928650340791, 14935.445465846638, 4029, 8102, 16111]","[4029, 8102, 16111, 4029, 8102, 16111]","[1248, 1564, 1793, 0, 0, 0]","[10.601631354287932, 1.7969398525417148, 1.1367603802871555, 0.0, 0.0, 0.0]","[455.34006666666664, 308.7142666666666, 390.5908666666666, 0, 0, 0]","[0.03186666666666667, 0.09399999999999999, 1.0834666666666668, 0, 0, 0]","[0.022, 0.08906666666666663, 0.34080000000000005, 0, 0, 0]","[3839.6599333333334, 16871.285733333334, 33969.409133333334, 4295, 17180, 34360]","[371.96813333333336, 359.906, 375.45653333333337, 372.0, 360.0, 376.54]","[199.978, 304.91093333333333, 266.4092, 200.0, 305.0, 266.75]","[(17, 5.000000000000001e-05, 0.01715), (18, 0.0, 0.004383333333333333), (12, 0.0, 0.00576111111111111), (0, 0, 0), (0, 0, 0), (0, 0, 0)]","[(4009, 67.09994999999999, 10.092849999999999), (16087, 51.900000000000006, 6.185616666666666), (32200, 58.2, 11.634238888888888), (4026, 67.1, 10.11), (16105, 51.900000000000006, 6.1899999999999995), (32212, 58.2, 11.639999999999999)]","[0, 0, 0, 0, 0, 0]","[0, 0, 0, 0, 0, 0]"
920,"[22.486969471332838, 19.563070846704516, 17.06908323505679, 0.0, 0.0, 0.0]","[7, 10, 11, 0, 0, 0]","[580.882167093851, 1035.6417154991752, 1894.3578854311256, 0, 0, 0]","[3448.117832906149, 7066.358284500825, 14216.642114568875, 4029, 8102, 16111]","[4029, 8102, 16111, 4029, 8102, 16111]","[906, 1585, 2750, 0, 0, 0]","[4.220470314318976, 8.940291036088475, 4.57237407838572, 0.0, 0.0, 0.0]","[181.26919999999998, 1535.9419999999998, 1571.0677333333333, 0, 0, 0]","[0.021599999999999998, 0.2910666666666667, 0.05453333333333333, 0, 0, 0]","[0.029333333333333333, 0.1056, 0.0916, 0, 0, 0]","[4113.7308, 15644.058, 32788.93226666667, 4295, 17180, 34360]","[371.9784, 359.70893333333333, 376.4854666666667, 372.0, 360.0, 376.54]","[199.97066666666666, 304.8944, 266.6584, 200.0, 305.0, 266.75]","[(10, 0.0002833333333333333, 0.0017055555555555556), (15, 0.05751666666666666, 0.0162), (19, 0.00035, 0.009957692307692306), (0, 0, 0), (0, 0, 0), (0, 0, 0)]","[(4016, 67.09971666666667, 10.108294444444445), (16090, 51.84248333333334, 6.173799999999999), (32193, 58.199650000000005, 11.630042307692307), (4026, 67.1, 10.11), (16105, 51.900000000000006, 6.1899999999999995), (32212, 58.2, 11.639999999999999)]","[0, 0, 0, 0, 0, 0]","[0, 0, 0, 0, 0, 0]"
921,"[19.012161826756017, 19.87163663293014, 18.36012662156291, 0.0, 0.0, 0.0]","[6, 10, 12, 0, 0, 0]","[366.33760988862656, 1016.0541435067627, 1449.4781016368318, 0, 0, 0]","[3662.6623901113735, 7085.945856493237, 14661.521898363168, 4029, 8102, 16111]","[4029, 8102, 16111, 4029, 8102, 16111]","[766, 1610, 2958, 0, 0, 0]","[4.887807528133488, 8.120643383779589, 4.160139309274349, 0.0, 0.0, 0.0]","[209.9313333333333, 1395.1265333333333, 1429.4238666666665, 0, 0, 0]","[0.010266666666666665, 0.09026666666666666, 0.06080000000000001, 0, 0, 0]","[0.008266666666666665, 0.09413333333333333, 0.0712, 0, 0, 0]","[4085.0686666666666, 15784.873466666666, 32930.576133333336, 4295, 17180, 34360]","[371.98973333333333, 359.90973333333335, 376.47920000000005, 372.0, 360.0, 376.54]","[199.99173333333334, 304.90586666666667, 266.6788, 200.0, 305.0, 266.75]","[(10, 0.0005499999999999999, 0.002088888888888889), (15, 0.03375, 0.00487991452991453), (22, 1.666666666666667e-05, 0.021333333333333336), (0, 0, 0), (0, 0, 0), (0, 0, 0)]","[(4016, 67.09944999999999, 10.107911111111111), (16090, 51.86625000000001, 6.185120085470085), (32190, 58.199983333333336, 11.618666666666666), (4026, 67.1, 10.11), (16105, 51.900000000000006, 6.1899999999999995), (32212, 58.2, 11.639999999999999)]","[0, 0, 0, 0, 0, 0]","[0, 0, 0, 0, 0, 0]"
922,"[18.88806155373542, 21.809429770427055, 16.15666314940103, 0.0, 0.0, 0.0]","[6, 10, 11, 0, 0, 0]","[171.0963351333702, 757.6184989576357, 1040.8594772463903, 0, 0, 0]","[3857.9036648666297, 7344.381501042364, 15070.140522753609, 4029, 8102, 16111]","[4029, 8102, 16111, 4029, 8102, 16111]","[761, 1767, 2603, 0, 0, 0]","[5.621212262320528, 8.562383003492434, 4.581659487776484, 0.0, 0.0, 0.0]","[241.43106666666665, 1471.0174000000002, 1574.2582, 0, 0, 0]","[0.005333333333333333, 0.024133333333333333, 0.044399999999999995, 0, 0, 0]","[0.006933333333333334, 0.02813333333333333, 0.06026666666666668, 0, 0, 0]","[4053.5689333333335, 15708.9826, 32785.7418, 4295, 17180, 34360]","[371.99466666666666, 359.97586666666666, 376.4956, 372.0, 360.0, 376.54]","[199.99306666666666, 304.97186666666664, 266.6897333333333, 200.0, 305.0, 266.75]","[(10, 0.019550000000000005, 0.0014444444444444446), (16, 0.04981666666666666, 0.00823888888888889), (20, 0.04671666666666667, 0.012066666666666665), (0, 0, 0), (0, 0, 0), (0, 0, 0)]","[(4016, 67.08045, 10.108555555555554), (16089, 51.85018333333334, 6.18176111111111), (32192, 58.153283333333334, 11.627933333333333), (4026, 67.1, 10.11), (16105, 51.900000000000006, 6.1899999999999995), (32212, 58.2, 11.639999999999999)]","[0, 0, 0, 0, 0, 0]","[0, 0, 0, 0, 0, 0]"
923,"[12.831968230330107, 22.043939767958527, 15.864936999565515, 0.0, 0.0, 0.0]","[4, 10, 10, 0, 0, 0]","[331.65672320509185, 764.0355419094997, 1070.488091852238, 0, 0, 0]","[3697.343276794908, 7337.964458090501, 15040.511908147762, 4029, 8102, 16111]","[4029, 8102, 16111, 4029, 8102, 16111]","[517, 1786, 2556, 0, 0, 0]","[2.1371858750485058, 7.776301901435778, 1.069623011253395, 0.0, 0.0, 0.0]","[91.79213333333333, 1335.9686666666666, 367.5224666666666, 0, 0, 0]","[0.00013333333333333337, 0.029200000000000004, 0.0372, 0, 0, 0]","[0.0005333333333333334, 0.040399999999999985, 0.05013333333333333, 0, 0, 0]","[4203.207866666667, 15844.031333333332, 33992.47753333333, 4295, 17180, 34360]","[371.99986666666666, 359.9708, 376.50280000000004, 372.0, 360.0, 376.54]","[199.99946666666668, 304.9596, 266.69986666666665, 200.0, 305.0, 266.75]","[(8, 0.0, 0.001111111111111111), (19, 0.05543333333333332, 0.053383333333333324), (21, 5e-05, 0.006838888888888889), (0, 0, 0), (0, 0, 0), (0, 0, 0)]","[(4018, 67.1, 10.108888888888888), (16086, 51.84456666666667, 6.136616666666666), (32191, 58.19995, 11.633161111111109), (4026, 67.1, 10.11), (16105, 51.900000000000006, 6.1899999999999995), (32212, 58.2, 11.639999999999999)]","[0, 0, 0, 0, 0, 0]","[0, 0, 0, 0, 0, 0]"
924,"[15.5373541821792, 14.81115773882992, 14.207684190925454, 0.0, 0.0, 0.0]","[5, 7, 9, 0, 0, 0]","[319.08191811525376, 362.14537303780213, 1928.1396432821102, 0, 0, 0]","[3709.9180818847462, 7739.8546269621975, 14182.86035671789, 4029, 8102, 16111]","[4029, 8102, 16111, 4029, 8102, 16111]","[626, 1200, 2289, 0, 0, 0]","[3.2388606907256494, 1.471428793170353, 1.686074893286767, 0.0, 0.0, 0.0]","[139.10906666666665, 252.79146666666662, 579.3353333333332, 0, 0, 0]","[0.009466666666666667, 0.025066666666666664, 0.0716, 0, 0, 0]","[0.0008, 0.025199999999999997, 0.06093333333333334, 0, 0, 0]","[4155.890933333333, 16927.208533333334, 33780.664666666664, 4295, 17180, 34360]","[371.99053333333336, 359.97493333333335, 376.46840000000003, 372.0, 360.0, 376.54]","[199.9992, 304.9748, 266.6890666666667, 200.0, 305.0, 266.75]","[(9, 0.0, 0.0017611111111111109), (14, 0.0335, 0.007661111111111112), (20, 0.0, 0.0030499999999999998), (0, 0, 0), (0, 0, 0), (0, 0, 0)]","[(4017, 67.1, 10.108238888888888), (16091, 51.86650000000001, 6.182338888888888), (32192, 58.2, 11.636949999999999), (4026, 67.1, 10.11), (16105, 51.900000000000006, 6.1899999999999995), (32212, 58.2, 11.639999999999999)]","[0, 0, 0, 0, 0, 0]","[0, 0, 0, 0, 0, 0]"
925,"[13.303549267808389, 10.750431992100715, 21.010489727515363, 0.0, 0.0, 0.0]","[4, 5, 13, 0, 0, 0]","[388.0994671562189, 525.8962002916737, 2025.7619013436417, 0, 0, 0]","[3640.900532843781, 7576.103799708326, 14085.238098656358, 4029, 8102, 16111]","[4029, 8102, 16111, 4029, 8102, 16111]","[536, 871, 3385, 0, 0, 0]","[2.512558789289872, 1.1077636786961584, 2.058002328288708, 0.0, 0.0, 0.0]","[107.9144, 190.31380000000001, 707.1296, 0, 0, 0]","[0.009333333333333334, 0.021733333333333334, 0.12306666666666667, 0, 0, 0]","[0.00013333333333333337, 0.026266666666666667, 0.10333333333333332, 0, 0, 0]","[4187.0856, 16989.6862, 33652.8704, 4295, 17180, 34360]","[371.99066666666664, 359.9782666666667, 376.41693333333336, 372.0, 360.0, 376.54]","[199.99986666666666, 304.9737333333333, 266.64666666666665, 200.0, 305.0, 266.75]","[(8, 0.0, 0.0020277777777777777), (11, 0.0035499999999999998, 0.0030000000000000005), (25, 0.0, 0.005344444444444444), (0, 0, 0), (0, 0, 0), (0, 0, 0)]","[(4018, 67.1, 10.107972222222221), (16094, 51.89645000000001, 6.186999999999999), (32187, 58.2, 11.634655555555554), (4026, 67.1, 10.11), (16105, 51.900000000000006, 6.1899999999999995), (32212, 58.2, 11.639999999999999)]","[0, 0, 0, 0, 0, 0]","[0, 0, 0, 0, 0, 0]"
926,"[14.693472325639117, 9.269316218217725, 16.802184842654086, 0.0, 0.0, 0.0]","[5, 4, 10, 0, 0, 0]","[224.9740259179052, 358.89863780582937, 1288.159742835589, 0, 0, 0]","[3804.0259740820948, 7743.101362194171, 14822.840257164411, 4029, 8102, 16111]","[4029, 8102, 16111, 4029, 8102, 16111]","[592, 751, 2707, 0, 0, 0]","[2.1493985254171517, 0.6388199456732633, 1.7936464881645322, 0.0, 0.0, 0.0]","[92.31666666666666, 109.74926666666664, 616.2969333333333, 0, 0, 0]","[0.0092, 0.022000000000000002, 0.09120000000000002, 0, 0, 0]","[0.0004, 0.027600000000000003, 0.07293333333333334, 0, 0, 0]","[4202.683333333333, 17070.250733333334, 33743.70306666667, 4295, 17180, 34360]","[371.9908, 359.978, 376.4488, 372.0, 360.0, 376.54]","[199.9996, 304.9724, 266.6770666666667, 200.0, 305.0, 266.75]","[(10, 0.0, 0.0016833333333333333), (8, 0.0, 0.0017222222222222224), (20, 5e-05, 0.009933333333333334), (0, 0, 0), (0, 0, 0), (0, 0, 0)]","[(4016, 67.1, 10.108316666666665), (16097, 51.900000000000006, 6.1882777777777775), (32192, 58.19995, 11.630066666666666), (4026, 67.1, 10.11), (16105, 51.900000000000006, 6.1899999999999995), (32212, 58.2, 11.639999999999999)]","[0, 0, 0, 0, 0, 0]","[0, 0, 0, 0, 0, 0]"
927,"[10.275502606105734, 10.614663046161441, 11.38352678294333, 0.0, 0.0, 0.0]","[4, 5, 7, 0, 0, 0]","[127.51783052869322, 137.51959499269037, 1019.0093617736438, 0, 0, 0]","[3901.482169471307, 7964.48040500731, 15091.990638226356, 4029, 8102, 16111]","[4029, 8102, 16111, 4029, 8102, 16111]","[414, 860, 1834, 0, 0, 0]","[1.9479829258828092, 0.5612495149398525, 1.5472225455956536, 0.0, 0.0, 0.0]","[83.66586666666666, 96.42266666666666, 531.6256666666666, 0, 0, 0]","[0.0, 0.0006666666666666666, 0.037333333333333336, 0, 0, 0]","[0.0036000000000000003, 0.0033333333333333335, 0.028933333333333332, 0, 0, 0]","[4211.334133333334, 17083.577333333335, 33828.37433333333, 4295, 17180, 34360]","[372.0, 359.9993333333333, 376.5026666666667, 372.0, 360.0, 376.54]","[199.9964, 304.99666666666667, 266.7210666666667, 200.0, 305.0, 266.75]","[(11, 5e-05, 0.0010055555555555555), (10, 1.666666666666667e-05, 0.000961111111111111), (13, 0.0, 0.0027944444444444444), (0, 0, 0), (0, 0, 0), (0, 0, 0)]","[(4015, 67.09994999999999, 10.108994444444443), (16095, 51.89998333333334, 6.189038888888889), (32199, 58.2, 11.637205555555555), (4026, 67.1, 10.11), (16105, 51.900000000000006, 6.1899999999999995), (32212, 58.2, 11.639999999999999)]","[0, 0, 0, 0, 0, 0]","[0, 0, 0, 0, 0, 0]"
928,"[12.211466865227104, 6.270056776104665, 15.157345912730433, 0.0, 0.0, 0.0]","[4, 3, 9, 0, 0, 0]","[322.3097339261666, 490.56770281754797, 1780.287047212158, 0, 0, 0]","[3706.6902660738333, 7611.432297182452, 14330.712952787842, 4029, 8102, 16111]","[4029, 8102, 16111, 4029, 8102, 16111]","[492, 508, 2442, 0, 0, 0]","[2.2979231664726423, 0.20903414823438102, 2.175749320915794, 0.0, 0.0, 0.0]","[98.69579999999999, 35.91206666666666, 747.5874666666668, 0, 0, 0]","[0.0112, 0.00013333333333333337, 0.6026666666666667, 0, 0, 0]","[0.0132, 0.006666666666666666, 0.1204, 0, 0, 0]","[4196.3042, 17144.087933333332, 33612.412533333336, 4295, 17180, 34360]","[371.9888, 359.99986666666666, 375.93733333333336, 372.0, 360.0, 376.54]","[199.9868, 304.99333333333334, 266.6296, 200.0, 305.0, 266.75]","[(11, 0.0, 0.0020666666666666663), (5, 0.0, 0.0024277777777777774), (16, 0.0, 0.003933333333333334), (0, 0, 0), (0, 0, 0), (0, 0, 0)]","[(4015, 67.1, 10.107933333333333), (16100, 51.900000000000006, 6.187572222222221), (32196, 58.2, 11.636066666666666), (4026, 67.1, 10.11), (16105, 51.900000000000006, 6.1899999999999995), (32212, 58.2, 11.639999999999999)]","[0, 0, 0, 0, 0, 0]","[0, 0, 0, 0, 0, 0]"
929,"[13.20426904939191, 8.479387805480128, 13.270436347836881, 0.0, 0.0, 0.0]","[4, 4, 8, 0, 0, 0]","[204.8730581111639, 657.2251178160764, 941.2120159177665, 0, 0, 0]","[3824.126941888836, 7444.774882183923, 15169.787984082233, 4029, 8102, 16111]","[4029, 8102, 16111, 4029, 8102, 16111]","[532, 687, 2138, 0, 0, 0]","[2.8848878540939076, 0.431046953822274, 2.3312599922390373, 0.0, 0.0, 0.0]","[123.90593333333334, 74.05386666666666, 801.0209333333332, 0, 0, 0]","[0.019466666666666667, 0.0002666666666666667, 0.6061333333333333, 0, 0, 0]","[0.007466666666666667, 0.0005333333333333334, 0.11066666666666668, 0, 0, 0]","[4171.094066666667, 17105.946133333335, 33558.97906666667, 4295, 17180, 34360]","[371.9805333333333, 359.9997333333333, 375.9338666666667, 372.0, 360.0, 376.54]","[199.99253333333334, 304.99946666666665, 266.63933333333335, 200.0, 305.0, 266.75]","[(12, 0.0, 0.027194444444444445), (8, 0.0, 0.0014166666666666668), (13, 0.0, 0.022033333333333335), (0, 0, 0), (0, 0, 0), (0, 0, 0)]","[(4014, 67.1, 10.082805555555556), (16097, 51.900000000000006, 6.188583333333333), (32199, 58.2, 11.617966666666666), (4026, 67.1, 10.11), (16105, 51.900000000000006, 6.1899999999999995), (32212, 58.2, 11.639999999999999)]","[0, 0, 0, 0, 0, 0]","[0, 0, 0, 0, 0, 0]"
930,"[9.903201787043932, 14.83584300172797, 12.103531748494817, 0.0, 0.0, 0.0]","[4, 5, 5, 0, 0, 0]","[237.21027342993494, 564.7542497387423, 267.10584283510417, 0, 0, 0]","[3791.789726570065, 7537.245750261258, 15843.894157164896, 4029, 8102, 16111]","[4029, 8102, 16111, 4029, 8102, 16111]","[399, 1202, 1950, 0, 0, 0]","[2.380313542879317, 0.5983795110593714, 0.975278812572759, 0.0, 0.0, 0.0]","[102.23446666666666, 102.80160000000001, 335.1058, 0, 0, 0]","[0.010533333333333332, 0.10293333333333335, 0.5457333333333333, 0, 0, 0]","[0.008400000000000001, 0.19799999999999998, 0.10573333333333333, 0, 0, 0]","[4192.765533333333, 17077.1984, 34024.8942, 4295, 17180, 34360]","[371.98946666666666, 359.89706666666666, 375.9942666666667, 372.0, 360.0, 376.54]","[199.9916, 304.802, 266.6442666666667, 200.0, 305.0, 266.75]","[(12, 0.0, 0.0022555555555555554), (10, 0.0048833333333333315, 0.032049999999999995), (7, 0.0, 0.003183333333333333), (0, 0, 0), (0, 0, 0), (0, 0, 0)]","[(4014, 67.1, 10.107744444444444), (16095, 51.895116666666674, 6.15795), (32205, 58.2, 11.636816666666665), (4026, 67.1, 10.11), (16105, 51.900000000000006, 6.1899999999999995), (32212, 58.2, 11.639999999999999)]","[0, 2, 2, 0, 0, 0]","[0, 0, 0, 0, 0, 0]"
931,"[10.052122114668652, 16.711922981979757, 7.082117807709018, 0.0, 0.0, 0.0]","[5, 5, 2, 0, 0, 0]","[226.90470305644223, 613.1697076606224, 489.11091430743045, 0, 0, 0]","[3802.095296943558, 7488.830292339378, 15621.88908569257, 4029, 8102, 16111]","[4029, 8102, 16111, 4029, 8102, 16111]","[405, 1354, 1141, 0, 0, 0]","[1.407835467597982, 0.6116069072564998, 0.019070430733410942, 0.0, 0.0, 0.0]","[60.46653333333333, 105.07406666666667, 6.5526, 0, 0, 0]","[0.0104, 0.10693333333333334, 0.058133333333333335, 0, 0, 0]","[0.0061333333333333335, 0.1998666666666667, 0.057733333333333345, 0, 0, 0]","[4234.533466666667, 17074.925933333332, 34353.4474, 4295, 17180, 34360]","[371.9896, 359.89306666666664, 376.4818666666667, 372.0, 360.0, 376.54]","[199.99386666666666, 304.80013333333335, 266.6922666666667, 200.0, 305.0, 266.75]","[(13, 0.0, 0.0020055555555555556), (9, 0.0, 0.028538888888888884), (4, 0.0, 0.0006499999999999999), (0, 0, 0), (0, 0, 0), (0, 0, 0)]","[(4013, 67.1, 10.107994444444444), (16096, 51.900000000000006, 6.161461111111111), (32208, 58.2, 11.639349999999999), (4026, 67.1, 10.11), (16105, 51.900000000000006, 6.1899999999999995), (32212, 58.2, 11.639999999999999)]","[0, 2, 2, 0, 0, 0]","[0, 0, 0, 0, 0, 0]"
932,"[16.306775874906926, 17.180942977042704, 8.503506920737385, 0.0, 0.0, 0.0]","[6, 5, 3, 0, 0, 0]","[390.57875862703395, 408.06824409551655, 385.21236570958547, 0, 0, 0]","[3638.421241372966, 7693.931755904483, 15725.787634290415, 4029, 8102, 16111]","[4029, 8102, 16111, 4029, 8102, 16111]","[657, 1392, 1370, 0, 0, 0]","[2.201251067132324, 0.7476608459448971, 2.870914629414047, 0.0, 0.0, 0.0]","[94.54373333333332, 128.44813333333332, 986.4462666666666, 0, 0, 0]","[1.1495999999999997, 0.108, 0.2601333333333334, 0, 0, 0]","[1.1529333333333334, 0.20146666666666674, 1.5348, 0, 0, 0]","[4200.456266666667, 17051.55186666667, 33373.553733333334, 4295, 17180, 34360]","[370.8504, 359.892, 376.2798666666667, 372.0, 360.0, 376.54]","[198.84706666666668, 304.79853333333335, 265.2152, 200.0, 305.0, 266.75]","[(12, 0.0, 0.0007111111111111111), (10, 0.0, 0.02945), (7, 0.0, 0.026161111111111114), (0, 0, 0), (0, 0, 0), (0, 0, 0)]","[(4014, 67.1, 10.109288888888889), (16095, 51.900000000000006, 6.16055), (32205, 58.2, 11.613838888888887), (4026, 67.1, 10.11), (16105, 51.900000000000006, 6.1899999999999995), (32212, 58.2, 11.639999999999999)]","[0, 2, 2, 0, 0, 0]","[0, 0, 0, 0, 0, 0]"
933,"[17.572598659717052, 15.058010367810418, 9.763515610452487, 0.0, 0.0, 0.0]","[7, 5, 4, 0, 0, 0]","[514.8107958244084, 569.3295053172349, 569.155457672108, 0, 0, 0]","[3514.189204175592, 7532.670494682765, 15541.844542327892, 4029, 8102, 16111]","[4029, 8102, 16111, 4029, 8102, 16111]","[708, 1220, 1573, 0, 0, 0]","[2.736307334109429, 0.5887140085370587, 2.4444346138921227, 0.0, 0.0, 0.0]","[117.52439999999997, 101.14106666666667, 839.9077333333333, 0, 0, 0]","[0.0264, 0.10453333333333333, 0.2156, 0, 0, 0]","[0.017733333333333334, 0.19813333333333333, 0.8321333333333332, 0, 0, 0]","[4177.4756, 17078.858933333333, 33520.09226666667, 4295, 17180, 34360]","[371.9736, 359.89546666666666, 376.3244, 372.0, 360.0, 376.54]","[199.98226666666667, 304.8018666666667, 265.91786666666667, 200.0, 305.0, 266.75]","[(12, 0.0, 0.0012722222222222223), (9, 0.0, 0.027938888888888888), (10, 0.0, 0.02346666666666667), (0, 0, 0), (0, 0, 0), (0, 0, 0)]","[(4014, 67.1, 10.108727777777776), (16096, 51.900000000000006, 6.162061111111111), (32202, 58.2, 11.616533333333333), (4026, 67.1, 10.11), (16105, 51.900000000000006, 6.1899999999999995), (32212, 58.2, 11.639999999999999)]","[0, 2, 2, 0, 0, 0]","[0, 0, 0, 0, 0, 0]"
934,"[29.58550508811119, 18.99530980004937, 10.340760970765315, 0.0, 0.0, 0.0]","[8, 6, 4, 0, 0, 0]","[741.633122231841, 676.9713747816653, 372.7134402117821, 0, 0, 0]","[3287.366877768159, 7425.028625218335, 15738.286559788217, 4029, 8102, 16111]","[4029, 8102, 16111, 4029, 8102, 16111]","[1192, 1539, 1666, 0, 0, 0]","[4.40052464105549, 1.1731214590609236, 1.8932136204889403, 0.0, 0.0, 0.0]","[189.00253333333333, 201.54226666666668, 650.5081999999999, 0, 0, 0]","[0.04933333333333334, 0.005733333333333333, 0.22160000000000002, 0, 0, 0]","[0.0184, 0.005466666666666667, 0.6625333333333334, 0, 0, 0]","[4105.997466666667, 16978.457733333333, 33709.4918, 4295, 17180, 34360]","[371.9506666666667, 359.99426666666665, 376.3184, 372.0, 360.0, 376.54]","[199.9816, 304.9945333333333, 266.08746666666667, 200.0, 305.0, 266.75]","[(13, 0.03961666666666667, 0.040525793650793646), (9, 0.0, 0.005063247863247865), (10, 0.0, 0.013177777777777778), (0, 0, 0), (0, 0, 0), (0, 0, 0)]","[(4013, 67.06038333333333, 10.069474206349206), (16096, 51.900000000000006, 6.1849367521367515), (32202, 58.2, 11.626822222222222), (4026, 67.1, 10.11), (16105, 51.900000000000006, 6.1899999999999995), (32212, 58.2, 11.639999999999999)]","[2, 2, 2, 0, 0, 0]","[2, 0, 0, 0, 0, 0]"
935,"[35.96425912137007, 18.68674401382375, 8.553162435603005, 0.0, 0.0, 0.0]","[9, 6, 3, 0, 0, 0]","[839.5123379220549, 763.241426089784, 515.690885490593, 0, 0, 0]","[3189.487662077945, 7338.758573910216, 15595.309114509408, 4029, 8102, 16111]","[4029, 8102, 16111, 4029, 8102, 16111]","[1449, 1514, 1378, 0, 0, 0]","[10.192720217306944, 2.0131144741948, 0.16339134652696935, 0.0, 0.0, 0.0]","[437.7773333333333, 345.8530666666667, 56.14126666666667, 0, 0, 0]","[0.05160000000000001, 0.0008, 0.0004000000000000001, 0, 0, 0]","[0.03439999999999999, 0.006, 0.0005333333333333334, 0, 0, 0]","[3857.2226666666666, 16834.146933333333, 34303.858733333334, 4295, 17180, 34360]","[371.9484, 359.9992, 376.5396, 372.0, 360.0, 376.54]","[199.9656, 304.994, 266.74946666666665, 200.0, 305.0, 266.75]","[(17, 0.0007333333333333333, 0.028438888888888895), (9, 0.0004166666666666667, 0.004794444444444444), (5, 0.00065, 0.00023333333333333333), (0, 0, 0), (0, 0, 0), (0, 0, 0)]","[(4009, 67.09926666666667, 10.08156111111111), (16096, 51.89958333333334, 6.185205555555555), (32207, 58.19935, 11.639766666666665), (4026, 67.1, 10.11), (16105, 51.900000000000006, 6.1899999999999995), (32212, 58.2, 11.639999999999999)]","[2, 2, 2, 0, 0, 0]","[2, 0, 0, 0, 0, 0]"
936,"[25.366095805410772, 18.069612441372502, 4.760722487741295, 0.0, 0.0, 0.0]","[8, 7, 3, 0, 0, 0]","[969.4786280285742, 545.3472514619507, 518.2393045288145, 0, 0, 0]","[3059.5213719714257, 7556.652748538049, 15592.760695471185, 4029, 8102, 16111]","[4029, 8102, 16111, 4029, 8102, 16111]","[1022, 1464, 767, 0, 0, 0]","[6.6933892122623195, 7.516398137369032, 0.2850791618160652, 0.0, 0.0, 0.0]","[287.48106666666666, 1291.3171999999997, 97.9532, 0, 0, 0]","[0.04173333333333333, 0.2134666666666667, 0.006933333333333333, 0, 0, 0]","[0.022133333333333335, 1.4888, 0.006666666666666666, 0, 0, 0]","[4007.5189333333333, 15888.6828, 34262.0468, 4295, 17180, 34360]","[371.95826666666665, 359.78653333333335, 376.5330666666667, 372.0, 360.0, 376.54]","[199.97786666666667, 303.5112, 266.74333333333334, 200.0, 305.0, 266.75]","[(15, 0.0005666666666666667, 0.02666349206349207), (12, 5e-05, 0.03576111111111111), (6, 0.0, 0.00019999999999999998), (0, 0, 0), (0, 0, 0), (0, 0, 0)]","[(4011, 67.09943333333332, 10.083336507936508), (16093, 51.899950000000004, 6.154238888888888), (32206, 58.2, 11.6398), (4026, 67.1, 10.11), (16105, 51.900000000000006, 6.1899999999999995), (32212, 58.2, 11.639999999999999)]","[0, 0, 0, 0, 0, 0]","[0, 0, 0, 0, 0, 0]"
937,"[31.819310002482005, 10.392495680078992, 10.489727515362175, 0.0, 0.0, 0.0]","[10, 4, 6, 0, 0, 0]","[785.2879897081959, 151.6560627301511, 986.9701728758588, 0, 0, 0]","[3243.7120102918043, 7950.3439372698485, 15124.02982712414, 4029, 8102, 16111]","[4029, 8102, 16111, 4029, 8102, 16111]","[1282, 842, 1690, 0, 0, 0]","[8.574266201008923, 5.602976329064805, 0.30503919285991465, 0.0, 0.0, 0.0]","[368.26473333333325, 962.5913333333334, 104.81146666666667, 0, 0, 0]","[0.0616, 0.16306666666666667, 20.38413333333333, 0, 0, 0]","[0.022533333333333332, 0.7843999999999998, 20.358000000000004, 0, 0, 0]","[3926.7352666666666, 16217.408666666666, 34255.188533333334, 4295, 17180, 34360]","[371.9384, 359.8369333333333, 356.15586666666667, 372.0, 360.0, 376.54]","[199.97746666666666, 304.2156, 246.392, 200.0, 305.0, 266.75]","[(20, 0.0002833333333333333, 0.029988888888888888), (7, 0.0004166666666666667, 0.024672222222222224), (11, 0.00065, 0.0003388888888888889), (0, 0, 0), (0, 0, 0), (0, 0, 0)]","[(4006, 67.09971666666667, 10.08001111111111), (16098, 51.89958333333334, 6.165327777777777), (32201, 58.19935, 11.63966111111111), (4026, 67.1, 10.11), (16105, 51.900000000000006, 6.1899999999999995), (32212, 58.2, 11.639999999999999)]","[0, 0, 0, 0, 0, 0]","[0, 0, 0, 0, 0, 0]"
938,"[27.674360883593945, 8.430017279684028, 11.681459872137049, 0.0, 0.0, 0.0]","[8, 4, 7, 0, 0, 0]","[256.87385804983234, 368.6398263379226, 1199.0686585822434, 0, 0, 0]","[3772.1261419501675, 7733.360173662078, 14911.931341417756, 4029, 8102, 16111]","[4029, 8102, 16111, 4029, 8102, 16111]","[1115, 683, 1882, 0, 0, 0]","[7.567227008149009, 5.009919674039581, 0.49399107489328675, 0.0, 0.0, 0.0]","[325.01239999999996, 860.7041999999999, 169.73533333333333, 0, 0, 0]","[0.031466666666666664, 0.21453333333333335, 24.23293333333334, 0, 0, 0]","[0.0148, 0.6576000000000001, 24.29813333333333, 0, 0, 0]","[3969.9876, 16319.2958, 34190.26466666667, 4295, 17180, 34360]","[371.9685333333333, 359.78546666666665, 352.3070666666667, 372.0, 360.0, 376.54]","[199.9852, 304.3424, 242.45186666666666, 200.0, 305.0, 266.75]","[(16, 0.00045000000000000004, 0.0038222222222222216), (6, 0.0012, 0.07330555555555555), (16, 0.0, 0.002594444444444444), (0, 0, 0), (0, 0, 0), (0, 0, 0)]","[(4010, 67.09955, 10.106177777777777), (16099, 51.89880000000001, 6.116694444444444), (32196, 58.2, 11.637405555555555), (4026, 67.1, 10.11), (16105, 51.900000000000006, 6.1899999999999995), (32212, 58.2, 11.639999999999999)]","[0, 0, 0, 0, 0, 0]","[0, 0, 0, 0, 0, 0]"
939,"[18.416480516257135, 16.41569982720316, 12.066290112345603, 0.0, 0.0, 0.0]","[5, 8, 7, 0, 0, 0]","[346.73861210951856, 1080.9522748567174, 1222.6607549560235, 0, 0, 0]","[3682.2613878904813, 7021.047725143282, 14888.339245043977, 4029, 8102, 16111]","[4029, 8102, 16111, 4029, 8102, 16111]","[742, 1330, 1944, 0, 0, 0]","[8.943580908032594, 8.469307334109429, 1.2456084594489718, 0.0, 0.0, 0.0]","[384.12679999999995, 1455.0269999999998, 427.9910666666667, 0, 0, 0]","[0.013600000000000001, 0.04973333333333333, 20.557066666666664, 0, 0, 0]","[0.005200000000000001, 0.031066666666666663, 20.6248, 0, 0, 0]","[3910.8732, 15724.973, 33932.00893333333, 4295, 17180, 34360]","[371.9864, 359.95026666666666, 355.98293333333334, 372.0, 360.0, 376.54]","[199.9948, 304.9689333333333, 246.1252, 200.0, 305.0, 266.75]","[(11, 0.0037166666666666667, 0.004011111111111111), (15, 3.3333333333333335e-05, 0.0653888888888889), (15, 0.0, 0.0025166666666666666), (0, 0, 0), (0, 0, 0), (0, 0, 0)]","[(4015, 67.09628333333333, 10.105988888888888), (16090, 51.89996666666667, 6.12461111111111), (32197, 58.2, 11.637483333333332), (4026, 67.1, 10.11), (16105, 51.900000000000006, 6.1899999999999995), (32212, 58.2, 11.639999999999999)]","[0, 0, 0, 0, 0, 0]","[0, 0, 0, 0, 0, 0]"
940,"[26.97939935467858, 17.946186126882253, 10.09869033579542, 0.0, 0.0, 0.0]","[7, 9, 6, 0, 0, 0]","[498.30753716073804, 1005.5396010000624, 604.566973227387, 0, 0, 0]","[3530.692462839262, 7096.460398999938, 15506.433026772613, 4029, 8102, 16111]","[4029, 8102, 16111, 4029, 8102, 16111]","[1087, 1454, 1627, 0, 0, 0]","[9.448097788125724, 7.992726426076832, 1.0721695770275514, 0.0, 0.0, 0.0]","[405.7957999999999, 1373.1503999999998, 368.3974666666667, 0, 0, 0]","[0.0124, 0.15200000000000002, 21.926933333333334, 0, 0, 0]","[0.0037333333333333333, 0.22706666666666664, 21.9944, 0, 0, 0]","[3889.2042, 15806.8496, 33991.60253333333, 4295, 17180, 34360]","[371.9876, 359.848, 354.61306666666667, 372.0, 360.0, 376.54]","[199.99626666666666, 304.77293333333336, 244.75560000000002, 200.0, 305.0, 266.75]","[(14, 0.0004, 0.0035277777777777777), (17, 0.004933333333333331, 0.10666111111111111), (14, 0.0, 0.002672222222222222), (0, 0, 0), (0, 0, 0), (0, 0, 0)]","[(4012, 67.0996, 10.106472222222221), (16088, 51.89506666666667, 6.083338888888888), (32198, 58.2, 11.637327777777777), (4026, 67.1, 10.11), (16105, 51.900000000000006, 6.1899999999999995), (32212, 58.2, 11.639999999999999)]","[0, 0, 0, 0, 0, 0]","[0, 0, 0, 0, 0, 0]"
941,"[16.306775874906926, 20.14317452480869, 6.2938365092173045, 0.0, 0.0, 0.0]","[5, 11, 4, 0, 0, 0]","[444.38454481336214, 764.6185693505821, 428.8198204196235, 0, 0, 0]","[3584.615455186638, 7337.381430649418, 15682.180179580377, 4029, 8102, 16111]","[4029, 8102, 16111, 4029, 8102, 16111]","[657, 1632, 1014, 0, 0, 0]","[8.214188591385328, 10.618993015133876, 0.9480681024447033, 0.0, 0.0, 0.0]","[352.7993999999999, 1824.3429999999998, 325.75620000000004, 0, 0, 0]","[0.011866666666666666, 0.16626666666666665, 22.012400000000007, 0, 0, 0]","[0.0034666666666666665, 0.23720000000000005, 22.07466666666667, 0, 0, 0]","[3942.2006, 15355.657, 34034.2438, 4295, 17180, 34360]","[371.98813333333334, 359.8337333333333, 354.5276, 372.0, 360.0, 376.54]","[199.99653333333333, 304.7628, 244.67533333333333, 200.0, 305.0, 266.75]","[(10, 0.00026666666666666673, 0.0034333333333333334), (23, 0.04671666666666667, 0.09391666666666666), (9, 0.0, 0.0019055555555555557), (0, 0, 0), (0, 0, 0), (0, 0, 0)]","[(4016, 67.09973333333333, 10.106566666666666), (16082, 51.85328333333334, 6.096083333333333), (32203, 58.2, 11.638094444444443), (4026, 67.1, 10.11), (16105, 51.900000000000006, 6.1899999999999995), (32212, 58.2, 11.639999999999999)]","[0, 0, 0, 0, 0, 0]","[0, 0, 0, 0, 0, 0]"
942,"[14.445271779597915, 15.477659837077265, 10.135931971944634, 0.0, 0.0, 0.0]","[5, 8, 6, 0, 0, 0]","[330.0640273771037, 789.0183095987445, 837.8291746675878, 0, 0, 0]","[3698.9359726228963, 7312.981690401255, 15273.170825332412, 4029, 8102, 16111]","[4029, 8102, 16111, 4029, 8102, 16111]","[582, 1254, 1633, 0, 0, 0]","[1.9011719053162592, 9.240634070624758, 0.3377180830422972, 0.0, 0.0, 0.0]","[81.65533333333333, 1587.5409333333334, 116.03993333333332, 0, 0, 0]","[0.009733333333333333, 0.1396, 22.018400000000003, 0, 0, 0]","[0.0036, 0.2076000000000001, 22.070000000000004, 0, 0, 0]","[4213.344666666667, 15592.459066666666, 34243.96006666667, 4295, 17180, 34360]","[371.9902666666667, 359.8604, 354.52160000000003, 372.0, 360.0, 376.54]","[199.9964, 304.7924, 244.68, 200.0, 305.0, 266.75]","[(9, 0.0, 0.001388888888888889), (17, 0.0, 0.03365), (12, 0.0, 8.333333333333334e-05), (0, 0, 0), (0, 0, 0), (0, 0, 0)]","[(4017, 67.1, 10.108611111111111), (16088, 51.900000000000006, 6.15635), (32200, 58.2, 11.639916666666666), (4026, 67.1, 10.11), (16105, 51.900000000000006, 6.1899999999999995), (32212, 58.2, 11.639999999999999)]","[0, 0, 0, 0, 0, 0]","[0, 0, 0, 0, 0, 0]"
943,"[19.26036237279722, 14.66304616144162, 11.191111662839054, 0.0, 0.0, 0.0]","[7, 7, 7, 0, 0, 0]","[396.5064156717392, 430.63347925816953, 731.626027006666, 0, 0, 0]","[3632.493584328261, 7671.366520741831, 15379.373972993333, 4029, 8102, 16111]","[4029, 8102, 16111, 4029, 8102, 16111]","[776, 1188, 1803, 0, 0, 0]","[10.247653861078772, 9.604810632518431, 0.5721938300349243, 0.0, 0.0, 0.0]","[440.1367333333333, 1650.1064666666666, 196.6058, 0, 0, 0]","[0.02026666666666667, 1.7090666666666667, 0.015866666666666664, 0, 0, 0]","[0.0104, 0.24186666666666665, 0.018666666666666665, 0, 0, 0]","[3854.8632666666667, 15529.893533333334, 34163.3942, 4295, 17180, 34360]","[371.97973333333334, 358.2909333333333, 376.52413333333334, 372.0, 360.0, 376.54]","[199.9896, 304.7581333333333, 266.73133333333334, 200.0, 305.0, 266.75]","[(13, 0.012683333333333333, 0.008288888888888889), (14, 0.0, 0.030944444444444448), (14, 6.666666666666667e-05, 0.0020777777777777778), (0, 0, 0), (0, 0, 0), (0, 0, 0)]","[(4013, 67.08731666666667, 10.101711111111111), (16091, 51.900000000000006, 6.159055555555555), (32198, 58.199933333333334, 11.63792222222222), (4026, 67.1, 10.11), (16105, 51.900000000000006, 6.1899999999999995), (32212, 58.2, 11.639999999999999)]","[0, 0, 0, 0, 0, 0]","[0, 0, 0, 0, 0, 0]"
944,"[22.561429635145196, 11.848926191063935, 11.836633356092111, 0.0, 0.0, 0.0]","[8, 5, 8, 0, 0, 0]","[628.757877669288, 800.5461477040537, 1379.606152162317, 0, 0, 0]","[3400.242122330712, 7301.4538522959465, 14731.393847837684, 4029, 8102, 16111]","[4029, 8102, 16111, 4029, 8102, 16111]","[909, 960, 1907, 0, 0, 0]","[10.879335661622038, 1.7147594101668606, 1.2018659293752427, 0.0, 0.0, 0.0]","[467.26746666666656, 294.59566666666666, 412.96113333333335, 0, 0, 0]","[0.002933333333333333, 0.5845333333333333, 0.5950666666666666, 0, 0, 0]","[0.006533333333333333, 0.4486666666666666, 0.11306666666666668, 0, 0, 0]","[3827.7325333333333, 16885.404333333332, 33947.03886666667, 4295, 17180, 34360]","[371.9970666666667, 359.41546666666665, 375.9449333333334, 372.0, 360.0, 376.54]","[199.99346666666668, 304.55133333333333, 266.63693333333333, 200.0, 305.0, 266.75]","[(14, 0.0004, 0.004472222222222222), (6, 0.011099999999999999, 0.060627777777777773), (15, 1.666666666666667e-05, 0.0037243589743589747), (0, 0, 0), (0, 0, 0), (0, 0, 0)]","[(4012, 67.0996, 10.105527777777777), (16099, 51.88890000000001, 6.129372222222222), (32197, 58.199983333333336, 11.63627564102564), (4026, 67.1, 10.11), (16105, 51.900000000000006, 6.1899999999999995), (32212, 58.2, 11.639999999999999)]","[0, 0, 0, 0, 0, 0]","[0, 0, 0, 0, 0, 0]"
945,"[27.351700173740383, 13.120217230313502, 9.906275215691144, 0.0, 0.0, 0.0]","[9, 6, 7, 0, 0, 0]","[728.7270647398917, 204.40444273985653, 743.3651197595931, 0, 0, 0]","[3300.272935260108, 7897.595557260143, 15367.634880240406, 4029, 8102, 16111]","[4029, 8102, 16111, 4029, 8102, 16111]","[1102, 1063, 1596, 0, 0, 0]","[12.625932479627469, 2.069585564610011, 1.2148366317423358, 0.0, 0.0, 0.0]","[542.2837999999998, 355.5547999999999, 417.4178666666666, 0, 0, 0]","[0.007733333333333333, 0.42760000000000004, 0.6135999999999999, 0, 0, 0]","[0.032266666666666666, 0.36626666666666663, 0.11853333333333335, 0, 0, 0]","[3752.7162000000003, 16824.445200000002, 33942.58213333334, 4295, 17180, 34360]","[371.9922666666667, 359.5724, 375.9264, 372.0, 360.0, 376.54]","[199.96773333333334, 304.63373333333334, 266.63146666666665, 200.0, 305.0, 266.75]","[(16, 0.0004000000000000001, 0.005816666666666667), (8, 0.09526666666666667, 0.07102777777777779), (12, 0.0, 0.002711111111111111), (0, 0, 0), (0, 0, 0), (0, 0, 0)]","[(4010, 67.0996, 10.104183333333333), (16097, 51.80473333333334, 6.118972222222221), (32200, 58.2, 11.637288888888888), (4026, 67.1, 10.11), (16105, 51.900000000000006, 6.1899999999999995), (32212, 58.2, 11.639999999999999)]","[0, 0, 0, 0, 0, 0]","[0, 0, 0, 0, 0, 0]"
946,"[41.548771407297096, 7.578375709701309, 14.195270312209049, 0.0, 0.0, 0.0]","[13, 4, 9, 0, 0, 0]","[1030.4180604518801, 462.6279086768435, 932.0016999997754, 0, 0, 0]","[2998.58193954812, 7639.372091323156, 15178.998300000225, 4029, 8102, 16111]","[4029, 8102, 16111, 4029, 8102, 16111]","[1674, 614, 2287, 0, 0, 0]","[12.256670547147845, 1.7130931315483118, 1.5327227396197125, 0.0, 0.0, 0.0]","[526.424, 294.3094, 526.6435333333333, 0, 0, 0]","[0.03546666666666667, 0.4449333333333333, 0.6082666666666666, 0, 0, 0]","[0.0204, 0.39519999999999994, 0.16946666666666668, 0, 0, 0]","[3768.576, 16885.6906, 33833.356466666664, 4295, 17180, 34360]","[371.96453333333335, 359.5550666666667, 375.93173333333334, 372.0, 360.0, 376.54]","[199.9796, 304.6048, 266.58053333333334, 200.0, 305.0, 266.75]","[(25, 0.0006499999999999999, 0.029259126984126978), (5, 0.0014666666666666665, 0.05988333333333334), (17, 1.666666666666667e-05, 0.004316666666666667), (0, 0, 0), (0, 0, 0), (0, 0, 0)]","[(4001, 67.09935, 10.080740873015872), (16100, 51.89853333333334, 6.130116666666666), (32195, 58.199983333333336, 11.635683333333333), (4026, 67.1, 10.11), (16105, 51.900000000000006, 6.1899999999999995), (32212, 58.2, 11.639999999999999)]","[0, 0, 0, 0, 0, 0]","[0, 0, 0, 0, 0, 0]"
947,"[33.58153387937454, 16.687237719081708, 8.62143876854323, 0.0, 0.0, 0.0]","[11, 7, 5, 0, 0, 0]","[852.4754607141011, 953.8514858356801, 877.4287379366938, 0, 0, 0]","[3176.5245392858988, 7148.14851416432, 15233.571262063306, 4029, 8102, 16111]","[4029, 8102, 16111, 4029, 8102, 16111]","[1353, 1352, 1389, 0, 0, 0]","[11.384897167248738, 2.3791493985254175, 0.32805529685681023, 0.0, 0.0, 0.0]","[488.9813333333333, 408.7378666666667, 112.71979999999999, 0, 0, 0]","[0.03466666666666667, 0.42186666666666667, 0.047333333333333345, 0, 0, 0]","[0.0176, 0.3538666666666666, 0.046799999999999994, 0, 0, 0]","[3806.018666666667, 16771.262133333334, 34247.2802, 4295, 17180, 34360]","[371.9653333333333, 359.5781333333333, 376.4926666666667, 372.0, 360.0, 376.54]","[199.9824, 304.64613333333335, 266.7032, 200.0, 305.0, 266.75]","[(23, 1.666666666666667e-05, 0.028622222222222226), (11, 1.666666666666667e-05, 0.06161880341880341), (10, 0.0, 0.0007500000000000001), (0, 0, 0), (0, 0, 0), (0, 0, 0)]","[(4003, 67.09998333333333, 10.081377777777778), (16094, 51.89998333333334, 6.128381196581196), (32202, 58.2, 11.639249999999999), (4026, 67.1, 10.11), (16105, 51.900000000000006, 6.1899999999999995), (32212, 58.2, 11.639999999999999)]","[0, 0, 0, 0, 0, 0]","[0, 0, 0, 0, 0, 0]"
948,"[29.982625961777114, 20.21723031350284, 9.099373099124822, 0.0, 0.0, 0.0]","[11, 9, 5, 0, 0, 0]","[348.0705335425602, 885.9812908631382, 530.6876437098056, 0, 0, 0]","[3680.92946645744, 7216.018709136862, 15580.312356290195, 4029, 8102, 16111]","[4029, 8102, 16111, 4029, 8102, 16111]","[1208, 1638, 1466, 0, 0, 0]","[8.638323632130383, 1.8943170353123788, 0.3834959254947614, 0.0, 0.0, 0.0]","[371.01599999999996, 325.4436666666667, 131.7692, 0, 0, 0]","[0.027066666666666666, 0.44933333333333336, 0.053333333333333344, 0, 0, 0]","[0.0176, 0.38973333333333327, 0.05293333333333333, 0, 0, 0]","[3923.984, 16854.556333333334, 34228.2308, 4295, 17180, 34360]","[371.97293333333334, 359.55066666666664, 376.4866666666667, 372.0, 360.0, 376.54]","[199.9824, 304.6102666666667, 266.6970666666667, 200.0, 305.0, 266.75]","[(21, 3.3333333333333335e-05, 0.028185714285714286), (14, 0.0, 0.05888333333333333), (12, 0.0, 0.0008055555555555556), (0, 0, 0), (0, 0, 0), (0, 0, 0)]","[(4005, 67.09996666666666, 10.081814285714286), (16091, 51.900000000000006, 6.131116666666666), (32200, 58.2, 11.639194444444444), (4026, 67.1, 10.11), (16105, 51.900000000000006, 6.1899999999999995), (32212, 58.2, 11.639999999999999)]","[0, 0, 0, 0, 0, 0]","[0, 0, 0, 0, 0, 0]"
949,"[27.02903946388682, 26.005924463095532, 8.379368133573335, 0.0, 0.0, 0.0]","[10, 11, 5, 0, 0, 0]","[435.4307966209768, 1286.755560654247, 728.384504786156, 0, 0, 0]","[3593.5692033790233, 6815.244439345754, 15382.615495213844, 4029, 8102, 16111]","[4029, 8102, 16111, 4029, 8102, 16111]","[1089, 2107, 1350, 0, 0, 0]","[10.947512611563832, 0.9298560341482345, 0.4269833139309275, 0.0, 0.0, 0.0]","[470.1956666666666, 159.7492666666667, 146.7114666666667, 0, 0, 0]","[0.0092, 0.15533333333333335, 0.05826666666666667, 0, 0, 0]","[0.017066666666666667, 0.22893333333333332, 0.06973333333333333, 0, 0, 0]","[3824.8043333333335, 17020.250733333334, 34213.28853333333, 4295, 17180, 34360]","[371.9908, 359.8446666666667, 376.48173333333335, 372.0, 360.0, 376.54]","[199.98293333333334, 304.7710666666667, 266.6802666666667, 200.0, 305.0, 266.75]","[(20, 0.00019999999999999998, 0.0041), (24, 0.0048833333333333315, 0.034611111111111106), (13, 6.666666666666667e-05, 0.0017666666666666668), (0, 0, 0), (0, 0, 0), (0, 0, 0)]","[(4006, 67.09979999999999, 10.1059), (16081, 51.895116666666674, 6.155388888888888), (32199, 58.199933333333334, 11.638233333333332), (4026, 67.1, 10.11), (16105, 51.900000000000006, 6.1899999999999995), (32212, 58.2, 11.639999999999999)]","[0, 0, 0, 0, 0, 0]","[0, 0, 0, 0, 0, 0]"
950,"[22.95855050881112, 27.301900765243147, 10.036620942213395, 0.0, 0.0, 0.0]","[9, 12, 6, 0, 0, 0]","[312.65398272284244, 1765.9101444666746, 961.347431412008, 0, 0, 0]","[3716.3460172771574, 6336.089855533325, 15149.652568587991, 4029, 8102, 16111]","[4029, 8102, 16111, 4029, 8102, 16111]","[925, 2212, 1617, 0, 0, 0]","[6.414665114474194, 4.245157547535895, 1.1455362824990298, 0.0, 0.0, 0.0]","[275.50986666666665, 729.3180666666667, 393.60626666666667, 0, 0, 0]","[0.0056, 0.14653333333333332, 0.06373333333333334, 0, 0, 0]","[0.008533333333333334, 0.2406666666666667, 0.07520000000000002, 0, 0, 0]","[4019.4901333333332, 16450.681933333333, 33966.39373333333, 4295, 17180, 34360]","[371.9944, 359.8534666666667, 376.4762666666667, 372.0, 360.0, 376.54]","[199.99146666666667, 304.75933333333336, 266.6748, 200.0, 305.0, 266.75]","[(18, 0.007883333333333332, 0.002444444444444445), (27, 0.0004166666666666667, 0.0302), (14, 1.666666666666667e-05, 0.002183333333333333), (0, 0, 0), (0, 0, 0), (0, 0, 0)]","[(4008, 67.09211666666666, 10.107555555555555), (16078, 51.89958333333334, 6.1598), (32198, 58.199983333333336, 11.637816666666666), (4026, 67.1, 10.11), (16105, 51.900000000000006, 6.1899999999999995), (32212, 58.2, 11.639999999999999)]","[0, 0, 0, 0, 0, 0]","[0, 0, 0, 0, 0, 0]"
951,"[13.750310250682551, 35.213527524068134, 10.446278939854757, 0.0, 0.0, 0.0]","[6, 15, 6, 0, 0, 0]","[390.4777534039937, 1801.4792084123378, 892.0009359509065, 0, 0, 0]","[3638.5222465960064, 6300.520791587662, 15218.999064049094, 4029, 8102, 16111]","[4029, 8102, 16111, 4029, 8102, 16111]","[554, 2853, 1683, 0, 0, 0]","[3.0862630966239815, 7.082724097788125, 0.9714627473806751, 0.0, 0.0, 0.0]","[132.555, 1216.812, 333.79459999999995, 0, 0, 0]","[0.0005333333333333334, 0.24359999999999996, 0.06173333333333335, 0, 0, 0]","[0.005066666666666666, 0.31653333333333333, 0.06359999999999999, 0, 0, 0]","[4162.445, 15963.188, 34026.2054, 4295, 17180, 34360]","[371.99946666666665, 359.7564, 376.4782666666667, 372.0, 360.0, 376.54]","[199.99493333333334, 304.6834666666667, 266.6864, 200.0, 305.0, 266.75]","[(12, 0.0, 0.0014666666666666667), (33, 0.008966666666666666, 0.037038888888888885), (12, 0.0, 0.0035888888888888884), (0, 0, 0), (0, 0, 0), (0, 0, 0)]","[(4014, 67.1, 10.108533333333332), (16072, 51.89103333333334, 6.152961111111111), (32200, 58.2, 11.63641111111111), (4026, 67.1, 10.11), (16105, 51.900000000000006, 6.1899999999999995), (32212, 58.2, 11.639999999999999)]","[0, 0, 0, 0, 0, 0]","[0, 0, 0, 0, 0, 0]"
952,"[23.0578307272276, 30.634411256479883, 11.917323567748744, 0.0, 0.0, 0.0]","[9, 13, 7, 0, 0, 0]","[286.41077555967576, 1109.0268265815735, 876.2025272920831, 0, 0, 0]","[3742.5892244403244, 6992.973173418426, 15234.797472707916, 4029, 8102, 16111]","[4029, 8102, 16111, 4029, 8102, 16111]","[929, 2482, 1920, 0, 0, 0]","[8.403014690393038, 8.183639115250289, 1.1337124563445866, 0.0, 0.0, 0.0]","[360.90948095238093, 1405.9491999999998, 389.54359999999997, 0, 0, 0]","[0.009333333333333332, 0.22733333333333336, 0.12413333333333335, 0, 0, 0]","[0.0116, 0.30733333333333335, 0.12453333333333334, 0, 0, 0]","[3934.090519047619, 15774.0508, 33970.4564, 4295, 17180, 34360]","[371.99066666666664, 359.7726666666667, 376.41586666666666, 372.0, 360.0, 376.54]","[199.9884, 304.69266666666664, 266.6254666666667, 200.0, 305.0, 266.75]","[(17, 0.008966666666666666, 0.0063230158730158735), (27, 0.0004166666666666667, 0.031405555555555555), (14, 5e-05, 0.008816666666666665), (0, 0, 0), (0, 0, 0), (0, 0, 0)]","[(4009, 67.09103333333333, 10.103676984126983), (16078, 51.89958333333334, 6.158594444444444), (32198, 58.19995, 11.631183333333333), (4026, 67.1, 10.11), (16105, 51.900000000000006, 6.1899999999999995), (32212, 58.2, 11.639999999999999)]","[0, 0, 0, 0, 0, 0]","[0, 0, 0, 0, 0, 0]"
953,"[20.079424174733184, 32.5228338681807, 16.37390602693812, 0.0, 0.0, 0.0]","[7, 12, 10, 0, 0, 0]","[661.0463003858795, 1638.2169554912937, 1447.1908965082819, 0, 0, 0]","[3367.9536996141205, 6463.783044508707, 14663.809103491718, 4029, 8102, 16111]","[4029, 8102, 16111, 4029, 8102, 16111]","[809, 2635, 2638, 0, 0, 0]","[3.653652752369865, 5.171897943344975, 0.9930754753589445, 0.0, 0.0, 0.0]","[156.9243857142857, 888.5320666666667, 341.2207333333333, 0, 0, 0]","[0.008666666666666666, 0.1522666666666667, 0.06626666666666668, 0, 0, 0]","[0.013333333333333334, 0.1296, 0.05039999999999999, 0, 0, 0]","[4138.075614285714, 16291.467933333333, 34018.779266666665, 4295, 17180, 34360]","[371.99133333333333, 359.84773333333334, 376.47373333333337, 372.0, 360.0, 376.54]","[199.98666666666668, 304.8704, 266.6996, 200.0, 305.0, 266.75]","[(11, 0.0, 0.0016178571428571429), (23, 0.0, 0.0065722222222222215), (21, 8.333333333333334e-05, 0.007877777777777777), (0, 0, 0), (0, 0, 0), (0, 0, 0)]","[(4015, 67.1, 10.108382142857142), (16082, 51.900000000000006, 6.183427777777777), (32191, 58.19991666666667, 11.632122222222222), (4026, 67.1, 10.11), (16105, 51.900000000000006, 6.1899999999999995), (32212, 58.2, 11.639999999999999)]","[0, 0, 0, 0, 0, 0]","[0, 0, 0, 0, 0, 0]"
954,"[21.940928270042196, 29.795112317946188, 16.063559059027995, 0.0, 0.0, 0.0]","[7, 11, 10, 0, 0, 0]","[661.8521426642086, 1208.4730119330873, 2305.0896777261732, 0, 0, 0]","[3367.1478573357913, 6893.526988066913, 13805.910322273827, 4029, 8102, 16111]","[4029, 8102, 16111, 4029, 8102, 16111]","[884, 2414, 2588, 0, 0, 0]","[3.502294140473419, 5.467658129608071, 1.5837134264648816, 0.0, 0.0, 0.0]","[150.42353333333335, 939.3436666666666, 544.1639333333334, 0, 0, 0]","[0.0002666666666666667, 0.08266666666666667, 0.0656, 0, 0, 0]","[0.004933333333333333, 0.06813333333333332, 0.07626666666666666, 0, 0, 0]","[4144.576466666666, 16240.656333333332, 33815.83606666666, 4295, 17180, 34360]","[371.9997333333333, 359.9173333333333, 376.4744, 372.0, 360.0, 376.54]","[199.99506666666667, 304.9318666666667, 266.67373333333336, 200.0, 305.0, 266.75]","[(11, 0.0, 0.0018944444444444445), (20, 0.0009499999999999999, 0.005852136752136752), (20, 0.0, 0.009227777777777776), (0, 0, 0), (0, 0, 0), (0, 0, 0)]","[(4015, 67.1, 10.108105555555555), (16085, 51.89905, 6.184147863247863), (32192, 58.2, 11.630772222222221), (4026, 67.1, 10.11), (16105, 51.900000000000006, 6.1899999999999995), (32212, 58.2, 11.639999999999999)]","[0, 0, 0, 0, 0, 0]","[0, 0, 0, 0, 0, 0]"
955,"[27.07867957309506, 22.35250555418415, 23.549127925020173, 0.0, 0.0, 0.0]","[9, 8, 14, 0, 0, 0]","[588.9758197233659, 1026.4576707446554, 2043.8928009971041, 0, 0, 0]","[3440.024180276634, 7075.542329255344, 14067.107199002896, 4029, 8102, 16111]","[4029, 8102, 16111, 4029, 8102, 16111]","[1091, 1811, 3794, 0, 0, 0]","[5.868377182770663, 3.609672875436555, 1.526361660845945, 0.0, 0.0, 0.0]","[252.04679999999996, 620.1418000000001, 524.4578666666666, 0, 0, 0]","[0.012799999999999999, 0.08293333333333333, 0.11866666666666666, 0, 0, 0]","[0.019200000000000002, 0.06359999999999999, 0.1156, 0, 0, 0]","[4042.9532, 16559.8582, 33835.542133333336, 4295, 17180, 34360]","[371.9872, 359.91706666666664, 376.42133333333334, 372.0, 360.0, 376.54]","[199.9808, 304.9364, 266.6344, 200.0, 305.0, 266.75]","[(16, 0.0007666666666666666, 0.003516666666666666), (16, 1.666666666666667e-05, 0.003933333333333333), (27, 0.0, 0.0077222222222222215), (0, 0, 0), (0, 0, 0), (0, 0, 0)]","[(4010, 67.09923333333333, 10.106483333333333), (16089, 51.89998333333334, 6.186066666666666), (32185, 58.2, 11.632277777777777), (4026, 67.1, 10.11), (16105, 51.900000000000006, 6.1899999999999995), (32212, 58.2, 11.639999999999999)]","[0, 0, 0, 0, 0, 0]","[0, 0, 0, 0, 0, 0]"
956,"[28.56788284934227, 22.463589237225374, 20.029793308919373, 0.0, 0.0, 0.0]","[10, 9, 12, 0, 0, 0]","[593.3305229615842, 654.5651045258699, 2161.8696304656287, 0, 0, 0]","[3435.6694770384156, 7447.43489547413, 13949.13036953437, 4029, 8102, 16111]","[4029, 8102, 16111, 4029, 8102, 16111]","[1151, 1820, 3227, 0, 0, 0]","[6.433599090858695, 1.2781431897555295, 1.733629996119519, 0.0, 0.0, 0.0]","[276.32308095238096, 219.58499999999998, 595.6752666666667, 0, 0, 0]","[1.2825333333333335, 0.056400000000000006, 0.04426666666666666, 0, 0, 0]","[1.2793333333333334, 0.04626666666666667, 0.04026666666666666, 0, 0, 0]","[4018.676919047619, 16960.415, 33764.324733333335, 4295, 17180, 34360]","[370.71746666666667, 359.9436, 376.49573333333336, 372.0, 360.0, 376.54]","[198.72066666666666, 304.95373333333333, 266.70973333333336, 200.0, 305.0, 266.75]","[(19, 0.0002666666666666667, 0.0473952380952381), (15, 0.00065, 0.003072222222222222), (24, 6.666666666666667e-05, 0.009505555555555555), (0, 0, 0), (0, 0, 0), (0, 0, 0)]","[(4007, 67.09973333333333, 10.062604761904762), (16090, 51.899350000000005, 6.186927777777777), (32188, 58.199933333333334, 11.630494444444443), (4026, 67.1, 10.11), (16105, 51.900000000000006, 6.1899999999999995), (32212, 58.2, 11.639999999999999)]","[0, 0, 0, 0, 0, 0]","[0, 0, 2, 0, 0, 0]"
957,"[23.57905187391412, 14.700074055788695, 24.039476134318168, 0.0, 0.0, 0.0]","[8, 7, 15, 0, 0, 0]","[656.9566104616459, 929.2829507499649, 1879.1234868839824, 0, 0, 0]","[3372.043389538354, 7172.717049250035, 14231.876513116018, 4029, 8102, 16111]","[4029, 8102, 16111, 4029, 8102, 16111]","[950, 1191, 3873, 0, 0, 0]","[4.569165363933699, 2.772739231664726, 5.306826736515328, 0.0, 0.0, 0.0]","[196.24565238095238, 476.35659999999996, 1823.4256666666665, 0, 0, 0]","[0.008933333333333333, 0.006533333333333333, 0.2489333333333333, 0, 0, 0]","[0.00013333333333333337, 0.006933333333333333, 0.0724, 0, 0, 0]","[4098.754347619048, 16703.6434, 32536.574333333334, 4295, 17180, 34360]","[371.99106666666665, 359.9934666666667, 376.29106666666667, 372.0, 360.0, 376.54]","[199.99986666666666, 304.99306666666666, 266.6776, 200.0, 305.0, 266.75]","[(14, 0.0, 0.0018345238095238098), (13, 0.0037333333333333333, 0.0035666666666666663), (33, 1.666666666666667e-05, 0.009338888888888888), (0, 0, 0), (0, 0, 0), (0, 0, 0)]","[(4012, 67.1, 10.108165476190475), (16092, 51.89626666666667, 6.186433333333333), (32179, 58.199983333333336, 11.63066111111111), (4026, 67.1, 10.11), (16105, 51.900000000000006, 6.1899999999999995), (32212, 58.2, 11.639999999999999)]","[0, 0, 0, 0, 0, 0]","[0, 0, 2, 0, 0, 0]"
958,"[27.674360883593945, 23.636139224882747, 17.3359816274595, 0.0, 0.0, 0.0]","[9, 9, 11, 0, 0, 0]","[739.0294002528562, 821.6353353574023, 927.4357014335175, 0, 0, 0]","[3289.9705997471438, 7280.364664642598, 15183.564298566482, 4029, 8102, 16111]","[4029, 8102, 16111, 4029, 8102, 16111]","[1115, 1915, 2793, 0, 0, 0]","[12.043068684516879, 3.5048960031043843, 4.908448971672487, 0.0, 0.0, 0.0]","[517.2497999999999, 602.1411333333333, 1686.5430666666666, 0, 0, 0]","[0.029333333333333333, 0.012666666666666666, 0.04733333333333333, 0, 0, 0]","[0.013333333333333332, 0.0364, 0.04173333333333334, 0, 0, 0]","[3777.7502, 16577.858866666666, 32673.456933333335, 4295, 17180, 34360]","[371.97066666666666, 359.9873333333333, 376.4926666666667, 372.0, 360.0, 376.54]","[199.98666666666668, 304.9636, 266.70826666666665, 200.0, 305.0, 266.75]","[(18, 0.0002, 0.002844444444444444), (17, 0.0011833333333333333, 0.004327777777777778), (25, 0.03996666666666667, 0.020022222222222226), (0, 0, 0), (0, 0, 0), (0, 0, 0)]","[(4008, 67.09979999999999, 10.107155555555554), (16088, 51.898816666666676, 6.185672222222221), (32187, 58.16003333333334, 11.619977777777777), (4026, 67.1, 10.11), (16105, 51.900000000000006, 6.1899999999999995), (32212, 58.2, 11.639999999999999)]","[0, 2, 0, 0, 0, 0]","[2, 2, 2, 0, 0, 0]"
959,"[38.3469843633656, 20.84670451740311, 11.526286388181987, 0.0, 0.0, 0.0]","[13, 8, 7, 0, 0, 0]","[641.4011189718469, 828.7574533352392, 1261.2772166888049, 0, 0, 0]","[3387.5988810281533, 7273.242546664761, 14849.722783311196, 4029, 8102, 16111]","[4029, 8102, 16111, 4029, 8102, 16111]","[1545, 1689, 1857, 0, 0, 0]","[9.06519552081601, 3.155219247186651, 5.861863795110595, 0.0, 0.0, 0.0]","[389.3501476190477, 542.0666666666666, 2014.1364000000003, 0, 0, 0]","[0.053466666666666676, 0.004533333333333334, 9.624000000000002, 0, 0, 0]","[0.03626666666666666, 0.012533333333333332, 0.06480000000000001, 0, 0, 0]","[3905.6498523809523, 16637.933333333334, 32345.8636, 4295, 17180, 34360]","[371.9465333333333, 359.9954666666667, 366.916, 372.0, 360.0, 376.54]","[199.96373333333332, 304.98746666666665, 266.6852, 200.0, 305.0, 266.75]","[(22, 0.0006000000000000001, 0.005211904761904761), (16, 0.0002833333333333334, 0.004252136752136752), (16, 0.004599999999999999, 0.007311111111111111), (0, 0, 0), (0, 0, 0), (0, 0, 0)]","[(4004, 67.09939999999999, 10.104788095238094), (16089, 51.89971666666667, 6.185747863247863), (32196, 58.1954, 11.632688888888888), (4026, 67.1, 10.11), (16105, 51.900000000000006, 6.1899999999999995), (32212, 58.2, 11.639999999999999)]","[0, 2, 0, 0, 0, 0]","[2, 2, 2, 0, 0, 0]"
960,"[33.358153387937456, 24.080473957047644, 14.027682949537585, 0.0, 0.0, 0.0]","[10, 11, 9, 0, 0, 0]","[641.3373693451433, 816.4708885740619, 986.444576292398, 0, 0, 0]","[3387.662630654857, 7285.529111425938, 15124.555423707601, 4029, 8102, 16111]","[4029, 8102, 16111, 4029, 8102, 16111]","[1344, 1951, 2260, 0, 0, 0]","[4.286332612672543, 5.63754947613504, 5.283303841676368, 0.0, 0.0, 0.0]","[184.09798571428573, 968.5309999999998, 1815.3432, 0, 0, 0]","[0.006533333333333334, 0.06213333333333333, 3.8698666666666663, 0, 0, 0]","[0.008933333333333333, 0.05933333333333333, 0.07413333333333333, 0, 0, 0]","[4110.902014285714, 16211.469000000001, 32544.6568, 4295, 17180, 34360]","[371.9934666666667, 359.93786666666665, 372.67013333333335, 372.0, 360.0, 376.54]","[199.99106666666665, 304.9406666666667, 266.67586666666665, 200.0, 305.0, 266.75]","[(16, 0.0002833333333333333, 0.007256746031746032), (21, 0.0018666666666666666, 0.06097222222222222), (20, 1.666666666666667e-05, 0.008633333333333331), (0, 0, 0), (0, 0, 0), (0, 0, 0)]","[(4010, 67.09971666666667, 10.102743253968253), (16084, 51.89813333333334, 6.129027777777777), (32192, 58.199983333333336, 11.631366666666665), (4026, 67.1, 10.11), (16105, 51.900000000000006, 6.1899999999999995), (32212, 58.2, 11.639999999999999)]","[0, 0, 0, 0, 0, 0]","[0, 0, 0, 0, 0, 0]"
961,"[34.4005956813105, 22.759812392001972, 15.858730060207312, 0.0, 0.0, 0.0]","[10, 10, 10, 0, 0, 0]","[944.4858738352929, 1455.6233277053836, 1681.5147452008607, 0, 0, 0]","[3084.5141261647072, 6646.376672294617, 14429.48525479914, 4029, 8102, 16111]","[4029, 8102, 16111, 4029, 8102, 16111]","[1386, 1844, 2555, 0, 0, 0]","[7.758430733410942, 4.151355064027939, 2.267935195964299, 0.0, 0.0, 0.0]","[333.2246, 713.2028, 779.2625333333332, 0, 0, 0]","[0.02093333333333333, 0.06653333333333333, 7.6954666666666665, 0, 0, 0]","[0.027866666666666665, 0.054133333333333325, 0.10573333333333333, 0, 0, 0]","[3961.7754, 16466.7972, 33580.737466666666, 4295, 17180, 34360]","[371.97906666666665, 359.9334666666667, 368.84453333333335, 372.0, 360.0, 376.54]","[199.97213333333335, 304.9458666666667, 266.6442666666667, 200.0, 305.0, 266.75]","[(17, 0.0003833333333333333, 0.005061111111111111), (20, 6.666666666666667e-05, 0.05859444444444445), (19, 0.00031666666666666665, 0.009622222222222223), (0, 0, 0), (0, 0, 0), (0, 0, 0)]","[(4009, 67.09961666666666, 10.104938888888888), (16085, 51.89993333333334, 6.131405555555555), (32193, 58.19968333333333, 11.630377777777776), (4026, 67.1, 10.11), (16105, 51.900000000000006, 6.1899999999999995), (32212, 58.2, 11.639999999999999)]","[0, 0, 0, 0, 0, 0]","[0, 0, 0, 0, 0, 0]"
962,"[30.479027053859518, 24.635892372253764, 16.138042331326425, 0.0, 0.0, 0.0]","[10, 11, 10, 0, 0, 0]","[895.0829170616103, 1652.097643457099, 1721.3575657399156, 0, 0, 0]","[3133.9170829383897, 6449.9023565429015, 14389.642434260084, 4029, 8102, 16111]","[4029, 8102, 16111, 4029, 8102, 16111]","[1228, 1996, 2600, 0, 0, 0]","[10.03501746216531, 5.05110283275126, 0.9722198292588281, 0.0, 0.0, 0.0]","[431.0040000000001, 867.7794666666665, 334.05473333333333, 0, 0, 0]","[0.014266666666666665, 0.056, 0.02733333333333333, 0, 0, 0]","[0.010933333333333335, 0.040400000000000005, 0.014266666666666667, 0, 0, 0]","[3863.996, 16312.220533333333, 34025.94526666667, 4295, 17180, 34360]","[371.9857333333333, 359.944, 376.5126666666667, 372.0, 360.0, 376.54]","[199.98906666666667, 304.9596, 266.7357333333333, 200.0, 305.0, 266.75]","[(19, 0.038849999999999996, 0.02068333333333333), (24, 5.000000000000001e-05, 0.05832222222222222), (21, 0.0, 0.0034111111111111104), (0, 0, 0), (0, 0, 0), (0, 0, 0)]","[(4007, 67.06115, 10.089316666666667), (16081, 51.899950000000004, 6.131677777777777), (32191, 58.2, 11.636588888888888), (4026, 67.1, 10.11), (16105, 51.900000000000006, 6.1899999999999995), (32212, 58.2, 11.639999999999999)]","[0, 0, 0, 0, 0, 0]","[0, 0, 0, 0, 0, 0]"
963,"[30.35492678083892, 28.44976549000247, 12.935261622493949, 0.0, 0.0, 0.0]","[10, 13, 8, 0, 0, 0]","[573.4344581329731, 869.2320921187144, 965.6334914772076, 0, 0, 0]","[3455.5655418670267, 7232.767907881285, 15145.366508522793, 4029, 8102, 16111]","[4029, 8102, 16111, 4029, 8102, 16111]","[1223, 2305, 2084, 0, 0, 0]","[10.54465036864571, 4.4326088474970895, 0.9539115250291037, 0.0, 0.0, 0.0]","[452.8927333333333, 761.5222, 327.764, 0, 0, 0]","[0.05333333333333334, 0.059599999999999986, 0.018399999999999996, 0, 0, 0]","[0.05253333333333333, 0.06213333333333333, 0.014799999999999999, 0, 0, 0]","[3842.107266666667, 16418.4778, 34032.236, 4295, 17180, 34360]","[371.94666666666666, 359.9404, 376.52160000000003, 372.0, 360.0, 376.54]","[199.94746666666666, 304.93786666666665, 266.7352, 200.0, 305.0, 266.75]","[(19, 0.0021166666666666664, 0.05983333333333333), (28, 0.038183333333333326, 0.07304444444444445), (17, 1.666666666666667e-05, 0.002683333333333333), (0, 0, 0), (0, 0, 0), (0, 0, 0)]","[(4007, 67.09788333333333, 10.050166666666666), (16077, 51.86181666666667, 6.116955555555555), (32195, 58.199983333333336, 11.637316666666665), (4026, 67.1, 10.11), (16105, 51.900000000000006, 6.1899999999999995), (32212, 58.2, 11.639999999999999)]","[0, 0, 0, 0, 0, 0]","[0, 0, 0, 0, 0, 0]"
964,"[20.501365103003227, 22.204393976795853, 17.174601204146235, 0.0, 0.0, 0.0]","[8, 11, 10, 0, 0, 0]","[333.326444743564, 935.5102667555806, 1356.3441571464018, 0, 0, 0]","[3695.673555256436, 7166.48973324442, 14754.655842853597, 4029, 8102, 16111]","[4029, 8102, 16111, 4029, 8102, 16111]","[826, 1799, 2767, 0, 0, 0]","[7.102325184322858, 1.783972060535506, 2.6646625921614278, 0.0, 0.0, 0.0]","[305.04486666666674, 306.48639999999995, 915.5780666666666, 0, 0, 0]","[0.0512, 0.045333333333333344, 1.168, 0, 0, 0]","[0.031199999999999995, 0.03133333333333333, 0.21653333333333336, 0, 0, 0]","[3989.9551333333334, 16873.5136, 33444.42193333333, 4295, 17180, 34360]","[371.9488, 359.95466666666664, 375.372, 372.0, 360.0, 376.54]","[199.9688, 304.96866666666665, 266.53346666666664, 200.0, 305.0, 266.75]","[(16, 0.0002833333333333333, 0.05778888888888889), (24, 8.333333333333334e-05, 0.004938888888888889), (21, 0.0, 0.004872222222222222), (0, 0, 0), (0, 0, 0), (0, 0, 0)]","[(4010, 67.09971666666667, 10.052211111111111), (16081, 51.89991666666667, 6.185061111111111), (32191, 58.2, 11.635127777777777), (4026, 67.1, 10.11), (16105, 51.900000000000006, 6.1899999999999995), (32212, 58.2, 11.639999999999999)]","[0, 0, 0, 0, 0, 0]","[0, 0, 0, 0, 0, 0]"
965,"[13.899230578307273, 24.253270797333993, 17.5904661411458, 0.0, 0.0, 0.0]","[5, 11, 10, 0, 0, 0]","[360.3927274140115, 1050.9252922585117, 1394.5453803568932, 0, 0, 0]","[3668.6072725859885, 7051.074707741488, 14716.454619643107, 4029, 8102, 16111]","[4029, 8102, 16111, 4029, 8102, 16111]","[560, 1965, 2834, 0, 0, 0]","[3.491135428793171, 4.1849200620876985, 9.654277454404346, 0.0, 0.0, 0.0]","[149.9442666666667, 718.9692666666666, 3317.209733333333, 0, 0, 0]","[0.04226666666666667, 0.6190666666666667, 2.4214666666666664, 0, 0, 0]","[0.03106666666666667, 0.13133333333333333, 0.5333333333333333, 0, 0, 0]","[4145.055733333334, 16461.030733333333, 31042.790266666667, 4295, 17180, 34360]","[371.95773333333335, 359.38093333333336, 374.11853333333335, 372.0, 360.0, 376.54]","[199.96893333333333, 304.8686666666667, 266.21666666666664, 200.0, 305.0, 266.75]","[(8, 3.3333333333333335e-05, 0.05533333333333333), (22, 3.333333333333334e-05, 0.005522222222222223), (19, 1.666666666666667e-05, 0.00676111111111111), (0, 0, 0), (0, 0, 0), (0, 0, 0)]","[(4018, 67.09996666666666, 10.054666666666666), (16083, 51.89996666666667, 6.1844777777777775), (32193, 58.199983333333336, 11.633238888888888), (4026, 67.1, 10.11), (16105, 51.900000000000006, 6.1899999999999995), (32212, 58.2, 11.639999999999999)]","[0, 0, 0, 0, 0, 0]","[0, 0, 0, 0, 0, 0]"
966,"[20.749565649044428, 18.34115033325105, 18.502886226801564, 0.0, 0.0, 0.0]","[7, 9, 10, 0, 0, 0]","[542.541857259362, 1011.6967810042261, 1364.098999043423, 0, 0, 0]","[3486.458142740638, 7090.303218995774, 14746.901000956577, 4029, 8102, 16111]","[4029, 8102, 16111, 4029, 8102, 16111]","[836, 1486, 2981, 0, 0, 0]","[9.279223903764068, 3.672232440822661, 8.998409390764456, 0.0, 0.0, 0.0]","[398.5426666666667, 630.8895333333332, 3091.853466666667, 0, 0, 0]","[0.0028, 0.6486666666666666, 1.2104000000000001, 0, 0, 0]","[0.019333333333333334, 0.16573333333333334, 0.4473333333333333, 0, 0, 0]","[3896.4573333333333, 16549.110466666665, 31268.146533333333, 4295, 17180, 34360]","[371.9972, 359.35133333333334, 375.3296, 372.0, 360.0, 376.54]","[199.98066666666668, 304.8342666666667, 266.30266666666665, 200.0, 305.0, 266.75]","[(14, 0.06176666666666666, 0.04182222222222222), (15, 0.009216666666666665, 0.010911111111111111), (19, 0.011550000000000001, 0.43518333333333337), (0, 0, 0), (0, 0, 0), (0, 0, 0)]","[(4012, 67.03823333333332, 10.068177777777777), (16090, 51.89078333333334, 6.179088888888888), (32193, 58.18845, 11.204816666666666), (4026, 67.1, 10.11), (16105, 51.900000000000006, 6.1899999999999995), (32212, 58.2, 11.639999999999999)]","[0, 0, 0, 0, 0, 0]","[0, 0, 0, 0, 0, 0]"
967,"[23.976172747580044, 16.99580350530733, 15.312519396685495, 0.0, 0.0, 0.0]","[8, 8, 9, 0, 0, 0]","[511.84280540184915, 631.4583523244864, 1326.6462165907672, 0, 0, 0]","[3517.157194598151, 7470.541647675514, 14784.353783409233, 4029, 8102, 16111]","[4029, 8102, 16111, 4029, 8102, 16111]","[966, 1377, 2467, 0, 0, 0]","[9.079847885137756, 4.111174621653086, 9.90820818781529, 0.0, 0.0, 0.0]","[389.97946666666667, 706.2998, 3404.460333333334, 0, 0, 0]","[0.011999999999999999, 0.5663999999999999, 0.8664000000000001, 0, 0, 0]","[0.003733333333333334, 0.1268, 0.3236, 0, 0, 0]","[3905.0205333333333, 16473.7002, 30955.539666666667, 4295, 17180, 34360]","[371.988, 359.4336, 375.6736, 372.0, 360.0, 376.54]","[199.99626666666666, 304.8732, 266.4264, 200.0, 305.0, 266.75]","[(14, 0.06905, 0.040688888888888886), (13, 0.0020666666666666663, 0.02843333333333333), (18, 1.666666666666667e-05, 0.23289444444444446), (0, 0, 0), (0, 0, 0), (0, 0, 0)]","[(4012, 67.03094999999999, 10.06931111111111), (16092, 51.89793333333334, 6.161566666666666), (32194, 58.199983333333336, 11.407105555555555), (4026, 67.1, 10.11), (16105, 51.900000000000006, 6.1899999999999995), (32212, 58.2, 11.639999999999999)]","[0, 0, 0, 0, 0, 0]","[0, 0, 0, 0, 0, 0]"
968,"[23.827252419955325, 12.922735127129103, 16.85804729687791, 0.0, 0.0, 0.0]","[8, 6, 10, 0, 0, 0]","[401.904198314393, 781.6422084409147, 1533.762523080277, 0, 0, 0]","[3627.095801685607, 7320.357791559085, 14577.237476919723, 4029, 8102, 16111]","[4029, 8102, 16111, 4029, 8102, 16111]","[960, 1047, 2716, 0, 0, 0]","[10.397168800931315, 2.480281334885526, 8.735325184322855, 0.0, 0.0, 0.0]","[446.55839999999995, 426.11233333333337, 3001.457733333333, 0, 0, 0]","[0.11440000000000002, 0.06893333333333333, 1.006133333333333, 0, 0, 0]","[0.19999999999999998, 0.0892, 0.32413333333333333, 0, 0, 0]","[3848.4416, 16753.887666666666, 31358.542266666667, 4295, 17180, 34360]","[371.8856, 359.93106666666665, 375.5338666666667, 372.0, 360.0, 376.54]","[199.8, 304.9108, 266.42586666666665, 200.0, 305.0, 266.75]","[(13, 0.03523333333333333, 0.0712111111111111), (11, 0.0012166666666666665, 0.14326666666666665), (23, 8.333333333333333e-05, 0.28909444444444443), (0, 0, 0), (0, 0, 0), (0, 0, 0)]","[(4013, 67.06476666666666, 10.038788888888888), (16094, 51.89878333333334, 6.046733333333333), (32189, 58.19991666666667, 11.350905555555554), (4026, 67.1, 10.11), (16105, 51.900000000000006, 6.1899999999999995), (32212, 58.2, 11.639999999999999)]","[0, 0, 0, 0, 0, 0]","[0, 0, 0, 0, 0, 0]"
969,"[18.88806155373542, 18.4645766477413, 14.077338464403203, 0.0, 0.0, 0.0]","[7, 8, 9, 0, 0, 0]","[439.3121290312829, 952.1321463762598, 1053.1710354452005, 0, 0, 0]","[3589.687870968717, 7149.86785362374, 15057.8289645548, 4029, 8102, 16111]","[4029, 8102, 16111, 4029, 8102, 16111]","[761, 1496, 2268, 0, 0, 0]","[10.560962359332558, 4.381764842840512, 2.2943843616608457, 0.0, 0.0, 0.0]","[453.59333333333336, 752.7871999999999, 788.3504666666666, 0, 0, 0]","[0.1168, 1.1276000000000002, 1.2350666666666665, 0, 0, 0]","[0.22333333333333336, 0.3544, 0.4086666666666667, 0, 0, 0]","[3841.4066666666668, 16427.2128, 33571.64953333334, 4295, 17180, 34360]","[371.8832, 358.8724, 375.30493333333334, 372.0, 360.0, 376.54]","[199.77666666666667, 304.6456, 266.34133333333335, 200.0, 305.0, 266.75]","[(14, 0.05071666666666666, 0.06516111111111111), (13, 1.666666666666667e-05, 0.1041813492063492), (20, 0.00016666666666666666, 0.3763388888888889), (0, 0, 0), (0, 0, 0), (0, 0, 0)]","[(4012, 67.04928333333332, 10.044838888888888), (16092, 51.89998333333334, 6.085818650793651), (32192, 58.19983333333334, 11.26366111111111), (4026, 67.1, 10.11), (16105, 51.900000000000006, 6.1899999999999995), (32212, 58.2, 11.639999999999999)]","[0, 0, 0, 0, 0, 0]","[0, 0, 0, 0, 0, 0]"
970,"[18.63986100769422, 17.156257714144655, 11.929737446465149, 0.0, 0.0, 0.0]","[7, 8, 8, 0, 0, 0]","[507.23045079737074, 856.3597681516255, 1039.9780439877127, 0, 0, 0]","[3521.769549202629, 7245.640231848374, 15071.021956012288, 4029, 8102, 16111]","[4029, 8102, 16111, 4029, 8102, 16111]","[751, 1390, 1922, 0, 0, 0]","[5.655807528133488, 4.65082615444315, 1.5829526581296085, 0.0, 0.0, 0.0]","[242.91693333333333, 799.0119333333332, 543.9025333333334, 0, 0, 0]","[0.24546666666666667, 0.07146666666666666, 0.038, 0, 0, 0]","[0.43773333333333336, 0.1084, 0.0212, 0, 0, 0]","[4052.0830666666666, 16380.988066666667, 33816.097466666666, 4295, 17180, 34360]","[371.7545333333333, 359.92853333333335, 376.502, 372.0, 360.0, 376.54]","[199.56226666666666, 304.8916, 266.7288, 200.0, 305.0, 266.75]","[(13, 0.007066666666666665, 0.059227777777777775), (17, 0.00016666666666666666, 0.051577777777777785), (19, 0.0, 0.002616666666666667), (0, 0, 0), (0, 0, 0), (0, 0, 0)]","[(4013, 67.09293333333333, 10.050772222222221), (16088, 51.89983333333334, 6.138422222222221), (32193, 58.2, 11.637383333333332), (4026, 67.1, 10.11), (16105, 51.900000000000006, 6.1899999999999995), (32212, 58.2, 11.639999999999999)]","[0, 0, 0, 0, 0, 0]","[0, 0, 0, 0, 0, 0]"
971,"[19.930503847108465, 18.069612441372502, 11.302836571286697, 0.0, 0.0, 0.0]","[7, 8, 7, 0, 0, 0]","[220.0886202528574, 590.0812492718475, 902.0951461133309, 0, 0, 0]","[3808.9113797471427, 7511.918750728152, 15208.90485388667, 4029, 8102, 16111]","[4029, 8102, 16111, 4029, 8102, 16111]","[803, 1464, 1821, 0, 0, 0]","[5.2580613116026385, 3.9530000000000003, 1.4814817617384557, 0.0, 0.0, 0.0]","[225.83373333333333, 679.1254, 509.0371333333334, 0, 0, 0]","[0.34613333333333335, 0.048, 0.0224, 0, 0, 0]","[0.6357333333333333, 0.05653333333333333, 0.02093333333333333, 0, 0, 0]","[4069.1662666666666, 16500.8746, 33850.96286666667, 4295, 17180, 34360]","[371.65386666666666, 359.952, 376.5176, 372.0, 360.0, 376.54]","[199.36426666666668, 304.94346666666667, 266.72906666666665, 200.0, 305.0, 266.75]","[(14, 0.007633333333333332, 0.0940222222222222), (17, 6.666666666666667e-05, 0.04736904761904762), (14, 0.0, 0.0009833333333333332), (0, 0, 0), (0, 0, 0), (0, 0, 0)]","[(4012, 67.09236666666666, 10.015977777777778), (16088, 51.89993333333334, 6.1426309523809515), (32198, 58.2, 11.639016666666665), (4026, 67.1, 10.11), (16105, 51.900000000000006, 6.1899999999999995), (32212, 58.2, 11.639999999999999)]","[0, 0, 0, 0, 0, 0]","[0, 0, 0, 0, 0, 0]"
972,"[11.26830479027054, 18.34115033325105, 12.022841536838184, 0.0, 0.0, 0.0]","[5, 8, 8, 0, 0, 0]","[334.2068795439549, 553.2202571311518, 1180.7063822477376, 0, 0, 0]","[3694.793120456045, 7548.779742868848, 14930.293617752262, 4029, 8102, 16111]","[4029, 8102, 16111, 4029, 8102, 16111]","[454, 1486, 1937, 0, 0, 0]","[2.78108963911525, 9.307262708575866, 1.4395188203337215, 0.0, 0.0, 0.0]","[119.44779999999999, 1598.9877333333336, 494.6186666666667, 0, 0, 0]","[0.23013333333333333, 1.1789333333333332, 1.0676, 0, 0, 0]","[0.41533333333333344, 1.2138666666666669, 0.3284000000000001, 0, 0, 0]","[4175.5522, 15581.012266666667, 33865.38133333333, 4295, 17180, 34360]","[371.76986666666664, 358.82106666666664, 375.4724, 372.0, 360.0, 376.54]","[199.58466666666666, 303.78613333333334, 266.4216, 200.0, 305.0, 266.75]","[(9, 3.3333333333333335e-05, 0.05478333333333333), (18, 0.0006666666666666666, 0.007033333333333332), (17, 0.00065, 0.007083333333333332), (0, 0, 0), (0, 0, 0), (0, 0, 0)]","[(4017, 67.09996666666666, 10.055216666666666), (16087, 51.89933333333334, 6.182966666666666), (32195, 58.19935, 11.632916666666665), (4026, 67.1, 10.11), (16105, 51.900000000000006, 6.1899999999999995), (32212, 58.2, 11.639999999999999)]","[0, 0, 0, 0, 0, 0]","[0, 0, 0, 0, 0, 0]"
973,"[15.711094564408043, 7.985682547519131, 16.12562845261002, 0.0, 0.0, 0.0]","[7, 4, 10, 0, 0, 0]","[278.2198539994652, 347.32255489566467, 1810.9095499066386, 0, 0, 0]","[3750.780146000535, 7754.677445104336, 14300.090450093361, 4029, 8102, 16111]","[4029, 8102, 16111, 4029, 8102, 16111]","[633, 647, 2598, 0, 0, 0]","[3.0313185875048507, 6.549013193636009, 2.908288513775709, 0.0, 0.0, 0.0]","[130.19513333333333, 1125.1204666666665, 999.2879333333335, 0, 0, 0]","[0.3330666666666666, 0.02146666666666667, 1.2173333333333334, 0, 0, 0]","[0.6123999999999999, 0.02306666666666667, 0.4577333333333333, 0, 0, 0]","[4164.804866666666, 16054.879533333333, 33360.71206666667, 4295, 17180, 34360]","[371.66693333333336, 359.97853333333336, 375.3226666666667, 372.0, 360.0, 376.54]","[199.3876, 304.9769333333333, 266.29226666666665, 200.0, 305.0, 266.75]","[(13, 0.0048833333333333315, 0.08583333333333333), (10, 0.0005666666666666667, 0.014322222222222222), (19, 0.012616666666666667, 0.43772777777777777), (0, 0, 0), (0, 0, 0), (0, 0, 0)]","[(4013, 67.09511666666666, 10.024166666666666), (16095, 51.89943333333334, 6.175677777777778), (32193, 58.18738333333334, 11.202272222222222), (4026, 67.1, 10.11), (16105, 51.900000000000006, 6.1899999999999995), (32212, 58.2, 11.639999999999999)]","[0, 0, 0, 0, 0, 0]","[0, 0, 0, 0, 0, 0]"
974,"[22.73517001737404, 10.577635151814366, 16.119421513251815, 0.0, 0.0, 0.0]","[9, 5, 10, 0, 0, 0]","[575.3988523344445, 412.76224791997225, 1663.7623605780789, 0, 0, 0]","[3453.6011476655553, 7689.237752080027, 14447.23763942192, 4029, 8102, 16111]","[4029, 8102, 16111, 4029, 8102, 16111]","[916, 857, 2597, 0, 0, 0]","[4.243832363213039, 1.7717764842840507, 2.8471274738067516, 0.0, 0.0, 0.0]","[182.27259999999998, 304.3911999999999, 978.2729999999998, 0, 0, 0]","[0.236, 0.020266666666666665, 0.8605333333333334, 0, 0, 0]","[0.43066666666666664, 0.0408, 0.31639999999999996, 0, 0, 0]","[4112.7274, 16875.6088, 33381.727, 4295, 17180, 34360]","[371.764, 359.97973333333334, 375.6794666666667, 372.0, 360.0, 376.54]","[199.56933333333333, 304.9592, 266.4336, 200.0, 305.0, 266.75]","[(17, 0.0487, 0.07237777777777778), (10, 0.00041666666666666664, 0.0028), (18, 0.0008166666666666666, 0.23342222222222228), (0, 0, 0), (0, 0, 0), (0, 0, 0)]","[(4009, 67.0513, 10.037622222222222), (16095, 51.89958333333334, 6.1872), (32194, 58.19918333333334, 11.406577777777777), (4026, 67.1, 10.11), (16105, 51.900000000000006, 6.1899999999999995), (32212, 58.2, 11.639999999999999)]","[0, 0, 0, 0, 0, 0]","[0, 0, 0, 0, 0, 0]"
975,"[26.40853809878382, 9.590224635892373, 16.03252436223698, 0.0, 0.0, 0.0]","[11, 4, 10, 0, 0, 0]","[539.7292398614485, 481.4247190849371, 1402.9283801466484, 0, 0, 0]","[3489.2707601385514, 7620.575280915063, 14708.071619853352, 4029, 8102, 16111]","[4029, 8102, 16111, 4029, 8102, 16111]","[1064, 777, 2583, 0, 0, 0]","[8.465404734187038, 1.3628443927046954, 2.428278230500582, 0.0, 0.0, 0.0]","[363.5891333333333, 234.13666666666666, 834.3563999999999, 0, 0, 0]","[0.1364, 0.002133333333333334, 1.0014666666666665, 0, 0, 0]","[0.2538666666666667, 0.008666666666666666, 0.38293333333333335, 0, 0, 0]","[3931.4108666666666, 16945.863333333335, 33525.6436, 4295, 17180, 34360]","[371.8636, 359.99786666666665, 375.53853333333336, 372.0, 360.0, 376.54]","[199.74613333333335, 304.99133333333333, 266.3670666666667, 200.0, 305.0, 266.75]","[(21, 0.0003333333333333334, 0.029733333333333334), (9, 0.00045000000000000004, 0.001827777777777778), (16, 0.0959, 0.3105222222222222), (0, 0, 0), (0, 0, 0), (0, 0, 0)]","[(4005, 67.09966666666666, 10.080266666666667), (16096, 51.899550000000005, 6.188172222222222), (32196, 58.1041, 11.329477777777777), (4026, 67.1, 10.11), (16105, 51.900000000000006, 6.1899999999999995), (32212, 58.2, 11.639999999999999)]","[0, 0, 0, 0, 0, 0]","[0, 0, 0, 0, 0, 0]"
976,"[25.26681558699429, 17.34139718588003, 12.500775867419774, 0.0, 0.0, 0.0]","[9, 7, 8, 0, 0, 0]","[574.2414316747656, 909.1024868675297, 498.49843470357973, 0, 0, 0]","[3454.7585683252346, 7192.8975131324705, 15612.501565296421, 4029, 8102, 16111]","[4029, 8102, 16111, 4029, 8102, 16111]","[1018, 1405, 2014, 0, 0, 0]","[6.216282499029879, 1.751675203725262, 1.4086179666278615, 0.0, 0.0, 0.0]","[266.9893333333333, 300.93780000000004, 484.00113333333326, 0, 0, 0]","[0.14386666666666667, 0.10520000000000002, 0.012, 0, 0, 0]","[0.24626666666666663, 0.21479999999999996, 0.04333333333333333, 0, 0, 0]","[4028.0106666666666, 16879.0622, 33875.99886666667, 4295, 17180, 34360]","[371.85613333333333, 359.8948, 376.528, 372.0, 360.0, 376.54]","[199.75373333333334, 304.7852, 266.70666666666665, 200.0, 305.0, 266.75]","[(20, 1.666666666666667e-05, 0.029194444444444443), (12, 0.004899999999999998, 0.03603333333333333), (12, 0.0006, 0.0052), (0, 0, 0), (0, 0, 0), (0, 0, 0)]","[(4006, 67.09998333333333, 10.080805555555555), (16093, 51.895100000000006, 6.153966666666666), (32200, 58.199400000000004, 11.634799999999998), (4026, 67.1, 10.11), (16105, 51.900000000000006, 6.1899999999999995), (32212, 58.2, 11.639999999999999)]","[0, 0, 0, 0, 0, 0]","[0, 0, 0, 0, 0, 0]"
977,"[21.494167287168032, 21.229326092322882, 4.977965365278381, 0.0, 0.0, 0.0]","[7, 9, 3, 0, 0, 0]","[317.20358558800467, 1095.6478537718322, 383.27651719849416, 0, 0, 0]","[3711.796414411995, 7006.352146228168, 15727.723482801506, 4029, 8102, 16111]","[4029, 8102, 16111, 4029, 8102, 16111]","[866, 1720, 802, 0, 0, 0]","[4.8104726426076825, 2.0532894838960027, 0.11557954986418316, 0.0, 0.0, 0.0]","[206.60979999999998, 352.7551333333333, 39.71313333333333, 0, 0, 0]","[0.03986666666666667, 0.11173333333333334, 0.0, 0, 0, 0]","[0.04426666666666666, 0.2136, 0.0, 0, 0, 0]","[4088.3902, 16827.244866666668, 34320.28686666667, 4295, 17180, 34360]","[371.9601333333333, 359.88826666666665, 376.54, 372.0, 360.0, 376.54]","[199.95573333333334, 304.7864, 266.75, 200.0, 305.0, 266.75]","[(16, 1.666666666666667e-05, 0.002694444444444444), (18, 8.333333333333334e-05, 0.03758888888888888), (4, 0.0, 3.3333333333333335e-05), (0, 0, 0), (0, 0, 0), (0, 0, 0)]","[(4010, 67.09998333333333, 10.107305555555556), (16087, 51.89991666666667, 6.15241111111111), (32208, 58.2, 11.639966666666666), (4026, 67.1, 10.11), (16105, 51.900000000000006, 6.1899999999999995), (32212, 58.2, 11.639999999999999)]","[0, 0, 0, 0, 0, 0]","[0, 0, 0, 0, 0, 0]"
978,"[26.28443782576322, 24.882745001234262, 4.841412699397927, 0.0, 0.0, 0.0]","[7, 11, 3, 0, 0, 0]","[485.2694256983432, 585.8823040744588, 350.48274063752797, 0, 0, 0]","[3543.730574301657, 7516.117695925541, 15760.517259362472, 4029, 8102, 16111]","[4029, 8102, 16111, 4029, 8102, 16111]","[1059, 2016, 780, 0, 0, 0]","[3.8125339542103216, 2.615685681024447, 0.09281994567326347, 0.0, 0.0, 0.0]","[163.7483333333333, 449.3748, 31.892933333333332, 0, 0, 0]","[0.015066666666666666, 0.10813333333333332, 0.0, 0, 0, 0]","[0.02693333333333333, 0.22293333333333337, 0.0, 0, 0, 0]","[4131.251666666667, 16730.6252, 34328.107066666664, 4295, 17180, 34360]","[371.98493333333334, 359.89186666666666, 376.54, 372.0, 360.0, 376.54]","[199.97306666666665, 304.77706666666666, 266.75, 200.0, 305.0, 266.75]","[(19, 6.666666666666667e-05, 0.0034277777777777774), (23, 0.00011666666666666667, 0.03242222222222222), (4, 0.0, 4.9999999999999996e-05), (0, 0, 0), (0, 0, 0), (0, 0, 0)]","[(4007, 67.09993333333333, 10.106572222222221), (16082, 51.89988333333334, 6.157577777777777), (32208, 58.2, 11.639949999999999), (4026, 67.1, 10.11), (16105, 51.900000000000006, 6.1899999999999995), (32212, 58.2, 11.639999999999999)]","[0, 0, 0, 0, 0, 0]","[0, 0, 0, 0, 0, 0]"
979,"[27.724000992802182, 16.21821772401876, 13.04077959158339, 0.0, 0.0, 0.0]","[7, 8, 8, 0, 0, 0]","[796.4509558874674, 844.6239209137321, 1333.1213003298662, 0, 0, 0]","[3232.5490441125326, 7257.376079086268, 14777.878699670135, 4029, 8102, 16111]","[4029, 8102, 16111, 4029, 8102, 16111]","[1117, 1314, 2101, 0, 0, 0]","[4.5734575087310825, 1.879718665114474, 0.6675560729530463, 0.0, 0.0, 0.0]","[196.43, 322.93566666666663, 229.3722666666667, 0, 0, 0]","[0.017599999999999998, 0.12693333333333331, 0.07400000000000001, 0, 0, 0]","[0.011066666666666667, 0.22346666666666665, 0.04426666666666666, 0, 0, 0]","[4098.57, 16857.064333333332, 34130.627733333335, 4295, 17180, 34360]","[371.9824, 359.87306666666666, 376.466, 372.0, 360.0, 376.54]","[199.98893333333334, 304.77653333333336, 266.70573333333334, 200.0, 305.0, 266.75]","[(16, 1.666666666666667e-05, 0.004388888888888889), (18, 0.00015000000000000001, 0.03160555555555555), (13, 0.026199999999999998, 0.012372222222222222), (0, 0, 0), (0, 0, 0), (0, 0, 0)]","[(4010, 67.09998333333333, 10.105611111111111), (16087, 51.89985000000001, 6.158394444444444), (32199, 58.1738, 11.627627777777777), (4026, 67.1, 10.11), (16105, 51.900000000000006, 6.1899999999999995), (32212, 58.2, 11.639999999999999)]","[0, 0, 0, 0, 0, 0]","[0, 0, 0, 0, 0, 0]"
980,"[30.37974683544304, 13.354727227844975, 18.782198497920675, 0.0, 0.0, 0.0]","[8, 7, 9, 0, 0, 0]","[368.3478486182559, 883.0704435992927, 2028.419995983958, 0, 0, 0]","[3660.6521513817443, 7218.929556400707, 14082.580004016043, 4029, 8102, 16111]","[4029, 8102, 16111, 4029, 8102, 16111]","[1224, 1082, 3026, 0, 0, 0]","[5.619169577027551, 1.922045401629802, 0.7139664338377959, 0.0, 0.0, 0.0]","[241.3433333333333, 330.2074, 245.31886666666668, 0, 0, 0]","[0.018266666666666667, 0.04546666666666667, 12.144933333333336, 0, 0, 0]","[0.014266666666666667, 0.025466666666666665, 12.08306666666667, 0, 0, 0]","[4053.6566666666668, 16849.7926, 34114.68113333333, 4295, 17180, 34360]","[371.98173333333335, 359.95453333333336, 364.3950666666667, 372.0, 360.0, 376.54]","[199.98573333333334, 304.97453333333334, 254.66693333333333, 200.0, 305.0, 266.75]","[(18, 0.0, 0.04678888888888889), (15, 1.666666666666667e-05, 0.005877777777777777), (15, 0.0003333333333333333, 0.0034999999999999996), (0, 0, 0), (0, 0, 0), (0, 0, 0)]","[(4008, 67.1, 10.06321111111111), (16090, 51.89998333333334, 6.184122222222221), (32197, 58.19966666666667, 11.636499999999998), (4026, 67.1, 10.11), (16105, 51.900000000000006, 6.1899999999999995), (32212, 58.2, 11.639999999999999)]","[0, 0, 2, 0, 0, 0]","[2, 0, 0, 0, 0, 0]"
981,"[17.622238768925293, 21.42680819550728, 18.782198497920675, 0.0, 0.0, 0.0]","[5, 11, 9, 0, 0, 0]","[689.792987725114, 1036.6757130854112, 1487.566017098311, 0, 0, 0]","[3339.207012274886, 7065.324286914589, 14623.43398290169, 4029, 8102, 16111]","[4029, 8102, 16111, 4029, 8102, 16111]","[710, 1736, 3026, 0, 0, 0]","[3.064900271633682, 4.067369421808304, 0.7200698486612339, 0.0, 0.0, 0.0]","[131.63746666666665, 698.7740666666666, 247.41599999999997, 0, 0, 0]","[0.0092, 1.2146666666666666, 0.0716, 0, 0, 0]","[0.004533333333333334, 1.1933333333333334, 0.042666666666666665, 0, 0, 0]","[4163.362533333333, 16481.225933333335, 34112.584, 4295, 17180, 34360]","[371.9908, 358.7853333333333, 376.46840000000003, 372.0, 360.0, 376.54]","[199.99546666666666, 303.8066666666667, 266.70733333333334, 200.0, 305.0, 266.75]","[(10, 0.0, 0.002555555555555555), (22, 0.05694999999999999, 0.0630111111111111), (15, 1.666666666666667e-05, 0.0034055555555555553), (0, 0, 0), (0, 0, 0), (0, 0, 0)]","[(4016, 67.1, 10.107444444444443), (16083, 51.843050000000005, 6.126988888888889), (32197, 58.199983333333336, 11.636594444444443), (4026, 67.1, 10.11), (16105, 51.900000000000006, 6.1899999999999995), (32212, 58.2, 11.639999999999999)]","[0, 0, 2, 0, 0, 0]","[2, 0, 0, 0, 0, 0]"
982,"[24.84487465872425, 15.008639842014318, 23.59257650052759, 0.0, 0.0, 0.0]","[7, 8, 9, 0, 0, 0]","[554.5827055262714, 904.914298260381, 1357.8145487847723, 0, 0, 0]","[3474.4172944737284, 7197.085701739619, 14753.185451215228, 4029, 8102, 16111]","[4029, 8102, 16111, 4029, 8102, 16111]","[1001, 1216, 3801, 0, 0, 0]","[4.937636010865347, 2.2454912689173456, 0.5704105549088085, 0.0, 0.0, 0.0]","[212.07146666666668, 385.7754, 195.99306666666664, 0, 0, 0]","[0.017599999999999998, 0.06613333333333334, 0.08613333333333333, 0, 0, 0]","[0.005333333333333333, 0.04733333333333333, 0.07546666666666667, 0, 0, 0]","[4082.9285333333332, 16794.2246, 34164.00693333333, 4295, 17180, 34360]","[371.9824, 359.9338666666667, 376.45386666666667, 372.0, 360.0, 376.54]","[199.99466666666666, 304.9526666666667, 266.67453333333333, 200.0, 305.0, 266.75]","[(14, 0.0, 0.003427777777777778), (15, 0.03351666666666667, 0.006955555555555555), (14, 0.0, 0.00596111111111111), (0, 0, 0), (0, 0, 0), (0, 0, 0)]","[(4012, 67.1, 10.106572222222221), (16090, 51.86648333333334, 6.183044444444444), (32198, 58.2, 11.634038888888888), (4026, 67.1, 10.11), (16105, 51.900000000000006, 6.1899999999999995), (32212, 58.2, 11.639999999999999)]","[0, 0, 4, 0, 0, 0]","[4, 0, 0, 0, 0, 0]"
983,"[22.53660958054108, 17.711676129350778, 19.582893675128794, 0.0, 0.0, 0.0]","[6, 9, 7, 0, 0, 0]","[511.67726704058987, 776.8589989343457, 995.5430451396155, 0, 0, 0]","[3517.32273295941, 7325.141001065655, 15115.456954860385, 4029, 8102, 16111]","[4029, 8102, 16111, 4029, 8102, 16111]","[908, 1435, 3155, 0, 0, 0]","[3.7983329452852157, 2.6687314707023666, 0.49411874272409784, 0.0, 0.0, 0.0]","[163.1384, 458.48806666666655, 169.7792, 0, 0, 0]","[0.009999999999999998, 0.0772, 0.03293333333333333, 0, 0, 0]","[0.00026666666666666673, 0.04013333333333333, 0.03013333333333333, 0, 0, 0]","[4131.8616, 16721.511933333335, 34190.2208, 4295, 17180, 34360]","[371.99, 359.9228, 376.5070666666667, 372.0, 360.0, 376.54]","[199.99973333333332, 304.95986666666664, 266.7198666666667, 200.0, 305.0, 266.75]","[(12, 0.0, 0.002255555555555555), (17, 0.04946666666666666, 0.009333333333333334), (10, 0.0, 0.00485), (0, 0, 0), (0, 0, 0), (0, 0, 0)]","[(4014, 67.1, 10.107744444444444), (16088, 51.85053333333334, 6.180666666666666), (32202, 58.2, 11.63515), (4026, 67.1, 10.11), (16105, 51.900000000000006, 6.1899999999999995), (32212, 58.2, 11.639999999999999)]","[0, 0, 4, 0, 0, 0]","[4, 0, 0, 0, 0, 0]"
984,"[17.795979151154132, 15.687484571710689, 10.868350816212526, 0.0, 0.0, 0.0]","[5, 8, 7, 0, 0, 0]","[360.84372505136344, 894.1443412837352, 1039.1623820417267, 0, 0, 0]","[3668.1562749486366, 7207.855658716265, 15071.837617958274, 4029, 8102, 16111]","[4029, 8102, 16111, 4029, 8102, 16111]","[717, 1271, 1751, 0, 0, 0]","[1.371199068684517, 3.0885941016686065, 0.4028218859138534, 0.0, 0.0, 0.0]","[58.893, 530.6204666666666, 138.4096, 0, 0, 0]","[0.0092, 0.056, 0.021733333333333334, 0, 0, 0]","[0.0, 0.041466666666666666, 0.0016000000000000003, 0, 0, 0]","[4236.107, 16649.379533333333, 34221.5904, 4295, 17180, 34360]","[371.9908, 359.944, 376.5182666666667, 372.0, 360.0, 376.54]","[200.0, 304.9585333333333, 266.7484, 200.0, 305.0, 266.75]","[(10, 0.0, 0.001961111111111111), (14, 0.043783333333333334, 0.01997777777777778), (11, 0.0, 0.004061111111111111), (0, 0, 0), (0, 0, 0), (0, 0, 0)]","[(4016, 67.1, 10.108038888888888), (16091, 51.856216666666676, 6.170022222222221), (32201, 58.2, 11.635938888888887), (4026, 67.1, 10.11), (16105, 51.900000000000006, 6.1899999999999995), (32212, 58.2, 11.639999999999999)]","[0, 0, 0, 0, 0, 0]","[0, 0, 0, 0, 0, 0]"
985,"[14.718292380243236, 17.452480868921256, 9.080752281050215, 0.0, 0.0, 0.0]","[4, 9, 6, 0, 0, 0]","[349.67850901178946, 751.7604481800583, 1271.0116390762403, 0, 0, 0]","[3679.3214909882104, 7350.239551819942, 14839.98836092376, 4029, 8102, 16111]","[4029, 8102, 16111, 4029, 8102, 16111]","[593, 1414, 1463, 0, 0, 0]","[2.4932184710904153, 2.4408560341482346, 0.37332363213038416, 0.0, 0.0, 0.0]","[107.08373333333334, 419.33906666666667, 128.274, 0, 0, 0]","[0.0006666666666666666, 1.2037333333333333, 0.0204, 0, 0, 0]","[0.0014666666666666667, 1.1886666666666668, 0.0009333333333333334, 0, 0, 0]","[4187.916266666667, 16760.660933333333, 34231.726, 4295, 17180, 34360]","[371.9993333333333, 358.79626666666667, 376.5196, 372.0, 360.0, 376.54]","[199.99853333333334, 303.8113333333333, 266.7490666666667, 200.0, 305.0, 266.75]","[(7, 0.0, 0.0023666666666666662), (13, 0.0, 0.004394444444444445), (10, 0.0, 0.004477777777777777), (0, 0, 0), (0, 0, 0), (0, 0, 0)]","[(4019, 67.1, 10.107633333333332), (16092, 51.900000000000006, 6.185605555555555), (32202, 58.2, 11.635522222222221), (4026, 67.1, 10.11), (16105, 51.900000000000006, 6.1899999999999995), (32212, 58.2, 11.639999999999999)]","[0, 0, 0, 0, 0, 0]","[0, 0, 0, 0, 0, 0]"
986,"[14.197071233556713, 10.873858306590964, 14.37527155359692, 0.0, 0.0, 0.0]","[5, 6, 10, 0, 0, 0]","[243.62927920046377, 556.8847995987079, 1539.6496275375268, 0, 0, 0]","[3785.3707207995362, 7545.115200401292, 14571.350372462473, 4029, 8102, 16111]","[4029, 8102, 16111, 4029, 8102, 16111]","[572, 881, 2316, 0, 0, 0]","[2.7022475746992627, 0.853454792394257, 0.7476653084982539, 0.0, 0.0, 0.0]","[116.06153333333334, 146.62353333333334, 256.8978, 0, 0, 0]","[0.0, 0.035866666666666665, 0.0676, 0, 0, 0]","[0.0013333333333333333, 0.020666666666666667, 0.018399999999999996, 0, 0, 0]","[4178.9384666666665, 17033.37646666667, 34103.1022, 4295, 17180, 34360]","[372.0, 359.96413333333334, 376.4724, 372.0, 360.0, 376.54]","[199.99866666666668, 304.97933333333333, 266.7316, 200.0, 305.0, 266.75]","[(9, 0.0, 0.002594444444444444), (10, 0.03966666666666667, 0.016788888888888888), (19, 0.026199999999999998, 0.014722222222222222), (0, 0, 0), (0, 0, 0), (0, 0, 0)]","[(4017, 67.1, 10.107405555555555), (16095, 51.86033333333334, 6.173211111111111), (32193, 58.1738, 11.625277777777777), (4026, 67.1, 10.11), (16105, 51.900000000000006, 6.1899999999999995), (32212, 58.2, 11.639999999999999)]","[0, 0, 0, 0, 0, 0]","[0, 0, 0, 0, 0, 0]"
987,"[13.675850086870192, 11.355220933102936, 12.326981565390106, 0.0, 0.0, 0.0]","[4, 7, 9, 0, 0, 0]","[426.5567983600246, 573.0874249218239, 1368.8841527144712, 0, 0, 0]","[3602.4432016399755, 7528.912575078176, 14742.11584728553, 4029, 8102, 16111]","[4029, 8102, 16111, 4029, 8102, 16111]","[551, 920, 1986, 0, 0, 0]","[2.299431897555297, 1.3602929763290645, 0.47720488940628636, 0.0, 0.0, 0.0]","[98.76060000000001, 233.6983333333333, 163.9676, 0, 0, 0]","[0.006533333333333333, 0.021333333333333333, 0.03306666666666666, 0, 0, 0]","[0.007866666666666666, 0.023333333333333334, 0.012666666666666663, 0, 0, 0]","[4196.2394, 16946.301666666666, 34196.0324, 4295, 17180, 34360]","[371.9934666666667, 359.97866666666664, 376.50693333333334, 372.0, 360.0, 376.54]","[199.99213333333333, 304.9766666666667, 266.7373333333333, 200.0, 305.0, 266.75]","[(7, 0.0, 0.0013611111111111111), (12, 0.0, 0.0027611111111111113), (20, 0.0002833333333333333, 0.004233333333333333), (0, 0, 0), (0, 0, 0), (0, 0, 0)]","[(4019, 67.1, 10.108638888888889), (16093, 51.900000000000006, 6.1872388888888885), (32192, 58.19971666666667, 11.635766666666665), (4026, 67.1, 10.11), (16105, 51.900000000000006, 6.1899999999999995), (32212, 58.2, 11.639999999999999)]","[0, 0, 0, 0, 0, 0]","[0, 0, 0, 0, 0, 0]"
988,"[15.36361379995036, 8.022710441866206, 14.41872012910434, 0.0, 0.0, 0.0]","[5, 5, 10, 0, 0, 0]","[462.48483155952647, 263.28009414181327, 1257.9021516143443, 0, 0, 0]","[3566.5151684404736, 7838.719905858186, 14853.097848385656, 4029, 8102, 16111]","[4029, 8102, 16111, 4029, 8102, 16111]","[619, 650, 2323, 0, 0, 0]","[2.455469150174622, 0.6995987582460224, 0.39175630578191695, 0.0, 0.0, 0.0]","[105.4624, 120.19106666666664, 134.60746666666665, 0, 0, 0]","[0.008533333333333334, 0.0009333333333333334, 0.0584, 0, 0, 0]","[0.009600000000000001, 0.0084, 0.029199999999999997, 0, 0, 0]","[4189.5376, 17059.808933333334, 34225.39253333333, 4295, 17180, 34360]","[371.99146666666667, 359.9990666666667, 376.4816, 372.0, 360.0, 376.54]","[199.9904, 304.9916, 266.7208, 200.0, 305.0, 266.75]","[(9, 0.0, 0.0013555555555555554), (9, 0.0, 0.025766666666666667), (23, 0.0, 0.003094444444444444), (0, 0, 0), (0, 0, 0), (0, 0, 0)]","[(4017, 67.1, 10.108644444444444), (16096, 51.900000000000006, 6.164233333333333), (32189, 58.2, 11.636905555555554), (4026, 67.1, 10.11), (16105, 51.900000000000006, 6.1899999999999995), (32212, 58.2, 11.639999999999999)]","[0, 0, 0, 0, 0, 0]","[0, 0, 0, 0, 0, 0]"
989,"[20.203524447753786, 4.727227844976549, 13.36354043820992, 0.0, 0.0, 0.0]","[6, 3, 9, 0, 0, 0]","[394.48628860811766, 113.08899743057933, 908.4458301006114, 0, 0, 0]","[3634.513711391882, 7988.911002569421, 15202.55416989939, 4029, 8102, 16111]","[4029, 8102, 16111, 4029, 8102, 16111]","[814, 383, 2153, 0, 0, 0]","[8.528263872720217, 0.4933558401241754, 0.5888463329452852, 0.0, 0.0, 0.0]","[366.2889333333333, 84.75853333333333, 202.3276, 0, 0, 0]","[0.5814666666666667, 0.0009333333333333333, 0.02253333333333333, 0, 0, 0]","[0.10906666666666667, 0.008, 0.01733333333333333, 0, 0, 0]","[3928.7110666666667, 17095.241466666666, 34157.6724, 4295, 17180, 34360]","[371.41853333333336, 359.9990666666667, 376.5174666666667, 372.0, 360.0, 376.54]","[199.89093333333332, 304.992, 266.73266666666666, 200.0, 305.0, 266.75]","[(10, 0.0, 0.00255), (7, 0.0, 0.0012), (20, 0.0004166666666666667, 0.00335), (0, 0, 0), (0, 0, 0), (0, 0, 0)]","[(4016, 67.1, 10.10745), (16098, 51.900000000000006, 6.1888), (32192, 58.19958333333334, 11.63665), (4026, 67.1, 10.11), (16105, 51.900000000000006, 6.1899999999999995), (32212, 58.2, 11.639999999999999)]","[0, 0, 0, 0, 0, 0]","[0, 0, 0, 0, 0, 0]"
990,"[13.899230578307273, 8.516415699827203, 10.731798150332072, 0.0, 0.0, 0.0]","[4, 4, 6, 0, 0, 0]","[350.81830052425624, 434.1191820459079, 1216.5409621451963, 0, 0, 0]","[3678.1816994757437, 7667.880817954092, 14894.459037854804, 4029, 8102, 16111]","[4029, 8102, 16111, 4029, 8102, 16111]","[560, 690, 1729, 0, 0, 0]","[10.420602250679083, 0.4676682188591385, 0.6895587892898718, 0.0, 0.0, 0.0]","[447.56486666666666, 80.3454, 236.93239999999997, 0, 0, 0]","[0.5983999999999999, 0.010533333333333332, 0.009333333333333334, 0, 0, 0]","[0.11093333333333334, 0.0004000000000000001, 0.00013333333333333337, 0, 0, 0]","[3847.4351333333334, 17099.6546, 34123.0676, 4295, 17180, 34360]","[371.4016, 359.98946666666666, 376.53066666666666, 372.0, 360.0, 376.54]","[199.88906666666668, 304.9996, 266.74986666666666, 200.0, 305.0, 266.75]","[(7, 0.0020666666666666663, 0.018555555555555554), (6, 0.0, 0.003333333333333333), (12, 5e-05, 0.002088888888888889), (0, 0, 0), (0, 0, 0), (0, 0, 0)]","[(4019, 67.09793333333333, 10.091444444444443), (16099, 51.900000000000006, 6.1866666666666665), (32200, 58.19995, 11.63791111111111), (4026, 67.1, 10.11), (16105, 51.900000000000006, 6.1899999999999995), (32212, 58.2, 11.639999999999999)]","[0, 0, 0, 0, 0, 0]","[0, 0, 0, 0, 0, 0]"
991,"[22.73517001737404, 7.726487287089608, 10.613866302526224, 0.0, 0.0, 0.0]","[6, 4, 6, 0, 0, 0]","[320.98427893601627, 464.7984999250234, 1480.3492117903093, 0, 0, 0]","[3708.0157210639836, 7637.201500074976, 14630.65078820969, 4029, 8102, 16111]","[4029, 8102, 16111, 4029, 8102, 16111]","[916, 626, 1710, 0, 0, 0]","[19.81180752813349, 0.39773147070236703, 0.7479241365929375, 0.0, 0.0, 0.0]","[850.9171333333334, 68.33026666666666, 256.98673333333335, 0, 0, 0]","[0.5479999999999999, 0.010533333333333334, 0.010133333333333333, 0, 0, 0]","[0.11946666666666667, 0.0012, 0.0054666666666666665, 0, 0, 0]","[3444.0828666666666, 17111.669733333332, 34103.01326666667, 4295, 17180, 34360]","[371.452, 359.98946666666666, 376.5298666666667, 372.0, 360.0, 376.54]","[199.88053333333335, 304.9988, 266.7445333333333, 200.0, 305.0, 266.75]","[(11, 0.0037833333333333334, 0.0917388888888889), (7, 0.0, 0.0023722222222222226), (10, 0.0004166666666666667, 0.0020888888888888893), (0, 0, 0), (0, 0, 0), (0, 0, 0)]","[(4015, 67.09621666666666, 10.01826111111111), (16098, 51.900000000000006, 6.187627777777777), (32202, 58.19958333333334, 11.63791111111111), (4026, 67.1, 10.11), (16105, 51.900000000000006, 6.1899999999999995), (32212, 58.2, 11.639999999999999)]","[0, 0, 0, 0, 0, 0]","[0, 0, 0, 0, 0, 0]"
992,"[17.895259369570613, 13.280671439150826, 10.613866302526224, 0.0, 0.0, 0.0]","[5, 6, 6, 0, 0, 0]","[356.1892344782185, 569.6642730280565, 145.3135991018001, 0, 0, 0]","[3672.8107655217814, 7532.335726971944, 15965.6864008982, 4029, 8102, 16111]","[4029, 8102, 16111, 4029, 8102, 16111]","[721, 1076, 1710, 0, 0, 0]","[13.098002328288702, 0.5787982149786572, 0.6656542491268918, 0.0, 0.0, 0.0]","[562.5591999999998, 99.43753333333332, 228.71880000000002, 0, 0, 0]","[0.009733333333333333, 0.016399999999999998, 0.049866666666666656, 0, 0, 0]","[0.013466666666666667, 0.006933333333333333, 0.041466666666666666, 0, 0, 0]","[3732.4408000000003, 17080.562466666666, 34131.2812, 4295, 17180, 34360]","[371.9902666666667, 359.9836, 376.49013333333335, 372.0, 360.0, 376.54]","[199.98653333333334, 304.99306666666666, 266.7085333333333, 200.0, 305.0, 266.75]","[(10, 0.0004166666666666667, 0.02027222222222222), (12, 0.0, 0.003011111111111111), (10, 0.0, 0.002033333333333333), (0, 0, 0), (0, 0, 0), (0, 0, 0)]","[(4016, 67.09958333333333, 10.089727777777778), (16093, 51.900000000000006, 6.186988888888888), (32202, 58.2, 11.637966666666665), (4026, 67.1, 10.11), (16105, 51.900000000000006, 6.1899999999999995), (32212, 58.2, 11.639999999999999)]","[0, 0, 0, 0, 0, 0]","[0, 0, 0, 0, 0, 0]"
993,"[13.849590469099033, 12.466057763515181, 3.1903668301160697, 0.0, 0.0, 0.0]","[5, 6, 2, 0, 0, 0]","[111.28506314414221, 487.25681183192273, 183.16372102630714, 0, 0, 0]","[3917.7149368558576, 7614.743188168077, 15927.836278973693, 4029, 8102, 16111]","[4029, 8102, 16111, 4029, 8102, 16111]","[558, 1010, 514, 0, 0, 0]","[11.23236786961583, 0.5480221187427241, 0.46996507566938306, 0.0, 0.0, 0.0]","[482.43019999999996, 94.1502, 161.48000000000002, 0, 0, 0]","[0.011733333333333333, 1.1569333333333331, 0.0008, 0, 0, 0]","[0.014666666666666666, 1.1565333333333334, 0.005333333333333333, 0, 0, 0]","[3812.5698, 17085.8498, 34198.52, 4295, 17180, 34360]","[371.9882666666667, 358.8430666666667, 376.5392, 372.0, 360.0, 376.54]","[199.98533333333333, 303.84346666666664, 266.74466666666666, 200.0, 305.0, 266.75]","[(9, 0.0002833333333333334, 0.017044444444444442), (11, 0.0, 0.002011111111111111), (4, 0.00046666666666666666, 0.00155), (0, 0, 0), (0, 0, 0), (0, 0, 0)]","[(4017, 67.09971666666667, 10.092955555555555), (16094, 51.900000000000006, 6.1879888888888885), (32208, 58.199533333333335, 11.638449999999999), (4026, 67.1, 10.11), (16105, 51.900000000000006, 6.1899999999999995), (32212, 58.2, 11.639999999999999)]","[0, 0, 0, 0, 0, 0]","[0, 0, 0, 0, 0, 0]"
994,"[11.36758500868702, 15.897309306344113, 6.237974054993483, 0.0, 0.0, 0.0]","[5, 6, 4, 0, 0, 0]","[400.6734882090856, 880.6264289174236, 733.6649468932326, 0, 0, 0]","[3628.3265117909145, 7221.373571082577, 15377.335053106768, 4029, 8102, 16111]","[4029, 8102, 16111, 4029, 8102, 16111]","[458, 1288, 1005, 0, 0, 0]","[4.722006984866123, 0.9490737291424136, 0.37929996119518816, 0.0, 0.0, 0.0]","[202.8102, 163.05086666666665, 130.32746666666665, 0, 0, 0]","[0.08053333333333333, 0.04426666666666667, 0.0, 0, 0, 0]","[0.06213333333333333, 0.021333333333333333, 0.0009333333333333333, 0, 0, 0]","[4092.1898, 17016.94913333333, 34229.67253333333, 4295, 17180, 34360]","[371.91946666666666, 359.95573333333334, 376.54, 372.0, 360.0, 376.54]","[199.93786666666668, 304.97866666666664, 266.7490666666667, 200.0, 305.0, 266.75]","[(8, 0.05811666666666666, 0.07114999999999999), (13, 0.0, 0.004488888888888889), (8, 0.0, 0.0015777777777777778), (0, 0, 0), (0, 0, 0), (0, 0, 0)]","[(4018, 67.04188333333333, 10.03885), (16092, 51.900000000000006, 6.1855111111111105), (32204, 58.2, 11.638422222222221), (4026, 67.1, 10.11), (16105, 51.900000000000006, 6.1899999999999995), (32212, 58.2, 11.639999999999999)]","[0, 0, 0, 0, 0, 0]","[0, 0, 0, 0, 0, 0]"
995,"[20.60064532141971, 13.428783016539125, 7.814536651976909, 0.0, 0.0, 0.0]","[8, 5, 5, 0, 0, 0]","[521.6547688434208, 632.1646241896144, 697.2507556288758, 0, 0, 0]","[3507.3452311565793, 7469.835375810386, 15413.749244371123, 4029, 8102, 16111]","[4029, 8102, 16111, 4029, 8102, 16111]","[830, 1088, 1259, 0, 0, 0]","[5.458469538222739, 0.8041230112533952, 0.6521736515327902, 0.0, 0.0, 0.0]","[234.44126666666665, 138.1483333333333, 224.08686666666668, 0, 0, 0]","[0.146, 0.037066666666666664, 0.0, 0, 0, 0]","[0.12519999999999998, 0.013866666666666668, 0.00013333333333333337, 0, 0, 0]","[4060.5587333333333, 17041.851666666666, 34135.913133333335, 4295, 17180, 34360]","[371.854, 359.96293333333335, 376.54, 372.0, 360.0, 376.54]","[199.8748, 304.9861333333333, 266.74986666666666, 200.0, 305.0, 266.75]","[(12, 0.03351666666666667, 0.059250000000000004), (11, 0.0, 0.003033333333333333), (9, 0.0, 0.005272222222222223), (0, 0, 0), (0, 0, 0), (0, 0, 0)]","[(4014, 67.06648333333332, 10.050749999999999), (16094, 51.900000000000006, 6.186966666666666), (32203, 58.2, 11.634727777777776), (4026, 67.1, 10.11), (16105, 51.900000000000006, 6.1899999999999995), (32212, 58.2, 11.639999999999999)]","[0, 0, 0, 0, 0, 0]","[0, 0, 0, 0, 0, 0]"
996,"[20.724745594440307, 14.922241421871144, 7.771088076469493, 0.0, 0.0, 0.0]","[8, 5, 5, 0, 0, 0]","[454.1402888054309, 599.4450515891468, 1085.416542363345, 0, 0, 0]","[3574.859711194569, 7502.554948410853, 15025.583457636654, 4029, 8102, 16111]","[4029, 8102, 16111, 4029, 8102, 16111]","[835, 1209, 1252, 0, 0, 0]","[5.227543655413272, 0.42138261544431505, 1.0131713232440824, 0.0, 0.0, 0.0]","[224.52300000000002, 72.39353333333332, 348.1256666666667, 0, 0, 0]","[0.1352, 0.03706666666666667, 0.009466666666666667, 0, 0, 0]","[0.1112, 0.014133333333333333, 0.0005333333333333335, 0, 0, 0]","[4070.477, 17107.606466666668, 34011.87433333333, 4295, 17180, 34360]","[371.8648, 359.96293333333335, 376.5305333333334, 372.0, 360.0, 376.54]","[199.8888, 304.98586666666665, 266.74946666666665, 200.0, 305.0, 266.75]","[(11, 0.04953333333333333, 0.05922222222222221), (10, 0.0, 0.0039499999999999995), (9, 0.0, 0.006155555555555556), (0, 0, 0), (0, 0, 0), (0, 0, 0)]","[(4015, 67.05046666666667, 10.050777777777776), (16095, 51.900000000000006, 6.18605), (32203, 58.2, 11.633844444444444), (4026, 67.1, 10.11), (16105, 51.900000000000006, 6.1899999999999995), (32212, 58.2, 11.639999999999999)]","[0, 0, 0, 0, 0, 0]","[0, 0, 0, 0, 0, 0]"
997,"[18.763961280714817, 14.823500370278945, 10.880764694928931, 0.0, 0.0, 0.0]","[7, 5, 7, 0, 0, 0]","[259.32772727889517, 500.4371992851022, 986.4151081462461, 0, 0, 0]","[3769.672272721105, 7601.562800714898, 15124.584891853754, 4029, 8102, 16111]","[4029, 8102, 16111, 4029, 8102, 16111]","[756, 1201, 1753, 0, 0, 0]","[2.5908544819557626, 1.0253775708187813, 0.7457596041909197, 0.0, 0.0, 0.0]","[111.27720000000001, 176.15986666666663, 256.243, 0, 0, 0]","[0.09386666666666667, 0.03666666666666667, 0.030266666666666664, 0, 0, 0]","[0.08146666666666666, 0.0004000000000000001, 0.012399999999999996, 0, 0, 0]","[4183.7228, 17003.840133333335, 34103.757, 4295, 17180, 34360]","[371.90613333333334, 359.9633333333333, 376.5097333333334, 372.0, 360.0, 376.54]","[199.91853333333333, 304.9996, 266.7376, 200.0, 305.0, 266.75]","[(10, 0.09505, 0.01978333333333333), (12, 0.0, 0.00503888888888889), (13, 0.0, 0.006772222222222221), (0, 0, 0), (0, 0, 0), (0, 0, 0)]","[(4016, 67.00495, 10.090216666666667), (16093, 51.900000000000006, 6.184961111111111), (32199, 58.2, 11.633227777777776), (4026, 67.1, 10.11), (16105, 51.900000000000006, 6.1899999999999995), (32212, 58.2, 11.639999999999999)]","[0, 0, 0, 0, 0, 0]","[0, 0, 0, 0, 0, 0]"
998,"[20.129064283941425, 15.749197728955814, 10.160759729377444, 0.0, 0.0, 0.0]","[7, 6, 7, 0, 0, 0]","[529.8333806434442, 878.6237411038579, 1256.472367619502, 0, 0, 0]","[3499.1666193565557, 7223.376258896142, 14854.527632380497, 4029, 8102, 16111]","[4029, 8102, 16111, 4029, 8102, 16111]","[811, 1276, 1637, 0, 0, 0]","[4.789077221575474, 0.7486802483507955, 0.7320277454404347, 0.0, 0.0, 0.0]","[205.69086666666664, 128.62326666666667, 251.52473333333336, 0, 0, 0]","[0.08626666666666667, 0.026666666666666665, 0.03, 0, 0, 0]","[0.10346666666666667, 0.0061333333333333335, 0.01213333333333333, 0, 0, 0]","[4089.309133333333, 17051.376733333334, 34108.47526666667, 4295, 17180, 34360]","[371.9137333333333, 359.97333333333336, 376.51000000000005, 372.0, 360.0, 376.54]","[199.89653333333334, 304.9938666666667, 266.73786666666666, 200.0, 305.0, 266.75]","[(10, 0.04998333333333333, 0.02561880341880342), (14, 0.0, 0.0032111111111111108), (11, 0.0, 0.006466666666666667), (0, 0, 0), (0, 0, 0), (0, 0, 0)]","[(4016, 67.05001666666666, 10.084381196581196), (16091, 51.900000000000006, 6.186788888888889), (32201, 58.2, 11.633533333333332), (4026, 67.1, 10.11), (16105, 51.900000000000006, 6.1899999999999995), (32212, 58.2, 11.639999999999999)]","[0, 0, 0, 0, 0, 0]","[0, 0, 0, 0, 0, 0]"
999,"[19.607843137254903, 20.79733399160701, 8.584197132394017, 0.0, 0.0, 0.0]","[6, 8, 6, 0, 0, 0]","[600.1238621081956, 1169.3660160878785, 637.3597555528056, 0, 0, 0]","[3428.8761378918043, 6932.633983912121, 15473.640244447195, 4029, 8102, 16111]","[4029, 8102, 16111, 4029, 8102, 16111]","[790, 1685, 1383, 0, 0, 0]","[6.945682576639505, 4.063875048506015, 0.4372823050058207, 0.0, 0.0, 0.0]","[298.31706666666673, 698.1737333333333, 150.2502, 0, 0, 0]","[0.010666666666666666, 0.037733333333333334, 0.03, 0, 0, 0]","[0.006533333333333333, 0.06559999999999999, 0.01213333333333333, 0, 0, 0]","[3996.6829333333335, 16481.826266666667, 34209.7498, 4295, 17180, 34360]","[371.9893333333333, 359.96226666666666, 376.51000000000005, 372.0, 360.0, 376.54]","[199.99346666666668, 304.9344, 266.73786666666666, 200.0, 305.0, 266.75]","[(9, 0.008966666666666666, 0.03629444444444445), (20, 0.0, 0.003972222222222222), (10, 0.0, 0.002777777777777778), (0, 0, 0), (0, 0, 0), (0, 0, 0)]","[(4017, 67.09103333333333, 10.073705555555556), (16085, 51.900000000000006, 6.1860277777777775), (32202, 58.2, 11.63722222222222), (4026, 67.1, 10.11), (16105, 51.900000000000006, 6.1899999999999995), (32212, 58.2, 11.639999999999999)]","[0, 0, 0, 0, 0, 0]","[0, 0, 0, 0, 0, 0]"
1000,"[22.685529908165798, 16.230560355467784, 8.11246974117063, 0.0, 0.0, 0.0]","[7, 6, 5, 0, 0, 0]","[284.0455554777218, 569.2132438281528, 848.4554767918576, 0, 0, 0]","[3744.954444522278, 7532.786756171847, 15262.544523208142, 4029, 8102, 16111]","[4029, 8102, 16111, 4029, 8102, 16111]","[914, 1315, 1307, 0, 0, 0]","[5.197510283275126, 3.509484284051222, 0.20039386883973614, 0.0, 0.0, 0.0]","[223.23306666666667, 602.9294, 68.85533333333333, 0, 0, 0]","[0.0196, 0.030933333333333334, 0.009466666666666667, 0, 0, 0]","[0.038799999999999994, 0.03573333333333334, 0.0, 0, 0, 0]","[4071.7669333333333, 16577.0706, 34291.14466666667, 4295, 17180, 34360]","[371.9804, 359.96906666666666, 376.5305333333334, 372.0, 360.0, 376.54]","[199.9612, 304.9642666666667, 266.75, 200.0, 305.0, 266.75]","[(11, 0.0, 0.008105555555555555), (17, 0.03996666666666667, 0.01694444444444445), (7, 0.0, 0.0011444444444444445), (0, 0, 0), (0, 0, 0), (0, 0, 0)]","[(4015, 67.1, 10.101894444444444), (16088, 51.86003333333334, 6.173055555555555), (32205, 58.2, 11.638855555555555), (4026, 67.1, 10.11), (16105, 51.900000000000006, 6.1899999999999995), (32212, 58.2, 11.639999999999999)]","[0, 0, 0, 0, 0, 0]","[0, 0, 0, 0, 0, 0]"
1001,"[12.112186646810622, 16.44038509010121, 10.644900999317237, 0.0, 0.0, 0.0]","[4, 7, 7, 0, 0, 0]","[338.2023734150682, 876.8972839505343, 888.6348930773112, 0, 0, 0]","[3690.797626584932, 7225.102716049466, 15222.365106922689, 4029, 8102, 16111]","[4029, 8102, 16111, 4029, 8102, 16111]","[488, 1332, 1715, 0, 0, 0]","[2.365547535894451, 7.6486441598758255, 4.191294722545596, 0.0, 0.0, 0.0]","[101.60026666666666, 1314.0370666666668, 1440.1288666666667, 0, 0, 0]","[0.002133333333333334, 0.0328, 0.5748, 0, 0, 0]","[0.004666666666666666, 0.06319999999999999, 0.10293333333333334, 0, 0, 0]","[4193.399733333334, 15865.962933333332, 32919.871133333334, 4295, 17180, 34360]","[371.99786666666665, 359.9672, 375.96520000000004, 372.0, 360.0, 376.54]","[199.99533333333332, 304.9368, 266.64706666666666, 200.0, 305.0, 266.75]","[(9, 0.0, 0.0016611111111111115), (16, 0.005866666666666666, 0.009355555555555554), (12, 0.00015, 0.0015777777777777778), (0, 0, 0), (0, 0, 0), (0, 0, 0)]","[(4017, 67.1, 10.108338888888888), (16089, 51.894133333333336, 6.180644444444444), (32200, 58.199850000000005, 11.638422222222221), (4026, 67.1, 10.11), (16105, 51.900000000000006, 6.1899999999999995), (32212, 58.2, 11.639999999999999)]","[0, 0, 0, 0, 0, 0]","[0, 0, 0, 0, 0, 0]"
